198 ! id1id2 k12 kT12 a12 a21 aT12 aT21 alpha typeSource
 20001	0.0042	0	0	0	0	0	0.3	VLE
 30001	0.0145	0	0	0	0	0	0.3	VLE
 30002	-0.0014	0	0	0	0	0	0.3	VLE
 50001	0.0229	0	0	0	0	0	0.3	VLE
 80003	0.0079	0	0	0	0	0	0.3	VLE
110001	0.0457	0	0	0	0	0	0.3	VLE
170001	0.0533	0	0	0	0	0	0.3	VLE
170002	0.0135	0	0	0	0	0	0.3	VLE
560001	0.0686	0	0	0	0	0	0.3	VLE
770001	0.0956	0	0	0	0	0	0.3	VLE
1370011	0.0012	0	0	0	0	0	0.3	VLE
1380137	0.0001	0	0	0	0	0	0.3	VLE
5010017	0.0132	0	0	0	0	0	0.3	VLE
5010137	0.0132	0	0	0	0	0	0.3	VLE
5020501	0.0014	0	0	0	0	0	0.3	VLE
9050001	0.0173	0	0	0	0	0	0.3	VLE
9050002	0.0459	0	0	0	0	0	0.3	VLE
9050007	0.1084	0	0	0	0	0	0.3	VLE
9050056	0.1755	0	0	0	0	0	0.3	VLE
9090001	0.0982	0	0	0	0	0	0.3	VLE
9090002	0.1020	0	0	0	0	0	0.3	VLE
9090003	0.1138	0	0	0	0	0	0.3	VLE
9090005	0.1212	0	0	0	0	0	0.3	VLE
9090056	0.1297	0	0	0	0	0	0.3	VLE
9090104	0.1264	0	0	0	0	0	0.3	VLE
9090201	0.0587	0	0	0	0	0	0.3	VLE
9090502	0.1080	0	0	0	0	0	0.3	VLE
9090901	0.0988	0	0	0	0	0	0.3	VLE
9090905	0.0395	0	0	0	0	0	0.3	VLE
9090908	0.0202	0	0	0	0	0	0.3	VLE
9140001	0.0143	0	0	0	0	0	0.3	VLE
9590201	0.0163	0	0	0	0	0	0.3	VLE
10510007	0.0589	0	0	0	0	0	0.3	VLE
10510011	0.0661	0	0	0	0	0	0.3	VLE
10510137	0.0689	0	0	0	0	0	0.3	VLE
10510501	0.0200	0	0	0	0	0	0.3	VLE
10520011	0.0475	0	0	0	0	0	0.3	VLE
10520501	0.0071	0	0	0	0	0	0.3	VLE
10710501	0.0008	0	0	0	0	0	0.3	VLE
11010002	0.0204	0	0	0	0	0	0.3	VLE
11010003	0.0387	0	0	0	0	0	0.3	VLE
11010011	0.0452	0	0	0	0	0	0.3	VLE
11010501	0.0199	0	0	0	0	0	0.3	VLE
11010908	0.0327	0	0	0	0	0	0.3	VLE
11010909	0.0447	0	0	0	0	0	0.3	VLE
11011051	-0.0088	0	0	0	0	0	0.3	VLE
11020017	0.0300	0	0	0	0	0	0.3	VLE
11020501	0.0119	0	0	0	0	0	0.3	VLE
11020909	0.0505	0	0	0	0	0	0.3	VLE
11021051	-0.0114	0	0	0	0	0	0.3	VLE
11021052	-0.0249	0	0	0	0	0	0.3	VLE
11021101	0.0074	0	0	0	0	0	0.3	VLE
11030002	0.0162	0	0	0	0	0	0.3	VLE
11030011	0.0183	0	0	0	0	0	0.3	VLE
11030501	0.0057	0	0	0	0	0	0.3	VLE
11031101	0.0075	0	0	0	0	0	0.3	VLE
11040041	0.0488	0	0	0	0	0	0.3	VLE
11051101	0.0124	0	0	0	0	0	0.3	VLE
11060909	0.0907	0	0	0	0	0	0.3	VLE
11070137	0.0324	0	0	0	0	0	0.3	VLE
11081105	-0.0017	0	0	0	0	0	0.3	VLE
11090909	0.0851	0	0	0	0	0	0.3	VLE
11231101	0.0200	0	0	0	0	0	0.3	VLE
11231102	0.0133	0	0	0	0	0	0.3	VLE
12521102	-0.0233	0	0	0	0	0	0.3	VLE
13011101	0.0350	0	0	0	0	0	0.3	VLE
13021102	0.0215	0	0	0	0	0	0.3	VLE
13130502	0.0155	0	0	0	0	0	0.3	VLE
13130909	-0.0071	0	0	0	0	0	0.3	VLE
13131101	-0.0157	0	0	0	0	0	0.3	VLE
13131102	-0.0182	0	0	0	0	0	0.3	VLE
13151101	-0.0152	0	0	0	0	0	0.3	VLE
14010909	0.0098	0	0	0	0	0	0.3	VLE
14010910	-0.1077	0	0	0	0	0	0.3	VLE
14021051	0.0257	0	0	0	0	0	0.3	VLE
14021102	0.0198	0	0	0	0	0	0.3	VLE
14031101	0.0051	0	0	0	0	0	0.3	VLE
14031104	0.0123	0	0	0	0	0	0.3	VLE
14041102	-0.0064	0	0	0	0	0	0.3	VLE
14050017	0.0104	0	0	0	0	0	0.3	VLE
14050502	0.0019	0	0	0	0	0	0.3	VLE
14051101	0.0204	0	0	0	0	0	0.3	VLE
14051102	0.0159	0	0	0	0	0	0.3	VLE
14051108	0.0156	0	0	0	0	0	0.3	VLE
14211101	-0.0215	0	0	0	0	0	0.3	VLE
14211313	0.0034	0	0	0	0	0	0.3	VLE
14270017	0.0081	0	0	0	0	0	0.3	VLE
15011421	0.0112	0	0	0	0	0	0.3	VLE
15110007	0.0342	0	0	0	0	0	0.3	VLE
15110201	-0.0045	0	0	0	0	0	0.3	VLE
15111501	0.0206	0	0	0	0	0	0.3	VLE
15210011	0.0179	0	0	0	0	0	0.3	VLE
15210017	0.0174	0	0	0	0	0	0.3	VLE
15210501	-0.0046	0	0	0	0	0	0.3	VLE
15211051	-0.0005	0	0	0	0	0	0.3	VLE
15211102	0.0301	0	0	0	0	0	0.3	VLE
15211103	0.0227	0	0	0	0	0	0.3	VLE
15211104	0.0385	0	0	0	0	0	0.3	VLE
15211105	0.0147	0	0	0	0	0	0.3	VLE
15211252	0.0383	0	0	0	0	0	0.3	VLE
15211302	-0.0025	0	0	0	0	0	0.3	VLE
15211312	0.0006	0	0	0	0	0	0.3	VLE
15211313	-0.0304	0	0	0	0	0	0.3	VLE
15211403	-0.0275	0	0	0	0	0	0.3	VLE
15211446	-0.0137	0	0	0	0	0	0.3	VLE
15211448	-0.0217	0	0	0	0	0	0.3	VLE
15211479	-0.0018	0	0	0	0	0	0.3	VLE
15211501	0.0092	0	0	0	0	0	0.3	VLE
15230502	0.0132	0	0	0	0	0	0.3	VLE
15231501	0.0299	0	0	0	0	0	0.3	VLE
15231521	0.0095	0	0	0	0	0	0.3	VLE
15291053	-0.0347	0	0	0	0	0	0.3	VLE
15291079	-0.0476	0	0	0	0	0	0.3	VLE
15291303	-0.0235	0	0	0	0	0	0.3	VLE
15291313	-0.0230	0	0	0	0	0	0.3	VLE
15411103	0.0186	0	0	0	0	0	0.3	VLE
15411104	0.0428	0	0	0	0	0	0.3	VLE
15411105	0.0142	0	0	0	0	0	0.3	VLE
15411107	0.0296	0	0	0	0	0	0.3	VLE
15411313	0.0009	0	0	0	0	0	0.3	VLE
15710017	0.0115	0	0	0	0	0	0.3	VLE
15710137	0.0152	0	0	0	0	0	0.3	VLE
16040202	0.0198	0	0	0	0	0	0.3	VLE
16040905	0.0537	0	0	0	0	0	0.3	VLE
16040909	0.0138	0	0	0	0	0	0.3	VLE
16041401	-0.0060	0	0	0	0	0	0.3	VLE
16041601	0.0289	0	0	0	0	0	0.3	VLE
16140003	0.1256	0	0	0	0	0	0.3	VLE
16140909	0.0097	0	0	0	0	0	0.3	VLE
16140910	-0.0070	0	0	0	0	0	0.3	VLE
16141401	0.0066	0	0	0	0	0	0.3	VLE
16150002	0.1134	0	0	0	0	0	0.3	VLE
16151604	0.0166	0	0	0	0	0	0.3	VLE
16161604	0.0668	0	0	0	0	0	0.3	VLE
16161615	0.0561	0	0	0	0	0	0.3	VLE
16191401	-0.0027	0	0	0	0	0	0.3	VLE
16201401	-0.0359	0	0	0	0	0	0.3	VLE
16460003	0.0873	0	0	0	0	0	0.3	VLE
16461401	-0.0132	0	0	0	0	0	0.3	VLE
17061421	0.0237	0	0	0	0	0	0.3	VLE
17100501	-0.0055	0	0	0	0	0	0.3	VLE
17101313	0.0070	0	0	0	0	0	0.3	VLE
17101571	-0.0079	0	0	0	0	0	0.3	VLE
17101706	-0.0009	0	0	0	0	0	0.3	VLE
17480706	0.0044	0	0	0	0	0	0.3	VLE
17601105	0.0485	0	0	0	0	0	0.3	VLE
17720413	0.0446	0	0	0	0	0	0.3	VLE
17721421	0.0204	0	0	0	0	0	0.3	VLE
17721521	0.0349	0	0	0	0	0	0.3	VLE
18211101	0.0184	0	0	0	0	0	0.3	VLE
18451821	0.0108	0	0	0	0	0	0.3	VLE
18761315	0.0168	0	0	0	0	0	0.3	VLE
18761479	0.0183	0	0	0	0	0	0.3	VLE
19110905	0.2645	0	0	0	0	0	0.3	VLE
19111772	0.0074	0	0	0	0	0	0.3	VLE
19210002	0.2476	0	0	0	0	0	0.3	VLE
19210005	0.1956	0	0	0	0	0	0.3	VLE
19210501	0.0406	0	0	0	0	0	0.3	VLE
19210905	0.2947	0	0	0	0	0	0.3	VLE
19210909	0.0699	0	0	0	0	0	0.3	VLE
19211051	-0.0147	0	0	0	0	0	0.3	VLE
19211101	0.0102	0	0	0	0	0	0.3	VLE
19211102	0.0283	0	0	0	0	0	0.3	VLE
19211104	0.0406	0	0	0	0	0	0.3	VLE
19211109	0.0876	0	0	0	0	0	0.3	VLE
19211167	0.0515	0	0	0	0	0	0.3	VLE
19211181	0.0375	0	0	0	0	0	0.3	VLE
19211302	0.0435	0	0	0	0	0	0.3	VLE
19211401	0.0209	0	0	0	0	0	0.3	VLE
19211741	-0.0182	0	0	0	0	0	0.3	VLE
19211772	0.0343	0	0	0	0	0	0.3	VLE
19211911	-0.1279	0	0	0	0	0	0.3	VLE
19220001	0.0807	0	0	0	0	0	0.3	VLE
19220909	0.0705	0	0	0	0	0	0.3	VLE
19380909	0.1278	0	0	0	0	0	0.3	VLE
19381051	0.0554	0	0	0	0	0	0.3	VLE
19381511	0.0282	0	0	0	0	0	0.3	VLE
19381604	0.0593	0	0	0	0	0	0.3	VLE
19381615	0.1578	0	0	0	0	0	0.3	VLE
20820909	0.1185	0	0	0	0	0	0.3	VLE
20860002	0.0177	0	0	0	0	0	0.3	VLE
23910909	0.0140	0	0	0	0	0	0.3	VLE
23911392	0.0175	0	0	0	0	0	0.3	VLE
23911471	0.0147	0	0	0	0	0	0.3	VLE
24141102	-0.0036	0	0	0	0	0	0.3	VLE
26300909	0.0408	0	0	0	0	0	0.3	VLE
26300910	0.0325	0	0	0	0	0	0.3	VLE
26401101	0.0299	0	0	0	0	0	0.3	VLE
26500909	0.0238	0	0	0	0	0	0.3	VLE
26501604	0.0054	0	0	0	0	0	0.3	VLE
26501614	0.0048	0	0	0	0	0	0.3	VLE
26501617	-0.0040	0	0	0	0	0	0.3	VLE
26501640	-0.0049	0	0	0	0	0	0.3	VLE
26501646	-0.0009	0	0	0	0	0	0.3	VLE
26932650	0.0566	0	0	0	0	0	0.3	VLE
28601541	0.0204	0	0	0	0	0	0.3	VLE
28621921	0.0485	0	0	0	0	0	0.3	VLE
36061622	0.0653	0	0	0	0	0	0.3	VLE
36081619	0.0013	0	0	0	0	0	0.3	VLE
38541921	0.0227	0	0	0	0	0	0.3	VLE
19211521	0.1500	0	0	0	0	0	0.3	LLE  !crude initial, needs basicity of water
