604 ! id1id2 k12 kT12 a12 a21 aT12 aT21 alpha typeSource
10510007	0.0497	0	0	0	0	0	0.3	LLE
16250027	0.0010	0	0	0	0	0	0.3	LLE
17601125	0.0318	0	0	0	0	0	0.3	LLE
10510027	0.0483	0	0	0	0	0	0.3	LLE
17601120	0.0295	0	0	0	0	0	0.3	LLE
10710160	0.0377	0	0	0	0	0	0.3	LLE
16230056	0.0738	0	0	0	0	0	0.3	LLE
10710011	0.0338	0	0	0	0	0	0.3	LLE
17920138	0.0321	0	0	0	0	0	0.3	LLE
12910011	0.0595	0	0	0	0	0	0.3	LLE
17920025	0.0340	0	0	0	0	0	0.3	LLE
18760011	0.0545	0	0	0	0	0	0.3	LLE
17920017	0.0280	0	0	0	0	0	0.3	LLE
17920024	0.0325	0	0	0	0	0	0.3	LLE
17720137	0.0752	0	0	0	0	0	0.3	LLE
17920019	0.0285	0	0	0	0	0	0.3	LLE
11810017	0.0003	0	0	0	0	0	0.3	LLE
17920021	0.0293	0	0	0	0	0	0.3	LLE
11810027	-0.001	0	0	0	0	0	0.3	LLE
11800017	0.0122	0	0	0	0	0	0.3	LLE
23910068	0.0508	0	0	0	0	0	0.3	LLE
23910066	0.0495	0	0	0	0	0	0.3	LLE
28511090	0.0217	0	0	0	0	0	0.3	LLE
18760027	0.0489	0	0	0	0	0	0.3	LLE
17900067	0.0189	0	0	0	0	0	0.3	LLE
18760138	0.0527	0	0	0	0	0	0.3	LLE
23910064	0.0477	0	0	0	0	0	0.3	LLE
17720064	0.0764	0	0	0	0	0	0.3	LLE
18860011	0.0246	0	0	0	0	0	0.3	LLE
16230027	0.0668	0	0	0	0	0	0.3	LLE
17920137	0.0320	0	0	0	0	0	0.3	LLE
23910056	0.0459	0	0	0	0	0	0.3	LLE
10710138	0.0346	0	0	0	0	0	0.3	LLE
11020090	0.0156	0	0	0	0	0	0.3	LLE
18860017	0.0242	0	0	0	0	0	0.3	LLE
10710137	0.0379	0	0	0	0	0	0.3	LLE
17920020	0.0260	0	0	0	0	0	0.3	LLE
11020068	0.0224	0	0	0	0	0	0.3	LLE
11010137	0.0324	0	0	0	0	0	0.3	LLE
11010007	0.0172	0	0	0	0	0	0.3	LLE
11800027	0.0099	0	0	0	0	0	0.3	LLE
11010017	0.0267	0	0	0	0	0	0.3	LLE
11010041	0.0230	0	0	0	0	0	0.3	LLE
11010011	0.0229	0	0	0	0	0	0.3	LLE
11020066	0.0188	0	0	0	0	0	0.3	LLE
11020064	0.0151	0	0	0	0	0	0.3	LLE
11010027	0.0287	0	0	0	0	0	0.3	LLE
11010046	0.0314	0	0	0	0	0	0.3	LLE
11010138	0.0294	0	0	0	0	0	0.3	LLE
19211479	0.0068	0	0	0	0	0	0.3	LLE
19210056	0.1367	0	0	0	0	0	0.3	LLE
19211706	0.0028	0	0	0	0	0	0.3	LLE
19211316	0.0223	0	0	0	0	0	0.3	LLE
19211054	0.0155	0	0	0	0	0	0.3	LLE
19211315	0.0271	0	0	0	0	0	0.3	LLE
19211314	0.0133	0	0	0	0	0	0.3	LLE
19211313	-0.0016	0	0	0	0	0	0.3	LLE
19211523	0.0653	0	0	0	0	0	0.3	LLE
19211405	0.0012	0	0	0	0	0	0.3	LLE
19211521	0.0775	0	0	0	0	0	0.3	LLE
19211511	0.0651	0	0	0	0	0	0.3	LLE
19211542	0.1437	0	0	0	0	0	0.3	LLE
19210011	0.1512	0	0	0	0	0	0.3	LLE
19210017	0.1516	0	0	0	0	0	0.3	LLE
19211707	0.0426	0	0	0	0	0	0.3	LLE
19211402	-0.0086	0	0	0	0	0	0.3	LLE
19210502	0.0967	0	0	0	0	0	0.3	LLE
19210007	0.1571	0	0	0	0	0	0.3	LLE
19211136	0.0955	0	0	0	0	0	0.3	LLE
19210027	0.1499	0	0	0	0	0	0.3	LLE
19211125	0.0922	0	0	0	0	0	0.3	LLE
19211571	0.1071	0	0	0	0	0	0.3	LLE
19211501	0.1353	0	0	0	0	0	0.3	LLE
19211052	-0.0068	0	0	0	0	0	0.3	LLE
19210501	0.1020	0	0	0	0	0	0.3	LLE
19210504	0.1104	0	0	0	0	0	0.3	LLE
19211107	0.0459	0	0	0	0	0	0.3	LLE
19211312	0.0001	0	0	0	0	0	0.3	LLE
19211760	0.0291	0	0	0	0	0	0.3	LLE
19211182	0.0779	0	0	0	0	0	0.3	LLE
19211140	0.0680	0	0	0	0	0	0.3	LLE
19211132	0.0961	0	0	0	0	0	0.3	LLE
19211183	0.0699	0	0	0	0	0	0.3	LLE
27081921	0.0747	0	0	0	0	0	0.3	LLE
19211114	0.0841	0	0	0	0	0	0.3	LLE
19210137	0.1469	0	0	0	0	0	0.3	LLE
19211181	0.0672	0	0	0	0	0	0.3	LLE
19211109	0.0730	0	0	0	0	0	0.3	LLE
19211106	0.0585	0	0	0	0	0	0.3	LLE
19211111	0.0508	0	0	0	0	0	0.3	LLE
19211105	0.0575	0	0	0	0	0	0.3	LLE
19211123	0.0691	0	0	0	0	0	0.3	LLE
19211889	0.0658	0	0	0	0	0	0.3	LLE
19211792	0.0620	0	0	0	0	0	0.3	LLE
19211260	0.0144	0	0	0	0	0	0.3	LLE
19211710	0.0300	0	0	0	0	0	0.3	LLE
 6020002	0.01	0	0	0	0	0	0.3
 9020001	-0.105	0	0	0	0	0	0.3
 9020011	-0.302	0	0	0	0	0	0.3
 9050902	-0.0222	0	0	0	0	0	0.3
 9080001	0.0138	0	0	0	0	0	0.3
 9080902	-0.0073	0	0	0	0	0	0.3
 9080905	0.0072	0	0	0	0	0	0.3
 9090902	-0.1002	0	0	0	0	0	0.3
11010001	0.0797	0	0	0	0	0	0.3
11010004	0.0463	0	0	0	0	0	0.3
11010005	0.0483	0	0	0	0	0	0.3
11010006	0.0473	0	0	0	0	0	0.3
11010007	0.0289	0	0	0	0	0	0.3
11010017	0.0442	0	0	0	0	0	0.3
11010027	0.0434	0	0	0	0	0	0.3
11010046	0.0382	0	0	0	0	0	0.3
11010056	0.004	0	0	0	0	0	0.3
11010064	0.0553	0	0	0	0	0	0.3
11010137	0.0455	0	0	0	0	0	0.3
11010138	0.0411	0	0	0	0	0	0.3
11010201	-0.0023	0	0	0	0	0	0.3
11010202	0.0197	0	0	0	0	0	0.3
11010502	0.0222	0	0	0	0	0	0.3
11010902	-0.085	0	0	0	0	0	0.3
11010905	0.1727	0	0	0	0	0	0.3
11020001	0.0564	0	0	0	0	0	0.3
11020902	-0.1073	0	0	0	0	0	0.3
11020905	0.0987	0	0	0	0	0	0.3
11020908	0.0491	0	0	0	0	0	0.3
11031102	0.0188	0	0	0	0	0	0.3
11041101	0.0144	0	0	0	0	0	0.3
11041102	0.0045	0	0	0	0	0	0.3
11051102	0.0141	0	0	0	0	0	0.3
11061101	0.0005	0	0	0	0	0	0.3
11061102	0.0001	0	0	0	0	0	0.3
11091101	0.0131	0	0	0	0	0	0.3
11091102	-0.0031	0	0	0	0	0	0.3
17900067	0.0300	0	0	0	0	0	0.3
19210001	0.1322	0	0	0	0	0	0.3
19210504	0.1093	0	0	0	0	0	0.3
19210902	-0.007	0	0	0	0	0	0.3
19210908	0.119	0	0	0	0	0	0.3
19211103	0.0577	0	0	0	0	0	0.3
19211105	0.0832	0	0	0	0	0	0.3
19211106	0.0543	0	0	0	0	0	0.3
19211107	0.0465	0	0	0	0	0	0.3
19220011	0.0577	0	0	0	0	0	0.3
19220137	0.042	0	0	0	0	0	0.3
19220502	0.01	0	0	0	0	0	0.3
19220504	0.06	0	0	0	0	0	0.3
19220506	0.0148	0	0	0	0	0	0.3
19220905	0.1797	0	0	0	0	0	0.3
19220908	0.0863	0	0	0	0	0	0.3
19221101	0.0468	0	0	0	0	0	0.3
19221102	0.0872	0	0	0	0	0	0.3
19221921	0.1561	0	0	0	0	0	0.3
19211911	-0.1283	0	0	0	0	0	0.3
14010910	-0.1081	0	0	0	0	0	0.3
19211741	-0.08307	0	0	0	0	0	0.3
16041401	-0.06758	0	0	0	0	0	0.3
15211479	-0.049	0	0	0	0	0	0.3
15291079	-0.04841	0	0	0	0	0	0.3
16461401	-0.04755	0	0	0	0	0	0.3
16201401	-0.03631	0	0	0	0	0	0.3
15291053	-0.03541	0	0	0	0	0	0.3
19211051	-0.03436	0	0	0	0	0	0.3
11021051	-0.03198	0	0	0	0	0	0.3
11011051	-0.03174	0	0	0	0	0	0.3
15211313	-0.03079	0	0	0	0	0	0.3
15211403	-0.02791	0	0	0	0	0	0.3
11021052	-0.02541	0	0	0	0	0	0.3
15291303	-0.02376	0	0	0	0	0	0.3
15291313	-0.02361	0	0	0	0	0	0.3
12521102	-0.02332	0	0	0	0	0	0.3
15211051	-0.0221	0	0	0	0	0	0.3
15211448	-0.02205	0	0	0	0	0	0.3
14211101	-0.02157	0	0	0	0	0	0.3
14051102	-0.02106	0	0	0	0	0	0.3
15211312	-0.01991	0	0	0	0	0	0.3
14051101	-0.01949	0	0	0	0	0	0.3
13131102	-0.01872	0	0	0	0	0	0.3
15211302	-0.01737	0	0	0	0	0	0.3
15211105	-0.01729	0	0	0	0	0	0.3
13131101	-0.01592	0	0	0	0	0	0.3
26401101	-0.01576	0	0	0	0	0	0.3
13151101	-0.01514	0	0	0	0	0	0.3
19211401	-0.0151	0	0	0	0	0	0.3
15211446	-0.01397	0	0	0	0	0	0.3
15211103	-0.01376	0	0	0	0	0	0.3
15211102	-0.01027	0	0	0	0	0	0.3
17101571	-0.008032	0	0	0	0	0	0.3
16140910	-0.007807	0	0	0	0	0	0.3
13130909	-0.007522	0	0	0	0	0	0.3
14041102	-0.006549	0	0	0	0	0	0.3
17100501	-0.005986	0	0	0	0	0	0.3
26501640	-0.005895	0	0	0	0	0	0.3
15110201	-0.005148	0	0	0	0	0	0.3
15210501	-0.005054	0	0	0	0	0	0.3
26501617	-0.004861	0	0	0	0	0	0.3
24141102	-0.003931	0	0	0	0	0	0.3
16191401	-0.003196	0	0	0	0	0	0.3
30002	-0.00208	0	0	0	0	0	0.3
26501646	-0.001731	0	0	0	0	0	0.3
17101706	-0.001285	0	0	0	0	0	0.3
1380137	-0.000777	0	0	0	0	0	0.3
15411313	-0.0002102	0	0	0	0	0	0.3
36081619	0.0002181	0	0	0	0	0	0.3
15411105	0.0002285	0	0	0	0	0	0.3
1370011	0.0004176	0	0	0	0	0	0.3
10710501	0.0004981	0	0	0	0	0	0.3
5020501	0.0006847	0	0	0	0	0	0.3
14050502	0.001642	0	0	0	0	0	0.3
14211313	0.002644	0	0	0	0	0	0.3
15411103	0.003153	0	0	0	0	0	0.3
17480706	0.003451	0	0	0	0	0	0.3
20001	0.003824	0	0	0	0	0	0.3
26501614	0.003944	0	0	0	0	0	0.3
26501604	0.004377	0	0	0	0	0	0.3
14031101	0.004845	0	0	0	0	0	0.3
11030501	0.005249	0	0	0	0	0	0.3
28601541	0.005479	0	0	0	0	0	0.3
15211104	0.00589	0	0	0	0	0	0.3
16141401	0.006088	0	0	0	0	0	0.3
10520501	0.006191	0	0	0	0	0	0.3
17101313	0.006612	0	0	0	0	0	0.3
80003	0.007329	0	0	0	0	0	0.3
14270017	0.007352	0	0	0	0	0	0.3
19111772	0.007462	0	0	0	0	0	0.3
11021101	0.007631	0	0	0	0	0	0.3
11031101	0.007767	0	0	0	0	0	0.3
11031101	0.007767	0	0	0	0	0	0.3
15211501	0.00885	0	0	0	0	0	0.3
16140909	0.008948	0	0	0	0	0	0.3
15231521	0.009197	0	0	0	0	0	0.3
14010909	0.009422	0	0	0	0	0	0.3
14050017	0.01011	0	0	0	0	0	0.3
19211101	0.01037	0	0	0	0	0	0.3
15011421	0.01051	0	0	0	0	0	0.3
18451821	0.01064	0	0	0	0	0	0.3
15710017	0.01096	0	0	0	0	0	0.3
11020501	0.01141	0	0	0	0	0	0.3
14031104	0.01196	0	0	0	0	0	0.3
5010137	0.01234	0	0	0	0	0	0.3
15230502	0.01247	0	0	0	0	0	0.3
5010017	0.0125	0	0	0	0	0	0.3
11051101	0.01257	0	0	0	0	0	0.3
170002	0.01292	0	0	0	0	0	0.3
16040909	0.01307	0	0	0	0	0	0.3
11231102	0.01322	0	0	0	0	0	0.3
9140001	0.01374	0	0	0	0	0	0.3
23910909	0.01375	0	0	0	0	0	0.3
23911471	0.01409	0	0	0	0	0	0.3
30001	0.01423	0	0	0	0	0	0.3
15710137	0.01463	0	0	0	0	0	0.3
13130502	0.01473	0	0	0	0	0	0.3
9590201	0.01534	0	0	0	0	0	0.3
17721521	0.01539	0	0	0	0	0	0.3
16151604	0.01587	0	0	0	0	0	0.3
11030002	0.01603	0	0	0	0	0	0.3
18761315	0.01655	0	0	0	0	0	0.3
23911392	0.01698	0	0	0	0	0	0.3
15210017	0.01723	0	0	0	0	0	0.3
20860002	0.01742	0	0	0	0	0	0.3
15411107	0.01754	0	0	0	0	0	0.3
15210011	0.01755	0	0	0	0	0	0.3
11030011	0.01803	0	0	0	0	0	0.3
18211101	0.01824	0	0	0	0	0	0.3
18761479	0.01835	0	0	0	0	0	0.3
16040202	0.01868	0	0	0	0	0	0.3
10510501	0.01935	0	0	0	0	0	0.3
11010501	0.01964	0	0	0	0	0	0.3
9090908	0.0198	0	0	0	0	0	0.3
15111501	0.01997	0	0	0	0	0	0.3
17721421	0.02009	0	0	0	0	0	0.3
11231101	0.02013	0	0	0	0	0	0.3
13021102	0.02134	0	0	0	0	0	0.3
50001	0.02263	0	0	0	0	0	0.3
38541921	0.0227	0	0	0	0	0	0.3
17061421	0.02299	0	0	0	0	0	0.3
26500909	0.02315	0	0	0	0	0	0.3
14021051	0.02548	0	0	0	0	0	0.3
19381511	0.02741	0	0	0	0	0	0.3
16041601	0.02796	0	0	0	0	0	0.3
15231501	0.02923	0	0	0	0	0	0.3
14051108	0.02966	0	0	0	0	0	0.3
11020017	0.02972	0	0	0	0	0	0.3
15411104	0.02979	0	0	0	0	0	0.3
11070137	0.03207	0	0	0	0	0	0.3
26300910	0.03254	0	0	0	0	0	0.3
11010908	0.03264	0	0	0	0	0	0.3
15110007	0.03337	0	0	0	0	0	0.3
15211252	0.03349	0	0	0	0	0	0.3
19211772	0.0342	0	0	0	0	0	0.3
9050001	0.0359	0	0	0	0	0	0.3
19211181	0.03746	0	0	0	0	0	0.3
11010003	0.03851	0	0	0	0	0	0.3
110001	0.03854	0	0	0	0	0	0.3
9090905	0.03912	0	0	0	0	0	0.3
26300909	0.04002	0	0	0	0	0	0.3
19210501	0.04068	0	0	0	0	0	0.3
19211302	0.04343	0	0	0	0	0	0.3
17720413	0.04428	0	0	0	0	0	0.3
11010909	0.04452	0	0	0	0	0	0.3
11010011	0.04501	0	0	0	0	0	0.3
9050002	0.04583	0	0	0	0	0	0.3
11010002	0.04678	0	0	0	0	0	0.3
10520011	0.04686	0	0	0	0	0	0.3
11040041	0.04855	0	0	0	0	0	0.3
28621921	0.04855	0	0	0	0	0	0.3
11020909	0.05048	0	0	0	0	0	0.3
19211167	0.05145	0	0	0	0	0	0.3
170001	0.05305	0	0	0	0	0	0.3
16040905	0.05333	0	0	0	0	0	0.3
19381051	0.05477	0	0	0	0	0	0.3
16161615	0.0558	0	0	0	0	0	0.3
26932650	0.05613	0	0	0	0	0	0.3
9090201	0.05757	0	0	0	0	0	0.3
10510007	0.05848	0	0	0	0	0	0.3
19381604	0.05894	0	0	0	0	0	0.3
36061622	0.06466	0	0	0	0	0	0.3
10510011	0.06546	0	0	0	0	0	0.3
16161604	0.06661	0	0	0	0	0	0.3
10510137	0.0683	0	0	0	0	0	0.3
560001	0.06832	0	0	0	0	0	0.3
19210909	0.06986	0	0	0	0	0	0.3
19220909	0.07005	0	0	0	0	0	0.3
19220001	0.08066	0	0	0	0	0	0.3
11090909	0.08497	0	0	0	0	0	0.3
16460003	0.08637	0	0	0	0	0	0.3
19211109	0.08764	0	0	0	0	0	0.3
11060909	0.09056	0	0	0	0	0	0.3
770001	0.09516	0	0	0	0	0	0.3
9090001	0.09777	0	0	0	0	0	0.3
9090901	0.09843	0	0	0	0	0	0.3
9090002	0.1011	0	0	0	0	0	0.3
9090502	0.1078	0	0	0	0	0	0.3
9050007	0.1083	0	0	0	0	0	0.3
16150002	0.1127	0	0	0	0	0	0.3
9090003	0.1131	0	0	0	0	0	0.3
20820909	0.1182	0	0	0	0	0	0.3
9090005	0.1208	0	0	0	0	0	0.3
16140003	0.1248	0	0	0	0	0	0.3
9090104	0.1261	0	0	0	0	0	0.3
19380909	0.1277	0	0	0	0	0	0.3
9090056	0.1295	0	0	0	0	0	0.3
19381615	0.1578	0	0	0	0	0	0.3
9050056	0.1752	0	0	0	0	0	0.3
19210005	0.1884	0	0	0	0	0	0.3
19210002	0.2477	0	0	0	0	0	0.3
19110905	0.2649	0	0	0	0	0	0.3
19210905	0.3108	0	0	0	0	0	0.3
17060501	0.002116	0	0	0	0	0	0.3
17610027	0.06286	0	0	0	0	0	0.3
15011252	0.05012	0	0	0	0	0	0.3
17740504	0.02536	0	0	0	0	0	0.3
12521251	0.01903	0	0	0	0	0	0.3
13041251	0.01145	0	0	0	0	0	0.3
15711253	0.04403	0	0	0	0	0	0.3
5040017	0.009906	0	0	0	0	0	0.3
5040027	0.005595	0	0	0	0	0	0.3
5020234	0.0112	0	0	0	0	0	0.3
5070017	0.00829	0	0	0	0	0	0.3
5010105	0.01122	0	0	0	0	0	0.3
5020137	0.01021	0	0	0	0	0	0.3
3090214	0.003293	0	0	0	0	0	0.3
18640502	-0.00682	0	0	0	0	0	0.3
15010501	0.005153	0	0	0	0	0	0.3
19380137	0.009589	0	0	0	0	0	0.3
19380104	0.009176	0	0	0	0	0	0.3
19381501	0.009226	0	0	0	0	0	0.3
18640507	-0.0122	0	0	0	0	0	0.3
18640137	0.04296	0	0	0	0	0	0.3
10540502	0.006859	0	0	0	0	0	0.3
10600502	0.007435	0	0	0	0	0	0.3
18210501	0.003129	0	0	0	0	0	0.3
18641403	0.01736	0	0	0	0	0	0.3
15011052	0.02556	0	0	0	0	0	0.3
10520137	0.04698	0	0	0	0	0	0.3
18210017	0.01812	0	0	0	0	0	0.3
10530017	0.03358	0	0	0	0	0	0.3
10520017	0.04954	0	0	0	0	0	0.3
10510056	0.06078	0	0	0	0	0	0.3
18891501	0.04364	0	0	0	0	0	0.3
15011051	0.03756	0	0	0	0	0	0.3
15230501	0.008692	0	0	0	0	0	0.3
18860502	0.01119	0	0	0	0	0	0.3
15860017	0.01232	0	0	0	0	0	0.3
15210104	0.016	0	0	0	0	0	0.3
17060017	0.002149	0	0	0	0	0	0.3
15210015	0.02107	0	0	0	0	0	0.3
18860504	0.01521	0	0	0	0	0	0.3
17600501	0.04677	0	0	0	0	0	0.3
11080501	0.01772	0	0	0	0	0	0.3
11040501	0.03311	0	0	0	0	0	0.3
16820017	0.01581	0	0	0	0	0	0.3
17910137	0.03408	0	0	0	0	0	0.3
17910027	0.032	0	0	0	0	0	0.3
11020137	0.02778	0	0	0	0	0	0.3
11050007	0.008473	0	0	0	0	0	0.3
15421102	0.02094	0	0	0	0	0	0.3
18641103	0.02142	0	0	0	0	0	0.3
18641101	0.02783	0	0	0	0	0	0.3
10511003	0.002857	0	0	0	0	0	0.3
10521003	0.003944	0	0	0	0	0	0.3
13211051	0.006239	0	0	0	0	0	0.3
13141051	0.01405	0	0	0	0	0	0.3
13211002	-0.002547	0	0	0	0	0	0.3
13121002	-0.005259	0	0	0	0	0	0.3
14021002	0.02649	0	0	0	0	0	0.3
16811402	0.01124	0	0	0	0	0	0.3
15111402	-0.02289	0	0	0	0	0	0.3
14211104	-0.009801	0	0	0	0	0	0.3
15211415	-0.02095	0	0	0	0	0	0.3
15211402	-0.03889	0	0	0	0	0	0.3
13141103	-0.02336	0	0	0	0	0	0.3
13151105	-0.01542	0	0	0	0	0	0.3
13131104	-0.0001781	0	0	0	0	0	0.3
14021102	-0.01254	0	0	0	0	0	0.3
18891102	0.02808	0	0	0	0	0	0.3
17061102	-0.03928	0	0	0	0	0	0.3
11081105	-0.0007041	0	0	0	0	0	0.3
11061103	-0.001801	0	0	0	0	0	0.3
17121105	-0.02252	0	0	0	0	0	0.3
17101102	-0.0436	0	0	0	0	0	0.3
17721102	0.05347	0	0	0	0	0	0.3
17121103	-0.05017	0	0	0	0	0	0.3
16801151	-0.004153	0	0	0	0	0	0.3
15231106	0.01437	0	0	0	0	0	0.3
15231101	0.0233	0	0	0	0	0	0.3
17610011	0.04833	0	0	0	0	0	0.3
17610012	0.0468	0	0	0	0	0	0.3
19211710	-0.02101	0	0	0	0	0	0.3
19211791	-0.03999	0	0	0	0	0	0.3
19211104	0.04045	0	0	0	0	0	0.3
19211102	0.0309	0	0	0	0	0	0.3
19211080	-0.005368	0	0	0	0	0	0.3
19211791	-0.03999	0	0	0	0	0	0.3
16130899	0.0001	0	0	0	0	0	0.3	SLE
26500899	-.0563	0	0	0	0	0	0.3	SLE
1370001	0.1100	0	0	0	0	0	0.3	SLE
270001	0.1100	0	0	0	0	0	0.3	SLE
730001	0.1100	0	0	0	0	0	0.3	SLE
11810909	-0.220	0	0	0	0	0	0.3	SLE
23911142	0.0304	0	0	0	0	0	0.3	SLE
11810137	0.0152	0	0	0	0	0	0.3	SLE
12761101	0.0095	0	0	0	0	0	0.3	SLE
11080077	0.0261	0	0	0	0	0	0.3	SLE
23911146	0.0356	0	0	0	0	0	0.3	SLE
11010137	0.0246	0	0	0	0	0	0.3	SLE
12761102	-0.0002	0	0	0	0	0	0.3	SLE
9090003	0.0893	0	0	0	0	0	0.3	SLE
11480017	-0.0005	0	0	0	0	0	0.3	SLE
11480137	-0.0029	0	0	0	0	0	0.3	SLE
18760075	0.0174	0	0	0	0	0	0.3	SLE
18760077	0.0173	0	0	0	0	0	0.3	SLE
11040804	0.0252	0	0	0	0	0	0.3	SLE
14041146	-0.0063	0	0	0	0	0	0.3	SLE
14461146	-0.0014	0	0	0	0	0	0.3	SLE
700068	0.0117	0	0	0	0	0	0.3	SLE
19381313	0.0106	0	0	0	0	0	0.3	SLE
11320027	-0.0047	0	0	0	0	0	0.3	SLE
11481114	0.0008	0	0	0	0	0	0.3	SLE
11460501	0.0060	0	0	0	0	0	0.3	SLE
11480056	-0.0039	0	0	0	0	0	0.3	SLE
18761283	-0.0224	0	0	0	0	0	0.3	SLE
7010502	-0.0062	0	0	0	0	0	0.3	SLE
11370077	0.0073	0	0	0	0	0	0.3	SLE
14041144	-0.0073	0	0	0	0	0	0.3	SLE
11481136	-0.0043	0	0	0	0	0	0.3	SLE
12761051	0.0283	0	0	0	0	0	0.3	SLE
14461144	-0.0040	0	0	0	0	0	0.3	SLE
11440501	0.0066	0	0	0	0	0	0.3	SLE
14041143	-0.0061	0	0	0	0	0	0.3	SLE
18760074	0.0159	0	0	0	0	0	0.3	SLE
1370002	0.0013	0	0	0	0	0	0.3	SLE
11461144	0.0145	0	0	0	0	0	0.3	SLE
10710804	-0.0032	0	0	0	0	0	0.3	SLE
17481140	-0.0205	0	0	0	0	0	0.3	SLE
11480065	-0.0070	0	0	0	0	0	0.3	SLE
670066	0.0217	0	0	0	0	0	0.3	SLE
11440137	0.0028	0	0	0	0	0	0.3	SLE
8040701	-0.0021	0	0	0	0	0	0.3	SLE
14041142	-0.0048	0	0	0	0	0	0.3	SLE
11441142	0.0129	0	0	0	0	0	0.3	SLE
11421140	0.0060	0	0	0	0	0	0.3	SLE
11010701	0.0149	0	0	0	0	0	0.3	SLE
12831252	0.0090	0	0	0	0	0	0.3	SLE
18760804	0.0091	0	0	0	0	0	0.3	SLE
19381319	0.0120	0	0	0	0	0	0.3	SLE
11420501	0.0081	0	0	0	0	0	0.3	SLE
11020701	0.0102	0	0	0	0	0	0.3	SLE
11320068	0.0011	0	0	0	0	0	0.3	SLE
11461142	-0.0019	0	0	0	0	0	0.3	SLE
19381314	0.0057	0	0	0	0	0	0.3	SLE
11440068	0.0011	0	0	0	0	0	0.3	SLE
11400064	-0.0016	0	0	0	0	0	0.3	SLE
15010501	0.0119	0	0	0	0	0	0.3	SLE
11460027	0.0048	0	0	0	0	0	0.3	SLE
11420027	0.0015	0	0	0	0	0	0.3	SLE
11460137	0.0046	0	0	0	0	0	0.3	SLE
9090001	0.0917	0	0	0	0	0	0.3	SLE
11461140	-0.0041	0	0	0	0	0	0.3	SLE
11461136	-0.0029	0	0	0	0	0	0.3	SLE
11440067	0.0012	0	0	0	0	0	0.3	SLE
11401071	-0.0101	0	0	0	0	0	0.3	SLE
10510701	0.0128	0	0	0	0	0	0.3	SLE
11050701	0.0036	0	0	0	0	0	0.3	SLE
11460065	0.0026	0	0	0	0	0	0.3	SLE
5020501	-0.0087	0	0	0	0	0	0.3	SLE
14050070	0.0145	0	0	0	0	0	0.3	SLE
11421132	-0.0029	0	0	0	0	0	0.3	SLE
17481144	-0.2948	0	0	0	0	0	0.3	SLE
680066	0.0054	0	0	0	0	0	0.3	SLE
11421136	-0.0025	0	0	0	0	0	0.3	SLE
19381315	0.0056	0	0	0	0	0	0.3	SLE
10711060	0.0017	0	0	0	0	0	0.3	SLE
11421105	0.0061	0	0	0	0	0	0.3	SLE
11440027	0.0030	0	0	0	0	0	0.3	SLE
10800073	0.0239	0	0	0	0	0	0.3	SLE
650011	0.0104	0	0	0	0	0	0.3	SLE
700011	0.0049	0	0	0	0	0	0.3	SLE
700014	0.0057	0	0	0	0	0	0.3	SLE
11461105	0.0074	0	0	0	0	0	0.3	SLE
11441136	-0.0035	0	0	0	0	0	0.3	SLE
700013	0.0056	0	0	0	0	0	0.3	SLE
11460046	0.0041	0	0	0	0	0	0.3	SLE
680013	0.0090	0	0	0	0	0	0.3	SLE
10711052	0.0005	0	0	0	0	0	0.3	SLE
11460067	0.0021	0	0	0	0	0	0.3	SLE
19380805	0.0130	0	0	0	0	0	0.3	SLE
11420502	0.0036	0	0	0	0	0	0.3	SLE
7010011	0.0100	0	0	0	0	0	0.3	SLE
11460017	0.0052	0	0	0	0	0	0.3	SLE
11141071	-0.0187	0	0	0	0	0	0.3	SLE
15010068	0.0058	0	0	0	0	0	0.3	SLE
1370068	0.0023	0	0	0	0	0	0.3	SLE
12691254	-0.0065	0	0	0	0	0	0.3	SLE
11031071	-0.0701	0	0	0	0	0	0.3	SLE
7010137	0.0144	0	0	0	0	0	0.3	SLE
5010065	0.0175	0	0	0	0	0	0.3	SLE
11460064	0.0027	0	0	0	0	0	0.3	SLE
650014	0.0110	0	0	0	0	0	0.3	SLE
15210701	-0.0064	0	0	0	0	0	0.3	SLE
680011	0.0039	0	0	0	0	0	0.3	SLE
5070506	-0.0020	0	0	0	0	0	0.3	SLE
12581256	-0.0028	0	0	0	0	0	0.3	SLE
11051071	-0.0410	0	0	0	0	0	0.3	SLE
11441140	-0.0054	0	0	0	0	0	0.3	SLE
650013	0.0129	0	0	0	0	0	0.3	SLE
18860701	0.0025	0	0	0	0	0	0.3	SLE
17910501	0.0027	0	0	0	0	0	0.3	SLE
19380701	0.0085	0	0	0	0	0	0.3	SLE
11320064	0.0003	0	0	0	0	0	0.3	SLE
15010073	0.0059	0	0	0	0	0	0.3	SLE
11371071	-0.0096	0	0	0	0	0	0.3	SLE
11510501	0.0062	0	0	0	0	0	0.3	SLE
14050073	0.0140	0	0	0	0	0	0.3	SLE
12531252	-0.0044	0	0	0	0	0	0.3	SLE
14211071	0.0067	0	0	0	0	0	0.3	SLE
15210501	-0.0131	0	0	0	0	0	0.3	SLE
11320701	0.0002	0	0	0	0	0	0.3	SLE
5010137	0.0149	0	0	0	0	0	0.3	SLE
11400501	0.0095	0	0	0	0	0	0.3	SLE
11251071	-0.0158	0	0	0	0	0	0.3	SLE
5010017	0.0130	0	0	0	0	0	0.3	SLE
11781071	-0.1338	0	0	0	0	0	0.3	SLE
5060505	-0.0015	0	0	0	0	0	0.3	SLE
11841071	-0.0800	0	0	0	0	0	0.3	SLE
5010068	0.0157	0	0	0	0	0	0.3	SLE
1370027	0.0008	0	0	0	0	0	0.3	SLE
8050701	-0.0029	0	0	0	0	0	0.3	SLE
5010070	0.0160	0	0	0	0	0	0.3	SLE
7010501	-0.0004	0	0	0	0	0	0.3	SLE
680014	0.0070	0	0	0	0	0	0.3	SLE
5010066	0.0154	0	0	0	0	0	0.3	SLE
15010701	0.0035	0	0	0	0	0	0.3	SLE
10710805	-0.0077	0	0	0	0	0	0.3	SLE
5070505	-0.0011	0	0	0	0	0	0.3	SLE
11421114	0.0022	0	0	0	0	0	0.3	SLE
1370064	0.0030	0	0	0	0	0	0.3	SLE
5070501	0.0003	0	0	0	0	0	0.3	SLE
7010558	-0.0014	0	0	0	0	0	0.3	SLE
11741071	-0.0922	0	0	0	0	0	0.3	SLE
1370066	0.0030	0	0	0	0	0	0.3	SLE
19380558	0.0140	0	0	0	0	0	0.3	SLE
11821071	-0.0848	0	0	0	0	0	0.3	SLE
17921181	-0.0392	0	0	0	0	0	0.3	SLE
11811071	-0.0960	0	0	0	0	0	0.3	SLE
15010507	-0.0018	0	0	0	0	0	0.3	SLE
2010073	2.2167	0	0	0	0	0	0.3	SLE
19211181	0.0486	0	0	0	0	0	0.3	SLE
19211052	-0.0393	0	0	0	0	0	0.3	SLE
19210804	0.0898	0	0	0	0	0	0.3	SLE
19210805	0.0921	0	0	0	0	0	0.3	SLE
19210558	0.1055	0	0	0	0	0	0.3	SLE
19210701	0.0968	0	0	0	0	0	0.3	SLE
19211283	0.0462	0	0	0	0	0	0.3	SLE
19211104	-0.0028	0	0	0	0	0	0.3	SLE
27521921	0.0269	0	0	0	0	0	0.3	SLE
19211421	-0.0236	0	0	0	0	0	0.3	SLE
19211108	0.0087	0	0	0	0	0	0.3	SLE
19211202	-0.0100	0	0	0	0	0	0.3	SLE
19210003	0.2096	0	0	0	0	0	0.3	SLE
19211102	-0.0303	0	0	0	0	0	0.3	SLE
19211253	-0.0067	0	0	0	0	0	0.3	SLE
19211201	-0.0141	0	0	0	0	0	0.3	SLE
19211101	-0.0380	0	0	0	0	0	0.3	SLE
19211231	-0.0183	0	0	0	0	0	0.3	SLE
