344 	! id1id2 k12 kT12 a12 a21 aT12 aT21 alpha typeSource			    
12911104	0.0983	0	0	0	0	0	0.3	VLE
11010502	0.0300	0	0	0	0	0	0.3	VLE
98550909	0.0540	0	0	0	0	0	0.3	VLE
98581521	-0.065	0	0	0	0	0	0.3	IDAC&HE
10711051	0.007	0	0	0	0	0	0.3	VLE
17101706	0.001	0	0	0	0	0	0.3	VLEMEM2
17721710	0.049	0	0	0	0	0	0.3	VLEMEM2
15210502	-0.005	0	0	0	0	0	0.3	VLEMEM2
15110502	0.015	0	0	0	0	0	0.3	VLEMEM2
15230502	0.014	0	0	0	0	0	0.3	VLEMEM2
11010502	0.026	0	0	0	0	0	0.3	VLEMEM2
19220501	0.000	0	0	0	0	0	0.3	VLEMEM2
19220502	0.009	0	0	0	0	0	0.3	VLEMEM2
19220909	0.061	0	0	0	0	0	0.3	VLEMEM2
19221101	0.053	0	0	0	0	0	0.3	VLEMEM2
15231051	-0.007	0	0	0	0	0	0.3	VLEMEM2
15271051	0.015	0	0	0	0	0	0.3	VLEMEM2
10510909	0.042	0	0	0	0	0	0.3	VLEMEM2
11011003	-0.040	0	0	0	0	0	0.3	VLEMEM2
11011051	-0.027	0	0	0	0	0	0.3	VLEMEM2
11051051	-0.027	0	0	0	0	0	0.3	VLEMEM2
11811041	-0.004	0	0	0	0	0	0.3	VLEMEM2
11811051	-0.104	0	0	0	0	0	0.3	VLEMEM2
15210501	-0.005	0	0	0	0	0	0.3	VLEMEM2
15210909	0.059	0	0	0	0	0	0.3	VLEMEM2
15211051	-0.029	0	0	0	0	0	0.3	VLEMEM2
15211101	-0.003	0	0	0	0	0	0.3	VLEMEM2
15211302	-0.017	0	0	0	0	0	0.3	VLEMEM2
15211312	-0.019	0	0	0	0	0	0.3	VLEMEM2
15211402	-0.045	0	0	0	0	0	0.3	VLEMEM2
17061521	-0.038	0	0	0	0	0	0.3	VLEMEM2
17101051	0.018	0	0	0	0	0	0.3	VLEMEM2
17601051	-0.006	0	0	0	0	0	0.3	VLEMEM2
17721521	0.016	0	0	0	0	0	0.3	VLEMEM2
17721541	0.046	0	0	0	0	0	0.3	VLEMEM2
17911521	-0.021	0	0	0	0	0	0.3	VLEMEM2
17921051	-0.026	0	0	0	0	0	0.3	VLEMEM2
17921101	0.007	0	0	0	0	0	0.3	VLEMEM2
17921521	-0.011	0	0	0	0	0	0.3	VLEMEM2
18410502	0.031	0	0	0	0	0	0.3	VLEMEM2
18441521	-0.039	0	0	0	0	0	0.3	VLEMEM2
18761521	0.017	0	0	0	0	0	0.3	VLEMEM2
19111521	-0.054	0	0	0	0	0	0.3	VLEMEM2
19211051	-0.021	0	0	0	0	0	0.3	VLEMEM2
19221844	-0.103	0	0	0	0	0	0.3	VLEMEM2
19221876	0.000	0	0	0	0	0	0.3	VLEMEM2
23751101	-0.010	0	0	0	0	0	0.3	VLEMEM2
28511051	-0.004	0	0	0	0	0	0.3	VLEMEM2
20001	0.004198	0	0	0	0	0	0.3	VLE
30001	0.01454	0	0	0	0	0	0.3	VLE
30002	-0.001397	0	0	0	0	0	0.3	VLE
50001	0.02292	0	0	0	0	0	0.3	VLE
80003	0.00793	0	0	0	0	0	0.3	VLE
110001	0.04573	0	0	0	0	0	0.3	VLE
170001	0.05329	0	0	0	0	0	0.3	VLE
170002	0.01345	0	0	0	0	0	0.3	VLE
560001	0.06864	0	0	0	0	0	0.3	VLE
770001	0.09555	0	0	0	0	0	0.3	VLE
1370011	0.001235	0	0	0	0	0	0.3	VLE
1380137	0.00005563	0	0	0	0	0	0.3	VLE
5010017	0.01281	0	0	0	0	0	0.3	VLE
5010137	0.01277	0	0	0	0	0	0.3	VLE
5020501	-0.0001792	0	0	0	0	0	0.3	VLE
9050001	0.01724	0	0	0	0	0	0.3	VLE
9050002	0.04582	0	0	0	0	0	0.3	VLE
9050007	0.1083	0	0	0	0	0	0.3	VLE
9050056	0.1755	0	0	0	0	0	0.3	VLE
9090001	0.09811	0	0	0	0	0	0.3	VLE
9090002	0.1019	0	0	0	0	0	0.3	VLE
9090003	0.1137	0	0	0	0	0	0.3	VLE
9090005	0.1212	0	0	0	0	0	0.3	VLE
9090056	0.1298	0	0	0	0	0	0.3	VLE
9090104	0.1264	0	0	0	0	0	0.3	VLE
9090201	0.05857	0	0	0	0	0	0.3	VLE
9090502	0.1106	0	0	0	0	0	0.3	VLE
9090901	0.09872	0	0	0	0	0	0.3	VLE
9090905	0.03938	0	0	0	0	0	0.3	VLE
9090908	0.02007	0	0	0	0	0	0.3	VLE
9140001	0.01427	0	0	0	0	0	0.3	VLE
9590201	0.01627	0	0	0	0	0	0.3	VLE
10510007	0.05787	0	0	0	0	0	0.3	VLE
10510011	0.06373	0	0	0	0	0	0.3	VLE
10510137	0.06626	0	0	0	0	0	0.3	VLE
10510501	0.01698	0	0	0	0	0	0.3	VLE
10520011	0.04743	0	0	0	0	0	0.3	VLE
10520501	0.006432	0	0	0	0	0	0.3	VLE
10710501	0.0003474	0	0	0	0	0	0.3	VLE
11010002	0.03122	0	0	0	0	0	0.3	VLE
11010003	0.04586	0	0	0	0	0	0.3	VLE
11010011	0.04437	0	0	0	0	0	0.3	VLE
11010501	0.05951	0	0	0	0	0	0.3	VLE
11010908	0.06105	0	0	0	0	0	0.3	VLE
11010909	0.06437	0	0	0	0	0	0.3	VLE
11011051	0.03873	0	0	0	0	0	0.3	VLE
11020017	0.02324	0	0	0	0	0	0.3	VLE
11020501	0.04222	0	0	0	0	0	0.3	VLE
11020909	0.06743	0	0	0	0	0	0.3	VLE
11021051	0.03298	0	0	0	0	0	0.3	VLE
11021052	0.009049	0	0	0	0	0	0.3	VLE
11021101	-0.003973	0	0	0	0	0	0.3	VLE
11030002	0.01343	0	0	0	0	0	0.3	VLE
11030011	0.01822	0	0	0	0	0	0.3	VLE
11030501	0.04188	0	0	0	0	0	0.3	VLE
11031101	0.003816	0	0	0	0	0	0.3	VLE
11040041	0.02001	0	0	0	0	0	0.3	VLE
11051101	0.005388	0	0	0	0	0	0.3	VLE
11060909	0.08769	0	0	0	0	0	0.3	VLE
11070137	0.01622	0	0	0	0	0	0.3	VLE
11081105	-0.0136	0	0	0	0	0	0.3	VLE
11090909	0.08934	0	0	0	0	0	0.3	VLE
11231101	0.02498	0	0	0	0	0	0.3	VLE
11231102	0.02335	0	0	0	0	0	0.3	VLE
12521102	-0.01791	0	0	0	0	0	0.3	VLE
13011101	0.04235	0	0	0	0	0	0.3	VLE
13021102	0.0231	0	0	0	0	0	0.3	VLE
13130502	0.01259	0	0	0	0	0	0.3	VLE
13130909	0.02896	0	0	0	0	0	0.3	VLE
13131101	0.03067	0	0	0	0	0	0.3	VLE
13131102	0.02093	0	0	0	0	0	0.3	VLE
13151101	0.02741	0	0	0	0	0	0.3	VLE
14010909	0.03357	0	0	0	0	0	0.3	VLE
14010910	-0.1052	0	0	0	0	0	0.3	VLE
14021051	0.02316	0	0	0	0	0	0.3	VLE
14021102	0.05031	0	0	0	0	0	0.3	VLE
14031101	0.1045	0	0	0	0	0	0.3	VLE
14031104	0.07843	0	0	0	0	0	0.3	VLE
14041102	0.05291	0	0	0	0	0	0.3	VLE
14050017	0.008767	0	0	0	0	0	0.3	VLE
14050502	-0.0005153	0	0	0	0	0	0.3	VLE
14051101	0.04577	0	0	0	0	0	0.3	VLE
14051102	0.03967	0	0	0	0	0	0.3	VLE
14051108	0.03234	0	0	0	0	0	0.3	VLE
14211101	0.03041	0	0	0	0	0	0.3	VLE
14211313	0.0007048	0	0	0	0	0	0.3	VLE
14270017	0.008148	0	0	0	0	0	0.3	VLE
15011421	0.0098	0	0	0	0	0	0.3	VLE
15110007	0.03368	0	0	0	0	0	0.3	VLE
15110201	-0.005014	0	0	0	0	0	0.3	VLE
15111501	0.01985	0	0	0	0	0	0.3	VLE
15210011	0.01535	0	0	0	0	0	0.3	VLE
15210017	0.01514	0	0	0	0	0	0.3	VLE
15210501	-0.001016	0	0	0	0	0	0.3	VLE
15211051	-0.005612	0	0	0	0	0	0.3	VLE
15211102	-0.01223	0	0	0	0	0	0.3	VLE
15211103	-0.005165	0	0	0	0	0	0.3	VLE
15211104	-0.009308	0	0	0	0	0	0.3	VLE
15211105	-0.01118	0	0	0	0	0	0.3	VLE
15211252	0.037	0	0	0	0	0	0.3	VLE
15211302	-0.01073	0	0	0	0	0	0.3	VLE
15211312	-0.009688	0	0	0	0	0	0.3	VLE
15211313	-0.02472	0	0	0	0	0	0.3	VLE
15211403	-0.005081	0	0	0	0	0	0.3	VLE
15211446	-0.004494	0	0	0	0	0	0.3	VLE
15211448	-0.02458	0	0	0	0	0	0.3	VLE
15211479	0.01703	0	0	0	0	0	0.3	VLE
15211501	0.006509	0	0	0	0	0	0.3	VLE
15230502	0.005945	0	0	0	0	0	0.3	VLE
15231501	0.02292	0	0	0	0	0	0.3	VLE
15231521	0.002372	0	0	0	0	0	0.3	VLE
15291053	-0.03469	0	0	0	0	0	0.3	VLE
15291079	-0.04759	0	0	0	0	0	0.3	VLE
15291303	-0.02086	0	0	0	0	0	0.3	VLE
15291313	-0.02561	0	0	0	0	0	0.3	VLE
15411103	0.01685	0	0	0	0	0	0.3	VLE
15411104	0.01495	0	0	0	0	0	0.3	VLE
15411105	0.01153	0	0	0	0	0	0.3	VLE
15411107	0.01287	0	0	0	0	0	0.3	VLE
15411313	0.007095	0	0	0	0	0	0.3	VLE
15710017	0.0115	0	0	0	0	0	0.3	VLE
15710137	0.01513	0	0	0	0	0	0.3	VLE
16040202	0.01976	0	0	0	0	0	0.3	VLE
16040905	0.05359	0	0	0	0	0	0.3	VLE
16040909	0.01375	0	0	0	0	0	0.3	VLE
16041401	-0.05874	0	0	0	0	0	0.3	VLE
16041601	0.02893	0	0	0	0	0	0.3	VLE
16140003	0.1256	0	0	0	0	0	0.3	VLE
16140909	0.009613	0	0	0	0	0	0.3	VLE
16140910	-0.006617	0	0	0	0	0	0.3	VLE
16141401	0.006582	0	0	0	0	0	0.3	VLE
16150002	0.1134	0	0	0	0	0	0.3	VLE
16151604	0.0166	0	0	0	0	0	0.3	VLE
16161604	0.06684	0	0	0	0	0	0.3	VLE
16161615	0.0561	0	0	0	0	0	0.3	VLE
16191401	-0.002683	0	0	0	0	0	0.3	VLE
16201401	-0.03588	0	0	0	0	0	0.3	VLE
16460003	0.08729	0	0	0	0	0	0.3	VLE
16461401	-0.002604	0	0	0	0	0	0.3	VLE
17061421	0.0227	0	0	0	0	0	0.3	VLE
17100501	-0.0006791	0	0	0	0	0	0.3	VLE
17101313	0.009895	0	0	0	0	0	0.3	VLE
17101571	-0.002864	0	0	0	0	0	0.3	VLE
17101706	0.01844	0	0	0	0	0	0.3	VLE
17480706	0.004327	0	0	0	0	0	0.3	VLE
17601105	0.0775	0	0	0	0	0	0.3	VLE
17720413	0.04773	0	0	0	0	0	0.3	VLE
17721421	0.01743	0	0	0	0	0	0.3	VLE
17721521	0.03287	0	0	0	0	0	0.3	VLE
18211101	0.007322	0	0	0	0	0	0.3	VLE
18451821	0.008789	0	0	0	0	0	0.3	VLE
18761315	0.0173	0	0	0	0	0	0.3	VLE
18761479	0.01848	0	0	0	0	0	0.3	VLE
19110905	0.2989	0	0	0	0	0	0.3	VLE
19111772	-0.006425	0	0	0	0	0	0.3	VLE
19210002	0.2484	0	0	0	0	0	0.3	VLE
19210005	0.1955	0	0	0	0	0	0.3	VLE
19210501	0.06222	0	0	0	0	0	0.3	VLE
19210905	0.2946	0	0	0	0	0	0.3	VLE
19210909	0.1482	0	0	0	0	0	0.3	VLE
19211051	0.008194	0	0	0	0	0	0.3	VLE
19211101	0.005792	0	0	0	0	0	0.3	VLE
19211102	0.02468	0	0	0	0	0	0.3	VLE
19211104	0.03792	0	0	0	0	0	0.3	VLE
19211109	0.09291	0	0	0	0	0	0.3	VLE
19211167	0.02079	0	0	0	0	0	0.3	VLE
19211181	0.03066	0	0	0	0	0	0.3	VLE
19211302	0.03715	0	0	0	0	0	0.3	VLE
19211401	0.04431	0	0	0	0	0	0.3	VLE
19211741	0.06485	0	0	0	0	0	0.3	VLE
19211772	0.02584	0	0	0	0	0	0.3	VLE
19211911	-0.1148	0	0	0	0	0	0.3	VLE
19220001	0.1002	0	0	0	0	0	0.3	VLE
19220909	0.08313	0	0	0	0	0	0.3	VLE
19380909	0.1278	0	0	0	0	0	0.3	VLE
19381051	0.09008	0	0	0	0	0	0.3	VLE
19381511	0.02771	0	0	0	0	0	0.3	VLE
19381604	0.05925	0	0	0	0	0	0.3	VLE
19381615	0.1577	0	0	0	0	0	0.3	VLE
20820909	0.1185	0	0	0	0	0	0.3	VLE
20860002	0.01773	0	0	0	0	0	0.3	VLE
23910909	0.02028	0	0	0	0	0	0.3	VLE
23911392	0.01461	0	0	0	0	0	0.3	VLE
23911471	0.01184	0	0	0	0	0	0.3	VLE
24141102	-0.0118	0	0	0	0	0	0.3	VLE
26300909	0.04067	0	0	0	0	0	0.3	VLE
26300910	0.0325	0	0	0	0	0	0.3	VLE
26401101	-0.01189	0	0	0	0	0	0.3	VLE
26500909	0.02368	0	0	0	0	0	0.3	VLE
26501604	0.005419	0	0	0	0	0	0.3	VLE
26501614	0.004754	0	0	0	0	0	0.3	VLE
26501617	-0.003952	0	0	0	0	0	0.3	VLE
26501640	-0.004913	0	0	0	0	0	0.3	VLE
26501646	-0.0009394	0	0	0	0	0	0.3	VLE
26932650	0.05662	0	0	0	0	0	0.3	VLE
28601541	0.06038	0	0	0	0	0	0.3	VLE
28621921	0.04446	0	0	0	0	0	0.3	VLE
36061622	0.06531	0	0	0	0	0	0.3	VLE
36081619	0.001311	0	0	0	0	0	0.3	VLE
38541921	0.02382	0	0	0	0	0	0.3	VLE
10510007	0.0450	0	0	0	0	0	0.3	LLE
10510027	0.0483	0	0	0	0	0	0.3	LLE
10710011	0.0321	0	0	0	0	0	0.3	LLE
10710137	0.0368	0	0	0	0	0	0.3	LLE
10710138	0.0361	0	0	0	0	0	0.3	LLE
10710160	0.0349	0	0	0	0	0	0.3	LLE
11010007	0.0173	0	0	0	0	0	0.3	LLE
11010011	0.0219	0	0	0	0	0	0.3	LLE
11010017	0.0260	0	0	0	0	0	0.3	LLE
11010027	0.0288	0	0	0	0	0	0.3	LLE
11010041	0.0230	0	0	0	0	0	0.3	LLE
11010046	0.0314	0	0	0	0	0	0.3	LLE
11010137	0.0320	0	0	0	0	0	0.3	LLE
11010138	0.0294	0	0	0	0	0	0.3	LLE
11020064	0.0150	0	0	0	0	0	0.3	LLE
11020066	0.0187	0	0	0	0	0	0.3	LLE
11020068	0.0218	0	0	0	0	0	0.3	LLE
11020090	0.0152	0	0	0	0	0	0.3	LLE
11800017	0.1095	0	0	0	0	0	0.3	LLE
11800027	0.1095	0	0	0	0	0	0.3	LLE
11810017	0.1003	0	0	0	0	0	0.3	LLE
11810027	0.1004	0	0	0	0	0	0.3	LLE
12910011	0.0555	0	0	0	0	0	0.3	LLE
16230027	0.0673	0	0	0	0	0	0.3	LLE
16230056	0.0677	0	0	0	0	0	0.3	LLE
16250027	0.0657	0	0	0	0	0	0.3	LLE
17601120	0.0370	0	0	0	0	0	0.3	LLE
17601125	0.0530	0	0	0	0	0	0.3	LLE
17720064	0.0764	0	0	0	0	0	0.3	LLE
17720137	0.0799	0	0	0	0	0	0.3	LLE
17900067	0.2178	0	0	0	0	0	0.3	LLE
17920017	0.10258	0	0	0	0	0	0.3	LLE
17920019	0.10285	0	0	0	0	0	0.3	LLE
17920020	0.10260	0	0	0	0	0	0.3	LLE
17920021	0.10293	0	0	0	0	0	0.3	LLE
17920024	0.10325	0	0	0	0	0	0.3	LLE
17920025	0.10340	0	0	0	0	0	0.3	LLE
17920137	0.10323	0	0	0	0	0	0.3	LLE
17920138	0.10316	0	0	0	0	0	0.3	LLE
18760011	0.0537	0	0	0	0	0	0.3	LLE
18760027	0.0495	0	0	0	0	0	0.3	LLE
18760138	0.0538	0	0	0	0	0	0.3	LLE
18860011	0.0227	0	0	0	0	0	0.3	LLE
18860017	0.0214	0	0	0	0	0	0.3	LLE
23910056	0.0453	0	0	0	0	0	0.3	LLE
23910064	0.0466	0	0	0	0	0	0.3	LLE
23910066	0.0495	0	0	0	0	0	0.3	LLE
23910068	0.0502	0	0	0	0	0	0.3	LLE
28511090	0.0217	0	0	0	0	0	0.3	LLE
19210007	0.1703	0	0	0	0	0	0.3	LLE
19210011	0.1742	0	0	0	0	0	0.3	LLE
19210017	0.1516	0	0	0	0	0	0.3	LLE
19210027	0.1660	0	0	0	0	0	0.3	LLE
19210056	0.1603	0	0	0	0	0	0.3	LLE
19210137	0.1620	0	0	0	0	0	0.3	LLE
19210501	0.1000	0	0	0	0	0	0.3	LLE
19210502	0.1024	0	0	0	0	0	0.3	LLE
19210504	0.1049	0	0	0	0	0	0.3	LLE
19211052	0.0338	0	0	0	0	0	0.3	LLE
19211054	0.0581	0	0	0	0	0	0.3	LLE
19211105	0.0625	0	0	0	0	0	0.3	LLE
19211106	0.0685	0	0	0	0	0	0.3	LLE
19211107	0.0559	0	0	0	0	0	0.3	LLE
19211109	0.0764	0	0	0	0	0	0.3	LLE
19211111	0.0508	0	0	0	0	0	0.3	LLE
19211114	0.0852	0	0	0	0	0	0.3	LLE
19211123	0.0703	0	0	0	0	0	0.3	LLE
19211181	0.0946	0	0	0	0	0	0.3	LLE
19211125	0.0967	0	0	0	0	0	0.3	LLE
19211132	0.0984	0	0	0	0	0	0.3	LLE
19211136	0.0832	0	0	0	0	0	0.3	LLE
19211140	0.0689	0	0	0	0	0	0.3	LLE
19211182	0.0796	0	0	0	0	0	0.3	LLE
19211183	0.0701	0	0	0	0	0	0.3	LLE
19211260	0.0117	0	0	0	0	0	0.3	LLE
19211312	0.0410	0	0	0	0	0	0.3	LLE
19211313	0.0515	0	0	0	0	0	0.3	LLE
19211314	0.0671	0	0	0	0	0	0.3	LLE
19211315	0.0727	0	0	0	0	0	0.3	LLE
19211316	0.0720	0	0	0	0	0	0.3	LLE
19211402	0.0635	0	0	0	0	0	0.3	LLE
19211405	0.0632	0	0	0	0	0	0.3	LLE
19211479	0.0854	0	0	0	0	0	0.3	LLE
19211501	0.1296	0	0	0	0	0	0.3	LLE
19211511	0.0651	0	0	0	0	0	0.3	LLE
19211521	0.1211	0	0	0	0	0	0.3	LLE
19211523	0.0693	0	0	0	0	0	0.3	LLE
19211542	0.1418	0	0	0	0	0	0.3	LLE
19211571	0.1063	0	0	0	0	0	0.3	LLE
19211706	0.2111	0	0	0	0	0	0.3	LLE
19211707	0.0433	0	0	0	0	0	0.3	LLE
19211710	0.0294	0	0	0	0	0	0.3	LLE
19211889	0.0593	0	0	0	0	0	0.3	LLE
27081921	0.0671	0	0	0	0	0	0.3	LLE
19211760	0.0535	0	0	0	0	0	0.3	LLE
19211792	0.0769	0	0	0	0	0	0.3	LLE
