602 ! id1id2 k12 kT12 a12 a21 aT12 aT21 alpha typeSource
10510007	0.0497	0	0	0	0	0	0.3	LLE************
16250027	0.0010	0	0	0	0	0	0.3	LLE
17601125	0.0318	0	0	0	0	0	0.3	LLE
10510027	0.0483	0	0	0	0	0	0.3	LLE
17601120	0.0295	0	0	0	0	0	0.3	LLE
10710160	0.0377	0	0	0	0	0	0.3	LLE
16230056	0.0738	0	0	0	0	0	0.3	LLE
10710011	0.0338	0	0	0	0	0	0.3	LLE
17920138	0.0321	0	0	0	0	0	0.3	LLE
12910011	0.0595	0	0	0	0	0	0.3	LLE
17920025	0.0340	0	0	0	0	0	0.3	LLE
18760011	0.0545	0	0	0	0	0	0.3	LLE
17920017	0.0280	0	0	0	0	0	0.3	LLE
17920024	0.0325	0	0	0	0	0	0.3	LLE
17720137	0.0752	0	0	0	0	0	0.3	LLE
17920019	0.0285	0	0	0	0	0	0.3	LLE
11810017	0.0003	0	0	0	0	0	0.3	LLE
17920021	0.0293	0	0	0	0	0	0.3	LLE
11810027	-0.001	0	0	0	0	0	0.3	LLE
11800017	0.0122	0	0	0	0	0	0.3	LLE
23910068	0.0508	0	0	0	0	0	0.3	LLE
23910066	0.0495	0	0	0	0	0	0.3	LLE
28511090	0.0217	0	0	0	0	0	0.3	LLE
18760027	0.0489	0	0	0	0	0	0.3	LLE
17900067	0.0189	0	0	0	0	0	0.3	LLE
18760138	0.0527	0	0	0	0	0	0.3	LLE
23910064	0.0477	0	0	0	0	0	0.3	LLE
17720064	0.0764	0	0	0	0	0	0.3	LLE
18860011	0.0246	0	0	0	0	0	0.3	LLE
16230027	0.0668	0	0	0	0	0	0.3	LLE
17920137	0.0320	0	0	0	0	0	0.3	LLE
23910056	0.0459	0	0	0	0	0	0.3	LLE
10710138	0.0346	0	0	0	0	0	0.3	LLE
11020090	0.0156	0	0	0	0	0	0.3	LLE
18860017	0.0242	0	0	0	0	0	0.3	LLE
10710137	0.0379	0	0	0	0	0	0.3	LLE
17920020	0.0260	0	0	0	0	0	0.3	LLE
11020068	0.0224	0	0	0	0	0	0.3	LLE
11010137	0.0324	0	0	0	0	0	0.3	LLE
11010007	0.0172	0	0	0	0	0	0.3	LLE
11800027	0.0099	0	0	0	0	0	0.3	LLE
11010017	0.0267	0	0	0	0	0	0.3	LLE
11010041	0.0230	0	0	0	0	0	0.3	LLE
11010011	0.0229	0	0	0	0	0	0.3	LLE
11020066	0.0188	0	0	0	0	0	0.3	LLE
11020064	0.0151	0	0	0	0	0	0.3	LLE
11010027	0.0287	0	0	0	0	0	0.3	LLE
11010046	0.0314	0	0	0	0	0	0.3	LLE
11010138	0.0294	0	0	0	0	0	0.3	LLE
19211479	0.0068	0	0	0	0	0	0.3	LLE
19210056	0.1367	0	0	0	0	0	0.3	LLE
19211706	0.0028	0	0	0	0	0	0.3	LLE
19211316	0.0223	0	0	0	0	0	0.3	LLE
19211054	0.0155	0	0	0	0	0	0.3	LLE
19211315	0.0271	0	0	0	0	0	0.3	LLE
19211314	0.0133	0	0	0	0	0	0.3	LLE
19211313	-0.0016	0	0	0	0	0	0.3	LLE
19211523	0.0653	0	0	0	0	0	0.3	LLE
19211405	0.0012	0	0	0	0	0	0.3	LLE
19211521	0.0775	0	0	0	0	0	0.3	LLE
19211511	0.0651	0	0	0	0	0	0.3	LLE
19211542	0.1437	0	0	0	0	0	0.3	LLE
19210011	0.1512	0	0	0	0	0	0.3	LLE
19210017	0.1516	0	0	0	0	0	0.3	LLE
19211707	0.0426	0	0	0	0	0	0.3	LLE
19211402	-0.0086	0	0	0	0	0	0.3	LLE
19210502	0.0967	0	0	0	0	0	0.3	LLE
19210007	0.1571	0	0	0	0	0	0.3	LLE
19211136	0.0955	0	0	0	0	0	0.3	LLE
19210027	0.1499	0	0	0	0	0	0.3	LLE
19211125	0.0922	0	0	0	0	0	0.3	LLE
19211571	0.1071	0	0	0	0	0	0.3	LLE
19211501	0.1353	0	0	0	0	0	0.3	LLE
19211052	-0.0068	0	0	0	0	0	0.3	LLE
19210501	0.1020	0	0	0	0	0	0.3	LLE
19210504	0.1104	0	0	0	0	0	0.3	LLE
19211107	0.0459	0	0	0	0	0	0.3	LLE
19211312	0.0001	0	0	0	0	0	0.3	LLE
19211760	0.0291	0	0	0	0	0	0.3	LLE
19211182	0.0779	0	0	0	0	0	0.3	LLE
19211140	0.0680	0	0	0	0	0	0.3	LLE
19211132	0.0961	0	0	0	0	0	0.3	LLE
19211183	0.0699	0	0	0	0	0	0.3	LLE
27081921	0.0747	0	0	0	0	0	0.3	LLE
19211114	0.0841	0	0	0	0	0	0.3	LLE
19210137	0.1469	0	0	0	0	0	0.3	LLE
19211181	0.0672	0	0	0	0	0	0.3	LLE
19211109	0.0730	0	0	0	0	0	0.3	LLE
19211106	0.0585	0	0	0	0	0	0.3	LLE
19211111	0.0508	0	0	0	0	0	0.3	LLE
19211105	0.0575	0	0	0	0	0	0.3	LLE
19211123	0.0691	0	0	0	0	0	0.3	LLE
19211889	0.0658	0	0	0	0	0	0.3	LLE
19211792	0.0620	0	0	0	0	0	0.3	LLE
19211260	0.0144	0	0	0	0	0	0.3	LLE
19211710	0.0300	0	0	0	0	0	0.3	LLE
 20001	0.0038	0	0	0	0	0	0.3	VLE****************
 30001	0.0142	0	0	0	0	0	0.3	VLE
 30002	-0.0021	0	0	0	0	0	0.3	VLE
 50001	0.0226	0	0	0	0	0	0.3	VLE
 80003	0.0073	0	0	0	0	0	0.3	VLE
110001	0.0385	0	0	0	0	0	0.3	VLE
170001	0.0531	0	0	0	0	0	0.3	VLE
170002	0.0129	0	0	0	0	0	0.3	VLE
560001	0.0683	0	0	0	0	0	0.3	VLE
770001	0.0952	0	0	0	0	0	0.3	VLE
1370011	0.0004	0	0	0	0	0	0.3	VLE
1380137	-0.0008	0	0	0	0	0	0.3	VLE
3090214	0.0033	0	0	0	0	0	0.3	VLE
5010017	0.0125	0	0	0	0	0	0.3	VLE
5010105	0.0112	0	0	0	0	0	0.3	VLE
5010137	0.0132	0	0	0	0	0	0.3	VLE
5020137	0.0102	0	0	0	0	0	0.3	VLE
5020234	0.0112	0	0	0	0	0	0.3	VLE
5020501	0.0007	0	0	0	0	0	0.3	VLE
5040017	0.0099	0	0	0	0	0	0.3	VLE
5040027	0.0056	0	0	0	0	0	0.3	VLE
5070017	0.0083	0	0	0	0	0	0.3	VLE
6020002	0.0100	0	0	0	0	0	0.3	VLE
9020001	-0.1050	0	0	0	0	0	0.3	VLE
9020011	-0.3020	0	0	0	0	0	0.3	VLE
9050001	0.0173	0	0	0	0	0	0.3	VLE
9050002	0.0458	0	0	0	0	0	0.3	VLE
9050007	0.1083	0	0	0	0	0	0.3	VLE
9050056	0.1752	0	0	0	0	0	0.3	VLE
9050902	-0.0222	0	0	0	0	0	0.3	VLE
9080001	0.0138	0	0	0	0	0	0.3	VLE
9080902	-0.0073	0	0	0	0	0	0.3	VLE
9080905	0.0072	0	0	0	0	0	0.3	VLE
9090001	0.0978	0	0	0	0	0	0.3	VLE
9090002	0.1011	0	0	0	0	0	0.3	VLE
9090003	0.1131	0	0	0	0	0	0.3	VLE
9090005	0.1208	0	0	0	0	0	0.3	VLE
9090056	0.1295	0	0	0	0	0	0.3	VLE
9090104	0.1261	0	0	0	0	0	0.3	VLE
9090201	0.0587	0	0	0	0	0	0.3	VLE
9090502	0.1078	0	0	0	0	0	0.3	VLE
9090901	0.0984	0	0	0	0	0	0.3	VLE
9090902	-0.1002	0	0	0	0	0	0.3	VLE
9090905	0.0391	0	0	0	0	0	0.3	VLE
9090908	0.0198	0	0	0	0	0	0.3	VLE
9140001	0.0137	0	0	0	0	0	0.3	VLE
9590201	0.0153	0	0	0	0	0	0.3	VLE
10510007	0.0585	0	0	0	0	0	0.3	VLE
10510011	0.0655	0	0	0	0	0	0.3	VLE
10510056	0.0608	0	0	0	0	0	0.3	VLE
10510137	0.0683	0	0	0	0	0	0.3	VLE
10510501	0.0194	0	0	0	0	0	0.3	VLE
10511003	0.0029	0	0	0	0	0	0.3	VLE
10520011	0.0469	0	0	0	0	0	0.3	VLE
10520017	0.0495	0	0	0	0	0	0.3	VLE
10520137	0.0470	0	0	0	0	0	0.3	VLE
10520501	0.0062	0	0	0	0	0	0.3	VLE
10521003	0.0039	0	0	0	0	0	0.3	VLE
10530017	0.0336	0	0	0	0	0	0.3	VLE
10540502	0.0069	0	0	0	0	0	0.3	VLE
10600502	0.0074	0	0	0	0	0	0.3	VLE
10710501	0.0005	0	0	0	0	0	0.3	VLE
11010001	0.0797	0	0	0	0	0	0.3	VLE
11010002	0.0204	0	0	0	0	0	0.3	VLE
11010003	0.0385	0	0	0	0	0	0.3	VLE
11010004	0.0463	0	0	0	0	0	0.3	VLE
11010005	0.0483	0	0	0	0	0	0.3	VLE
11010006	0.0473	0	0	0	0	0	0.3	VLE
11010007	0.0289	0	0	0	0	0	0.3	VLE
11010011	0.0450	0	0	0	0	0	0.3	VLE
11010017	0.0442	0	0	0	0	0	0.3	VLE
11010027	0.0434	0	0	0	0	0	0.3	VLE
11010046	0.0382	0	0	0	0	0	0.3	VLE
11010056	0.0040	0	0	0	0	0	0.3	VLE
11010064	0.0553	0	0	0	0	0	0.3	VLE
11010137	0.0455	0	0	0	0	0	0.3	VLE
11010138	0.0411	0	0	0	0	0	0.3	VLE
11010201	-0.0023	0	0	0	0	0	0.3	VLE
11010202	0.0197	0	0	0	0	0	0.3	VLE
11010501	0.0196	0	0	0	0	0	0.3	VLE
11010502	0.0222	0	0	0	0	0	0.3	VLE
11010902	-0.0850	0	0	0	0	0	0.3	VLE
11010905	0.1727	0	0	0	0	0	0.3	VLE
11010908	0.0326	0	0	0	0	0	0.3	VLE
11010909	0.0445	0	0	0	0	0	0.3	VLE
11011051	-0.0317	0	0	0	0	0	0.3	VLE
11020001	0.0564	0	0	0	0	0	0.3	VLE
11020017	0.0297	0	0	0	0	0	0.3	VLE
11020137	0.0278	0	0	0	0	0	0.3	VLE
11020501	0.0114	0	0	0	0	0	0.3	VLE
11020902	-0.1073	0	0	0	0	0	0.3	VLE
11020905	0.0987	0	0	0	0	0	0.3	VLE
11020908	0.0491	0	0	0	0	0	0.3	VLE
11020909	0.0505	0	0	0	0	0	0.3	VLE
11021051	-0.0320	0	0	0	0	0	0.3	VLE
11021052	-0.0254	0	0	0	0	0	0.3	VLE
11021101	0.0076	0	0	0	0	0	0.3	VLE
11030002	0.0160	0	0	0	0	0	0.3	VLE
11030011	0.0180	0	0	0	0	0	0.3	VLE
11030501	0.0057	0	0	0	0	0	0.3	VLE
11031101	0.0078	0	0	0	0	0	0.3	VLE
11031102	0.0188	0	0	0	0	0	0.3	VLE
11040041	0.0486	0	0	0	0	0	0.3	VLE
11040501	0.0331	0	0	0	0	0	0.3	VLE
11041101	0.0144	0	0	0	0	0	0.3	VLE
11041102	0.0045	0	0	0	0	0	0.3	VLE
11050007	0.0085	0	0	0	0	0	0.3	VLE
11051101	0.0126	0	0	0	0	0	0.3	VLE
11051102	0.0141	0	0	0	0	0	0.3	VLE
11060909	0.0906	0	0	0	0	0	0.3	VLE
11061101	0.0005	0	0	0	0	0	0.3	VLE
11061102	0.0001	0	0	0	0	0	0.3	VLE
11061103	-0.0018	0	0	0	0	0	0.3	VLE
11070137	0.0321	0	0	0	0	0	0.3	VLE
11080501	0.0177	0	0	0	0	0	0.3	VLE
11081105	-0.0007	0	0	0	0	0	0.3	VLE
11090909	0.0850	0	0	0	0	0	0.3	VLE
11091101	0.0131	0	0	0	0	0	0.3	VLE
11091102	-0.0031	0	0	0	0	0	0.3	VLE
11231101	0.0201	0	0	0	0	0	0.3	VLE
11231102	0.0132	0	0	0	0	0	0.3	VLE
12521102	-0.0233	0	0	0	0	0	0.3	VLE
12521251	0.0190	0	0	0	0	0	0.3	VLE
13021102	0.0213	0	0	0	0	0	0.3	VLE
13041251	0.0115	0	0	0	0	0	0.3	VLE
13121002	-0.0053	0	0	0	0	0	0.3	VLE
13130502	0.0147	0	0	0	0	0	0.3	VLE
13130909	-0.0075	0	0	0	0	0	0.3	VLE
13131101	-0.0159	0	0	0	0	0	0.3	VLE
13131102	-0.0187	0	0	0	0	0	0.3	VLE
13131104	-0.0002	0	0	0	0	0	0.3	VLE
13141051	0.0141	0	0	0	0	0	0.3	VLE
13141103	-0.0234	0	0	0	0	0	0.3	VLE
13151101	-0.0151	0	0	0	0	0	0.3	VLE
13151105	-0.0154	0	0	0	0	0	0.3	VLE
13211002	-0.0025	0	0	0	0	0	0.3	VLE
13211051	0.0062	0	0	0	0	0	0.3	VLE
14010909	0.0094	0	0	0	0	0	0.3	VLE
14010910	-0.1081	0	0	0	0	0	0.3	VLE
14021002	0.0265	0	0	0	0	0	0.3	VLE
14021051	0.0255	0	0	0	0	0	0.3	VLE
14021102	-0.0125	0	0	0	0	0	0.3	VLE
14031101	0.0048	0	0	0	0	0	0.3	VLE
14031104	0.0120	0	0	0	0	0	0.3	VLE
14041102	-0.0065	0	0	0	0	0	0.3	VLE
14050017	0.0101	0	0	0	0	0	0.3	VLE
14050502	0.0016	0	0	0	0	0	0.3	VLE
14051101	-0.0195	0	0	0	0	0	0.3	VLE
14051102	-0.0211	0	0	0	0	0	0.3	VLE
14051108	0.0297	0	0	0	0	0	0.3	VLE
14211101	-0.0216	0	0	0	0	0	0.3	VLE
14211104	-0.0098	0	0	0	0	0	0.3	VLE
14211313	0.0026	0	0	0	0	0	0.3	VLE
14270017	0.0074	0	0	0	0	0	0.3	VLE
15010501	0.0052	0	0	0	0	0	0.3	VLE
15011051	0.0376	0	0	0	0	0	0.3	VLE
15011052	0.0256	0	0	0	0	0	0.3	VLE
15011252	0.0501	0	0	0	0	0	0.3	VLE
15011421	0.0105	0	0	0	0	0	0.3	VLE
15110007	0.0334	0	0	0	0	0	0.3	VLE
15110201	-0.0051	0	0	0	0	0	0.3	VLE
15111402	-0.0229	0	0	0	0	0	0.3	VLE
15111501	0.0200	0	0	0	0	0	0.3	VLE
15210011	0.0176	0	0	0	0	0	0.3	VLE
15210015	0.0211	0	0	0	0	0	0.3	VLE
15210017	0.0172	0	0	0	0	0	0.3	VLE
15210104	0.0160	0	0	0	0	0	0.3	VLE
15210501	-0.0046	0	0	0	0	0	0.3	VLE
15211051	-0.0221	0	0	0	0	0	0.3	VLE
15211102	-0.0103	0	0	0	0	0	0.3	VLE
15211103	-0.0138	0	0	0	0	0	0.3	VLE
15211104	0.0059	0	0	0	0	0	0.3	VLE
15211105	-0.0173	0	0	0	0	0	0.3	VLE
15211252	0.0335	0	0	0	0	0	0.3	VLE
15211302	-0.0174	0	0	0	0	0	0.3	VLE
15211312	-0.0199	0	0	0	0	0	0.3	VLE
15211313	-0.0308	0	0	0	0	0	0.3	VLE
15211402	-0.0389	0	0	0	0	0	0.3	VLE
15211403	-0.0279	0	0	0	0	0	0.3	VLE
15211415	-0.0210	0	0	0	0	0	0.3	VLE
15211446	-0.0140	0	0	0	0	0	0.3	VLE
15211448	-0.0221	0	0	0	0	0	0.3	VLE
15211479	-0.0490	0	0	0	0	0	0.3	VLE
15211501	0.0089	0	0	0	0	0	0.3	VLE
15230501	0.0087	0	0	0	0	0	0.3	VLE
15230502	0.0125	0	0	0	0	0	0.3	VLE
15231101	0.0233	0	0	0	0	0	0.3	VLE
15231106	0.0144	0	0	0	0	0	0.3	VLE
15231501	0.0292	0	0	0	0	0	0.3	VLE
15231521	0.0092	0	0	0	0	0	0.3	VLE
15291053	-0.0354	0	0	0	0	0	0.3	VLE
15291079	-0.0484	0	0	0	0	0	0.3	VLE
15291303	-0.0238	0	0	0	0	0	0.3	VLE
15291313	-0.0236	0	0	0	0	0	0.3	VLE
15411103	0.0035	0	0	0	0	0	0.3	VLE
15411104	0.0298	0	0	0	0	0	0.3	VLE
15411105	0.0002	0	0	0	0	0	0.3	VLE
15411107	0.0175	0	0	0	0	0	0.3	VLE
15411313	-0.0002	0	0	0	0	0	0.3	VLE
15421102	0.0209	0	0	0	0	0	0.3	VLE
15710017	0.0110	0	0	0	0	0	0.3	VLE
15710137	0.0146	0	0	0	0	0	0.3	VLE
15711253	0.0440	0	0	0	0	0	0.3	VLE
15860017	0.0123	0	0	0	0	0	0.3	VLE
16040202	0.0187	0	0	0	0	0	0.3	VLE
16040905	0.0533	0	0	0	0	0	0.3	VLE
16040909	0.0131	0	0	0	0	0	0.3	VLE
16041401	-0.0676	0	0	0	0	0	0.3	VLE
16041601	0.0280	0	0	0	0	0	0.3	VLE
16140003	0.1248	0	0	0	0	0	0.3	VLE
16140909	0.0089	0	0	0	0	0	0.3	VLE
16140910	-0.0078	0	0	0	0	0	0.3	VLE
16141401	0.0061	0	0	0	0	0	0.3	VLE
16150002	0.1127	0	0	0	0	0	0.3	VLE
16151604	0.0159	0	0	0	0	0	0.3	VLE
16161604	0.0666	0	0	0	0	0	0.3	VLE
16161615	0.0558	0	0	0	0	0	0.3	VLE
16191401	-0.0032	0	0	0	0	0	0.3	VLE
16201401	-0.0363	0	0	0	0	0	0.3	VLE
16460003	0.0864	0	0	0	0	0	0.3	VLE
16461401	-0.0476	0	0	0	0	0	0.3	VLE
16801151	-0.0042	0	0	0	0	0	0.3	VLE
16811402	0.0112	0	0	0	0	0	0.3	VLE
16820017	0.0158	0	0	0	0	0	0.3	VLE
17060017	0.0021	0	0	0	0	0	0.3	VLE
17060501	0.0021	0	0	0	0	0	0.3	VLE
17061102	-0.0393	0	0	0	0	0	0.3	VLE
17061421	0.0230	0	0	0	0	0	0.3	VLE
17100501	-0.0060	0	0	0	0	0	0.3	VLE
17101102	-0.0436	0	0	0	0	0	0.3	VLE
17101313	0.0066	0	0	0	0	0	0.3	VLE
17101571	-0.0080	0	0	0	0	0	0.3	VLE
17101706	-0.0013	0	0	0	0	0	0.3	VLE
17121103	-0.0502	0	0	0	0	0	0.3	VLE
17121105	-0.0225	0	0	0	0	0	0.3	VLE
17480706	0.0035	0	0	0	0	0	0.3	VLE
17600501	0.0468	0	0	0	0	0	0.3	VLE
17610011	0.0483	0	0	0	0	0	0.3	VLE
17610012	0.0468	0	0	0	0	0	0.3	VLE
17610027	0.0629	0	0	0	0	0	0.3	VLE
17720413	0.0443	0	0	0	0	0	0.3	VLE
17721102	0.0535	0	0	0	0	0	0.3	VLE
17721421	0.0201	0	0	0	0	0	0.3	VLE
17721521	0.0154	0	0	0	0	0	0.3	VLE
17740504	0.0254	0	0	0	0	0	0.3	VLE
17900067	0.0300	0	0	0	0	0	0.3	VLE
17910027	0.0320	0	0	0	0	0	0.3	VLE
17910137	0.0341	0	0	0	0	0	0.3	VLE
18210017	0.0181	0	0	0	0	0	0.3	VLE
18210501	0.0031	0	0	0	0	0	0.3	VLE
18211101	0.0182	0	0	0	0	0	0.3	VLE
18451821	0.0106	0	0	0	0	0	0.3	VLE
18640137	0.0430	0	0	0	0	0	0.3	VLE
18640502	-0.0068	0	0	0	0	0	0.3	VLE
18640507	-0.0122	0	0	0	0	0	0.3	VLE
18641101	0.0278	0	0	0	0	0	0.3	VLE
18641103	0.0214	0	0	0	0	0	0.3	VLE
18641403	0.0174	0	0	0	0	0	0.3	VLE
18761315	0.0166	0	0	0	0	0	0.3	VLE
18761479	0.0184	0	0	0	0	0	0.3	VLE
18860502	0.0112	0	0	0	0	0	0.3	VLE
18860504	0.0152	0	0	0	0	0	0.3	VLE
18891102	0.0281	0	0	0	0	0	0.3	VLE
18891501	0.0436	0	0	0	0	0	0.3	VLE
19110905	0.2649	0	0	0	0	0	0.3	VLE
19111772	0.0075	0	0	0	0	0	0.3	VLE
19210001	0.1322	0	0	0	0	0	0.3	VLE
19210002	0.2477	0	0	0	0	0	0.3	VLE
19210005	0.1884	0	0	0	0	0	0.3	VLE
19210501	0.0407	0	0	0	0	0	0.3	VLE
19210504	0.1093	0	0	0	0	0	0.3	VLE
19210902	-0.0070	0	0	0	0	0	0.3	VLE
19210905	0.3108	0	0	0	0	0	0.3	VLE
19210908	0.1190	0	0	0	0	0	0.3	VLE
19210909	0.0699	0	0	0	0	0	0.3	VLE
19211051	-0.0344	0	0	0	0	0	0.3	VLE
19211080	-0.0054	0	0	0	0	0	0.3	VLE
19211101	0.0104	0	0	0	0	0	0.3	VLE
19211102	0.0320	0	0	0	0	0	0.3	VLE
19211103	0.0577	0	0	0	0	0	0.3	VLE
19211104	0.0405	0	0	0	0	0	0.3	VLE
19211105	0.0832	0	0	0	0	0	0.3	VLE
19211106	0.0543	0	0	0	0	0	0.3	VLE
19211107	0.0465	0	0	0	0	0	0.3	VLE
19211109	0.0876	0	0	0	0	0	0.3	VLE
19211167	0.0515	0	0	0	0	0	0.3	VLE
19211181	0.0375	0	0	0	0	0	0.3	VLE
19211302	0.0434	0	0	0	0	0	0.3	VLE
19211401	-0.0151	0	0	0	0	0	0.3	VLE
19211710	-0.0210	0	0	0	0	0	0.3	VLE
19211741	-0.0831	0	0	0	0	0	0.3	VLE
19211772	0.0342	0	0	0	0	0	0.3	VLE
19211791	-0.0400	0	0	0	0	0	0.3	VLE
19211911	-0.1283	0	0	0	0	0	0.3	VLE
19220001	0.0807	0	0	0	0	0	0.3	VLE
19220011	0.0577	0	0	0	0	0	0.3	VLE
19220137	0.0420	0	0	0	0	0	0.3	VLE
19220502	0.0100	0	0	0	0	0	0.3	VLE
19220504	0.0600	0	0	0	0	0	0.3	VLE
19220506	0.0148	0	0	0	0	0	0.3	VLE
19220905	0.1797	0	0	0	0	0	0.3	VLE
19220908	0.0863	0	0	0	0	0	0.3	VLE
19220909	0.0701	0	0	0	0	0	0.3	VLE
19221101	0.0468	0	0	0	0	0	0.3	VLE
19221102	0.0872	0	0	0	0	0	0.3	VLE
19221921	0.1561	0	0	0	0	0	0.3	VLE
19380104	0.0092	0	0	0	0	0	0.3	VLE
19380137	0.0096	0	0	0	0	0	0.3	VLE
19380909	0.1277	0	0	0	0	0	0.3	VLE
19381051	0.0548	0	0	0	0	0	0.3	VLE
19381501	0.0092	0	0	0	0	0	0.3	VLE
19381511	0.0274	0	0	0	0	0	0.3	VLE
19381604	0.0589	0	0	0	0	0	0.3	VLE
19381615	0.1578	0	0	0	0	0	0.3	VLE
20820909	0.1182	0	0	0	0	0	0.3	VLE
20860002	0.0174	0	0	0	0	0	0.3	VLE
23910909	0.0138	0	0	0	0	0	0.3	VLE
23911392	0.0170	0	0	0	0	0	0.3	VLE
23911471	0.0141	0	0	0	0	0	0.3	VLE
24141102	-0.0039	0	0	0	0	0	0.3	VLE
26300909	0.0400	0	0	0	0	0	0.3	VLE
26300910	0.0325	0	0	0	0	0	0.3	VLE
26401101	-0.0158	0	0	0	0	0	0.3	VLE
26500909	0.0232	0	0	0	0	0	0.3	VLE
26501604	0.0044	0	0	0	0	0	0.3	VLE
26501614	0.0039	0	0	0	0	0	0.3	VLE
26501617	-0.0049	0	0	0	0	0	0.3	VLE
26501640	-0.0059	0	0	0	0	0	0.3	VLE
26501646	-0.0017	0	0	0	0	0	0.3	VLE
26932650	0.0561	0	0	0	0	0	0.3	VLE
28601541	0.0055	0	0	0	0	0	0.3	VLE
28621921	0.0486	0	0	0	0	0	0.3	VLE
36061622	0.0647	0	0	0	0	0	0.3	VLE
36081619	0.0002	0	0	0	0	0	0.3	VLE
38541921	0.0227	0	0	0	0	0	0.3	VLE
16130899	0.0001	0	0	0	0	0	0.3	SLE******************
26500899	-.0563	0	0	0	0	0	0.3	SLE
1370001	0.1100	0	0	0	0	0	0.3	SLE
270001	0.1100	0	0	0	0	0	0.3	SLE
730001	0.1100	0	0	0	0	0	0.3	SLE
11810909	-0.220	0	0	0	0	0	0.3	SLE
23911142	0.0304	0	0	0	0	0	0.3	SLE
11810137	0.0152	0	0	0	0	0	0.3	SLE
12761101	0.0095	0	0	0	0	0	0.3	SLE
11080077	0.0261	0	0	0	0	0	0.3	SLE
23911146	0.0356	0	0	0	0	0	0.3	SLE
11010137	0.0246	0	0	0	0	0	0.3	SLE
12761102	-0.0002	0	0	0	0	0	0.3	SLE
9090003	0.0893	0	0	0	0	0	0.3	SLE
11480017	-0.0005	0	0	0	0	0	0.3	SLE
11480137	-0.0029	0	0	0	0	0	0.3	SLE
18760075	0.0174	0	0	0	0	0	0.3	SLE
18760077	0.0173	0	0	0	0	0	0.3	SLE
11040804	0.0252	0	0	0	0	0	0.3	SLE
14041146	-0.0063	0	0	0	0	0	0.3	SLE
14461146	-0.0014	0	0	0	0	0	0.3	SLE
700068	0.0117	0	0	0	0	0	0.3	SLE
19381313	0.0106	0	0	0	0	0	0.3	SLE
11320027	-0.0047	0	0	0	0	0	0.3	SLE
11481114	0.0008	0	0	0	0	0	0.3	SLE
11460501	0.0060	0	0	0	0	0	0.3	SLE
11480056	-0.0039	0	0	0	0	0	0.3	SLE
18761283	-0.0224	0	0	0	0	0	0.3	SLE
7010502	-0.0062	0	0	0	0	0	0.3	SLE
11370077	0.0073	0	0	0	0	0	0.3	SLE
14041144	-0.0073	0	0	0	0	0	0.3	SLE
11481136	-0.0043	0	0	0	0	0	0.3	SLE
12761051	0.0283	0	0	0	0	0	0.3	SLE
14461144	-0.0040	0	0	0	0	0	0.3	SLE
11440501	0.0066	0	0	0	0	0	0.3	SLE
14041143	-0.0061	0	0	0	0	0	0.3	SLE
18760074	0.0159	0	0	0	0	0	0.3	SLE
1370002	0.0013	0	0	0	0	0	0.3	SLE
11461144	0.0145	0	0	0	0	0	0.3	SLE
10710804	-0.0032	0	0	0	0	0	0.3	SLE
17481140	-0.0205	0	0	0	0	0	0.3	SLE
11480065	-0.0070	0	0	0	0	0	0.3	SLE
670066	0.0217	0	0	0	0	0	0.3	SLE
11440137	0.0028	0	0	0	0	0	0.3	SLE
8040701	-0.0021	0	0	0	0	0	0.3	SLE
14041142	-0.0048	0	0	0	0	0	0.3	SLE
11441142	0.0129	0	0	0	0	0	0.3	SLE
11421140	0.0060	0	0	0	0	0	0.3	SLE
11010701	0.0149	0	0	0	0	0	0.3	SLE
12831252	0.0090	0	0	0	0	0	0.3	SLE
18760804	0.0091	0	0	0	0	0	0.3	SLE
19381319	0.0120	0	0	0	0	0	0.3	SLE
11420501	0.0081	0	0	0	0	0	0.3	SLE
11020701	0.0102	0	0	0	0	0	0.3	SLE
11320068	0.0011	0	0	0	0	0	0.3	SLE
11461142	-0.0019	0	0	0	0	0	0.3	SLE
19381314	0.0057	0	0	0	0	0	0.3	SLE
11440068	0.0011	0	0	0	0	0	0.3	SLE
11400064	-0.0016	0	0	0	0	0	0.3	SLE
15010501	0.0119	0	0	0	0	0	0.3	SLE
11460027	0.0048	0	0	0	0	0	0.3	SLE
11420027	0.0015	0	0	0	0	0	0.3	SLE
11460137	0.0046	0	0	0	0	0	0.3	SLE
9090001	0.0917	0	0	0	0	0	0.3	SLE
11461140	-0.0041	0	0	0	0	0	0.3	SLE
11461136	-0.0029	0	0	0	0	0	0.3	SLE
11440067	0.0012	0	0	0	0	0	0.3	SLE
11401071	-0.0101	0	0	0	0	0	0.3	SLE
10510701	0.0128	0	0	0	0	0	0.3	SLE
11050701	0.0036	0	0	0	0	0	0.3	SLE
11460065	0.0026	0	0	0	0	0	0.3	SLE
5020501	-0.0087	0	0	0	0	0	0.3	SLE
14050070	0.0145	0	0	0	0	0	0.3	SLE
11421132	-0.0029	0	0	0	0	0	0.3	SLE
17481144	-0.2948	0	0	0	0	0	0.3	SLE
680066	0.0054	0	0	0	0	0	0.3	SLE
11421136	-0.0025	0	0	0	0	0	0.3	SLE
19381315	0.0056	0	0	0	0	0	0.3	SLE
10711060	0.0017	0	0	0	0	0	0.3	SLE
11421105	0.0061	0	0	0	0	0	0.3	SLE
11440027	0.0030	0	0	0	0	0	0.3	SLE
10800073	0.0239	0	0	0	0	0	0.3	SLE
650011	0.0104	0	0	0	0	0	0.3	SLE
700011	0.0049	0	0	0	0	0	0.3	SLE
700014	0.0057	0	0	0	0	0	0.3	SLE
11461105	0.0074	0	0	0	0	0	0.3	SLE
11441136	-0.0035	0	0	0	0	0	0.3	SLE
700013	0.0056	0	0	0	0	0	0.3	SLE
11460046	0.0041	0	0	0	0	0	0.3	SLE
680013	0.0090	0	0	0	0	0	0.3	SLE
10711052	0.0005	0	0	0	0	0	0.3	SLE
11460067	0.0021	0	0	0	0	0	0.3	SLE
19380805	0.0130	0	0	0	0	0	0.3	SLE
11420502	0.0036	0	0	0	0	0	0.3	SLE
7010011	0.0100	0	0	0	0	0	0.3	SLE
11460017	0.0052	0	0	0	0	0	0.3	SLE
11141071	-0.0187	0	0	0	0	0	0.3	SLE
15010068	0.0058	0	0	0	0	0	0.3	SLE
1370068	0.0023	0	0	0	0	0	0.3	SLE
12691254	-0.0065	0	0	0	0	0	0.3	SLE
11031071	-0.0701	0	0	0	0	0	0.3	SLE
7010137	0.0144	0	0	0	0	0	0.3	SLE
5010065	0.0175	0	0	0	0	0	0.3	SLE
11460064	0.0027	0	0	0	0	0	0.3	SLE
650014	0.0110	0	0	0	0	0	0.3	SLE
15210701	-0.0064	0	0	0	0	0	0.3	SLE
680011	0.0039	0	0	0	0	0	0.3	SLE
5070506	-0.0020	0	0	0	0	0	0.3	SLE
12581256	-0.0028	0	0	0	0	0	0.3	SLE
11051071	-0.0410	0	0	0	0	0	0.3	SLE
11441140	-0.0054	0	0	0	0	0	0.3	SLE
650013	0.0129	0	0	0	0	0	0.3	SLE
18860701	0.0025	0	0	0	0	0	0.3	SLE
17910501	0.0027	0	0	0	0	0	0.3	SLE
19380701	0.0085	0	0	0	0	0	0.3	SLE
11320064	0.0003	0	0	0	0	0	0.3	SLE
15010073	0.0059	0	0	0	0	0	0.3	SLE
11371071	-0.0096	0	0	0	0	0	0.3	SLE
11510501	0.0062	0	0	0	0	0	0.3	SLE
14050073	0.0140	0	0	0	0	0	0.3	SLE
12531252	-0.0044	0	0	0	0	0	0.3	SLE
14211071	0.0067	0	0	0	0	0	0.3	SLE
15210501	-0.0131	0	0	0	0	0	0.3	SLE
11320701	0.0002	0	0	0	0	0	0.3	SLE
5010137	0.0149	0	0	0	0	0	0.3	SLE
11400501	0.0095	0	0	0	0	0	0.3	SLE
11251071	-0.0158	0	0	0	0	0	0.3	SLE
5010017	0.0130	0	0	0	0	0	0.3	SLE
11781071	-0.1338	0	0	0	0	0	0.3	SLE
5060505	-0.0015	0	0	0	0	0	0.3	SLE
11841071	-0.0800	0	0	0	0	0	0.3	SLE
5010068	0.0157	0	0	0	0	0	0.3	SLE
1370027	0.0008	0	0	0	0	0	0.3	SLE
8050701	-0.0029	0	0	0	0	0	0.3	SLE
5010070	0.0160	0	0	0	0	0	0.3	SLE
7010501	-0.0004	0	0	0	0	0	0.3	SLE
680014	0.0070	0	0	0	0	0	0.3	SLE
5010066	0.0154	0	0	0	0	0	0.3	SLE
15010701	0.0035	0	0	0	0	0	0.3	SLE
10710805	-0.0077	0	0	0	0	0	0.3	SLE
5070505	-0.0011	0	0	0	0	0	0.3	SLE
11421114	0.0022	0	0	0	0	0	0.3	SLE
1370064	0.0030	0	0	0	0	0	0.3	SLE
5070501	0.0003	0	0	0	0	0	0.3	SLE
7010558	-0.0014	0	0	0	0	0	0.3	SLE
11741071	-0.0922	0	0	0	0	0	0.3	SLE
1370066	0.0030	0	0	0	0	0	0.3	SLE
19380558	0.0140	0	0	0	0	0	0.3	SLE
11821071	-0.0848	0	0	0	0	0	0.3	SLE
17921181	-0.0392	0	0	0	0	0	0.3	SLE
11811071	-0.0960	0	0	0	0	0	0.3	SLE
15010507	-0.0018	0	0	0	0	0	0.3	SLE
2010073	2.2167	0	0	0	0	0	0.3	SLE
19211181	0.0486	0	0	0	0	0	0.3	SLE
19211052	-0.0393	0	0	0	0	0	0.3	SLE
19210804	0.0898	0	0	0	0	0	0.3	SLE
19210805	0.0921	0	0	0	0	0	0.3	SLE
19210558	0.1055	0	0	0	0	0	0.3	SLE
19210701	0.0968	0	0	0	0	0	0.3	SLE
19211283	0.0462	0	0	0	0	0	0.3	SLE
19211104	-0.0028	0	0	0	0	0	0.3	SLE
27521921	0.0269	0	0	0	0	0	0.3	SLE
19211421	-0.0236	0	0	0	0	0	0.3	SLE
19211108	0.0087	0	0	0	0	0	0.3	SLE
19211202	-0.0100	0	0	0	0	0	0.3	SLE
19210003	0.2096	0	0	0	0	0	0.3	SLE
19211102	-0.0303	0	0	0	0	0	0.3	SLE
19211253	-0.0067	0	0	0	0	0	0.3	SLE
19211201	-0.0141	0	0	0	0	0	0.3	SLE
19211101	-0.0380	0	0	0	0	0	0.3	SLE
19211231	-0.0183	0	0	0	0	0	0.3	SLE
