IdHiIdLo	  kij 	kTij	Tauij	Tauji	TauTij	TauTji	alpha
19211054	0.0	0	0	-86	0	0	0.3	LLE
10510007	0.0	0	-3.1	25.4	0	0	0.3	LLE
10510027	0.0	0	9.1	15.2	0	0	0.3	LLE
10710011	0.0	0	24	24	0	0	0.3	LLE
10710137	0.0	0	14.9	24.9	0	0	0.3	LLE
10710138	0.0	0	20.2	9.9	0	0	0.3	LLE
10710160	0.0	0	15	24.9	0	0	0.3	LLE
11010007	0.0	0	13.8	5.4	0	0	0.3	LLE
11010011	0.0	0	365.2	-224.7	0	0	0.3	LLE
11010017	0.0	0	9.8	20.3	0	0	0.3	LLE
11010027	0.0	0	13.8	5.4	0	0	0.3	LLE
11010041	0.0	0	13.8	5.4	0	0	0.3	LLE
11010046	0.0	0	13.8	5.4	0	0	0.3	LLE
11010137	0.0	0	13.8	5.4	0	0	0.3	LLE
11010138	0.0	0	5.4	13.8	0	0	0.3	LLE
11020064	0.0	0	3.5	14.3	0	0	0.3	LLE
11020066	0.0	0	11.4	16.1	0	0	0.3	LLE
19211316	0.0	0	-86	0	0	0	0.3	LLE
11020090	0.0	0	0	-86	0	0	0.3	LLE
11020068	0.0	0	11.6	16.3	0	0	0.3	LLE
11810017	0.0	0	9.5	6.8	0	0	0.3	LLE
11810027	0.0	0	9.5	6.8	0	0	0.3	LLE
12910011	0.0	0	14.8	24.8	0	0	0.3	LLE
16230027	0.0	0	20.3	9.8	0	0	0.3	LLE
16230056	0.0	0	20.3	9.8	0	0	0.3	LLE
16250027	0.0	0	20.3	9.8	0	0	0.3	LLE
17601120	0.0	0	22.7	27.4	0	0	0.3	LLE
17601125	0.0	0	25	25.1	0	0	0.3	LLE
17720064	0.0	0	19.4	31.6	0	0	0.3	LLE
17720137	0.0	0	19.4	31.6	0	0	0.3	LLE
17920017	0.0	0	6.4	16.5	0	0	0.3	LLE
17920019	0.0	0	6.7	16.9	0	0	0.3	LLE
17920020	0.0	0	6.9	16.9	0	0	0.3	LLE
17920021	0.0	0	6.3	17.8	0	0	0.3	LLE
17920024	0.0	0	6.7	16.9	0	0	0.3	LLE
17920025	0.0	0	12	12.1	0	0	0.3	LLE
17920137	0.0	0	6	15.1	0	0	0.3	LLE
17920138	0.0	0	6	15	0	0	0.3	LLE
18760011	0.0	0	26.4	26.6	0	0	0.3	LLE
18760027	0.0	0	24	24	0	0	0.3	LLE
18760138	0.0	0	20	30	0	0	0.3	LLE
18860011	0.0	0	11.6	16.2	0	0	0.3	LLE
18860017	0.0	0	6.5	16.3	0	0	0.3	LLE
23910056	0.0	0	8.9	20.2	0	0	0.3	LLE
23910064	0.0	0	8.9	20.3	0	0	0.3	LLE
23910066	0.0	0	8.9	20.4	0	0	0.3	LLE
23910068	0.0	0	9	20.4	0	0	0.3	LLE
28511090	0.0	0	15	24.9	0	0	0.3	LLE
19210007	0.0	0	-171.4	494.6	0	0	0.3	LLE
19210011	0.0	0	-170.5	465.3	0	0	0.3	LLE
19210017	0.0	0	-170.2	480	0	0	0.3	LLE
19210027	0.0	0	-164.7	424.3	0	0	0.3	LLE
19210137	0.0	0	-168.7	436.3	0	0	0.3	LLE
19210501	0.0	0	-96.6	177.5	0	0	0.3	LLE
19210502	0.0	0	-153.3	284.6	0	0	0.3	LLE
19210504	0.0	0	-148.1	288	0	0	0.3	LLE
19211052	0.0	0	-20	-30	0	0	0.3	LLE
19211105	0.0	0	3	14.5	0	0	0.3	LLE
19211106	0.0	0	3	14	0	0	0.3	LLE
19211107	0.0	0	3	14	0	0	0.3	LLE
19211109	0.0	0	3	14.5	0	0	0.3	LLE
19211111	0.0	0	3	14.5	0	0	0.3	LLE
19211114	0.0	0	3	14.5	0	0	0.3	LLE
19211123	0.0	0	3	14	0	0	0.3	LLE
19211125	0.0	0	3	14.5	0	0	0.3	LLE
19211132	0.0	0	3	14.5	0	0	0.3	LLE
19211136	0.0	0	3	14.5	0	0	0.3	LLE
19211140	0.0	0	3	14.5	0	0	0.3	LLE
19211181	0.0	0	25	25	0	0	0.3	LLE
19211182	0.0	0	21.6	28	0	0	0.3	LLE
19211183	0.0	0	20	29.9	0	0	0.3	LLE
19211260	0.0	0	98.7	-111.7	0	0	0.3	LLE
19211312	0.0	0	2.4	-5	0	0	0.3	LLE
19211313	0.0	0	2.4	-5.2	0	0	0.3	LLE
19211314	0.0	0	-197.5	324	0	0	0.3	LLE
19211315	0.0	0	-175.7	277	0	0	0.3	LLE
19211402	0.0	0	-238.9	485.5	0	0	0.3	LLE
19211405	0.0	0	-223.6	407.5	0	0	0.3	LLE
19211479	0.0	0	-19.7	1	0	0	0.3	LLE
19211501	0.0	0	-140.1	360.2	0	0	0.3	LLE
19211511	0.0	0	415.1	-245.5	0	0	0.3	LLE
19211521	0.0	0	-129.2	266.2	0	0	0.3	LLE
19211523	0.0	0	349.7	-221.7	0	0	0.3	LLE
19211542	0.0	0	-123.1	345.4	0	0	0.3	LLE
19211571	0.0	0	-87.3	166.6	0	0	0.3	LLE
19211706	0.0	0	277.1	-204.6	0	0	0.3	LLE
19211707	0.0	0	277.1	-204.6	0	0	0.3	LLE
19211710	0.0	0	0.2	10.3	0	0	0.3	LLE
19211760	0.0	0	-147.7	294.8	0	0	0.3	LLE
19211792	0.0	0	25.8	65.1	0	0	0.3	LLE
19211889	0.0	0	36.6	73.8	0	0	0.3	LLE
27081921	0.0	0	19.2	13.1	0	0	0.3	LLE
19211080	0	0	-132.8	456.8	0	0	0.3	VLE	******************
15421102	0	0	  9.76	32.0	0	0	0.3	VLE
14211101	0	0	-78.98	167.9	0	0	0.3	VLE
13041251	0	0	-145.8	279.8	0	0	0.3	VLE
19211181	0	0	  10.4	200.6	0	0	0.3	VLE
19211791	0	0	-216.1	814.7	0	0	0.3	VLE
17740504	0	0	-136.3	206.0	0	0	0.3	VLE
18891102	0	0	59.5	-9.8	0	0	0.3	VLE
15231101	0	0	-21.4	50.2	0	0	0.3	VLE
15231106	0	0	-145.1	196.6	0	0	0.3	VLE
19211104	0	0	-155.6	419.8	0	0	0.3	VLE
11010137	0	0	-91.8	183.6	0	0	0.3	VLE
18641103	0	0	-69.5	95.3	0	0	0.3	VLE
13141051	0	0	5.2	5.2	0	0	0.3	VLE
11010027	0	0	-88.7	217.1	0	0	0.3	VLE
17101102	0	0	141.3	-142.1	0	0	0.3	VLE
14211104	0	0	-174.3	227.6	0	0	0.3	VLE
17061102	0	0	-178.8	252.1	0	0	0.3	VLE
11061101	0	0	40.3	36.0	0	0	0.3	VLE
16801151	0	0	-230.6	322.9	0	0	0.3	VLE
17121105	0	0	-86.0	86.1	0	0	0.3	VLE
19211710	0	0	-4.5	75.3	0	0	0.3	VLE
13151105	0	0	-175.1	241.2	0	0	0.3	VLE
18641101	0	0	144.9	-80.0	0	0	0.3	VLE
18860502	0	0	-61.2	73.5	0	0	0.3	VLE
18891501	0	0	-143.1	230.3	0	0	0.3	VLE
14021102	0	0	-89.4	120.8	0	0	0.3	VLE
15111402	0	0	-58.5	59.4	0	0	0.3	VLE
15711253	0	0	-67.7	79.1	0	0	0.3	VLE
17121103	0	0	-162.8	173.2	0	0	0.3	VLE
19211102	0	0	-63.2	196.7	0	0	0.3	VLE
10520017	0	0	-104.6	156.0	0	0	0.3	VLE
5020137	0	0	-51.0	64.0	0	0	0.3	VLE
13131104	0	0	-131.1	159.9	0	0	0.3	VLE
15211402	0	0	-80.8	83.0	0	0	0.3	VLE
15860017	0	0	-4.4	14.2	0	0	0.3	VLE
13141103	0	0	-200.2	275.5	0	0	0.3	VLE
11020137	0	0	-99.6	149.1	0	0	0.3	VLE
11080501	0	0	164.9	-128.7	0	0	0.3	VLE
10520137	0	0	-22.6	47.4	0	0	0.3	VLE
11061102	0	0	15.5	15.0	0	0	0.3	VLE
16820017	0	0	-73.7	112.3	0	0	0.3	VLE
11020501	0	0	161.4	-121.1	0	0	0.3	VLE
11040501	0	0	132.4	-104.7	0	0	0.3	VLE
10510056	0	0	-79.9	141.8	0	0	0.3	VLE
17910137	0	0	-86.3	124.6	0	0	0.3	VLE
18210017	0	0	8.6	14.5	0	0	0.3	VLE
11041102	0	0	-122.8	153.8	0	0	0.3	VLE
18860504	0	0	-86.2	106.2	0	0	0.3	VLE
19211101	0	0	83.4	-24.2	0	0	0.3	VLE
11061103	0	0	84.1	-70.6	0	0	0.3	VLE
17610027	0	0	-99.1	168.6	0	0	0.3	VLE
17721102	0	0	-89.0	139.6	0	0	0.3	VLE
17100501	0	0	116.2	-97.1	0	0	0.3	VLE
18210501	0	0	-70.2	83.1	0	0	0.3	VLE
10521003	0	0	-45.1	54.7	0	0	0.3	VLE
5020234	0	0	-44.5	54.6	0	0	0.3	VLE
17060501	0	0	-83.1	102.4	0	0	0.3	VLE
18640507	0	0	-156.5	196.9	0	0	0.3	VLE
14021051	0	0	114.1	-82.8	0	0	0.3	VLE
15211051	0	0	-201.3	274.4	0	0	0.3	VLE
17610011	0	0	-86.4	143.4	0	0	0.3	VLE
10520501	0	0	30.9	-21.0	0	0	0.3	VLE
11081105	0	0	208.9	-149.6	0	0	0.3	VLE
10510501	0	0	-108.1	132.6	0	0	0.3	VLE
15011052	0	0	115.8	-88.5	0	0	0.3	VLE
15210015	0	0	-32.6	53.5	0	0	0.3	VLE
10540502	0	0	41.8	-36.2	0	0	0.3	VLE
17600501	0	0	-50.4	76.5	0	0	0.3	VLE
11050007	0	0	8.5	-0.8	0	0	0.3	VLE
10530017	0	0	-71.9	99.0	0	0	0.3	VLE
17060017	0	0	-83.1	95.4	0	0	0.3	VLE
5040027	0	0	-78.0	92.6	0	0	0.3	VLE
5070017	0	0	26.4	-20.3	0	0	0.3	VLE
17910027	0	0	-69.2	112.7	0	0	0.3	VLE
13211051	0	0	-69.7	81.1	0	0	0.3	VLE
19381501	0	0	13.4	3.2	0	0	0.3	VLE
17610012	0	0	-89.1	146.0	0	0	0.3	VLE
16811402	0	0	59.8	-35.1	0	0	0.3	VLE
19380104	0	0	-18.0	41.7	0	0	0.3	VLE
19380137	0	0	-40.1	72.0	0	0	0.3	VLE
11011051	0	0	-68.2	103.6	0	0	0.3	VLE
15011051	0	0	175.7	-128.9	0	0	0.3	VLE
15210104	0	0	-30.5	43.7	0	0	0.3	VLE
15230502	0	0	115.1	-93.6	0	0	0.3	VLE
5010137	0	0	-15.4	26.8	0	0	0.3	VLE
15010501	0	0	52.5	-45.9	0	0	0.3	VLE
10600502	0	0	-68.3	79.6	0	0	0.3	VLE
5040017	0	0	-12.8	19.9	0	0	0.3	VLE
18640137	0	0	-48.2	75.8	0	0	0.3	VLE
15230501	0	0	77.2	-68.4	0	0	0.3	VLE
10511003	0	0	7.7	-7.9	0	0	0.3	VLE
18641403	0	0	-34.9	45.2	0	0	0.3	VLE
3090214	0	0	-0.4	1.1	0	0	0.3	VLE
5010105	0	0	-22.3	34.5	0	0	0.3	VLE
18640502	0	0	-150.7	194.0	0	0	0.3	VLE
5020501	0	0	35.2	-32.0	0	0	0.3	VLE
