         303         909        1921      124389     7732185 cf. VLEJaubert.txt
  298.15  1.6660E+00  8.9000E-03  9.9730E-01  393
  298.15  3.2580E+00  1.5400E-02  9.9840E-01  393
  298.15  1.0738E+00  6.4000E-03 -8.6860E-01  394
  298.15  1.0817E+00  6.2000E-03 -8.6860E-01  394
  298.15  2.1329E+00  1.1800E-02 -8.6860E-01  394
  298.15  2.2477E+00  1.2400E-02 -8.6860E-01  394
  298.15  2.4291E+00  1.2900E-02 -8.6860E-01  394
  298.15  2.5497E+00  1.3400E-02 -8.6860E-01  394
  298.15  3.0793E+00  1.5600E-02 -8.6860E-01  394
  298.15  3.3696E+00  1.6600E-02 -8.6860E-01  394
  298.15  3.3794E+00  1.6600E-02 -8.6860E-01  394
  298.15  3.8079E+00  1.8500E-02 -8.6860E-01  394
  298.15  3.8422E+00  1.8600E-02 -8.6860E-01  394
  298.15  4.3247E+00  2.0300E-02 -8.6860E-01  394
  298.15  4.4179E+00  2.0400E-02 -8.6860E-01  394
  298.15  5.4976E+00  2.2900E-02 -8.6860E-01  394
  298.15  5.5064E+00  2.3000E-02 -8.6860E-01  394
  298.15  6.1684E+00  2.4000E-02 -8.6860E-01  394
  304.21  6.8948E-01  3.3000E-03  9.9310E-01  395
  304.21  2.5338E+00  1.0600E-02  9.9760E-01  395
  304.21  5.0676E+00  1.8200E-02  9.9840E-01  395
  308.15  8.0000E+00  2.2400E-02 -8.6860E-01  396
  308.15  1.2000E+01  2.3800E-02 -8.6860E-01  396
  308.15  1.6000E+01  2.5000E-02 -8.6860E-01  396
  308.15  7.5800E+00  2.2900E-02 -8.6860E-01  397
  308.15  1.0340E+01  2.3900E-02 -8.6860E-01  397
  308.15  1.3100E+01  2.4600E-02 -8.6860E-01  397
  308.15  5.4500E+00  2.2900E-02 -8.6860E-01  397
  308.15  5.7200E+00  2.3900E-02 -8.6860E-01  397
  308.15  5.8500E+00  2.4600E-02 -8.6860E-01  397
  308.15  2.1000E+00  9.3000E-03 -8.6860E-01  398
  308.15  4.0900E+00  1.5700E-02 -8.6860E-01  398
  308.15  6.0800E+00  2.0400E-02 -8.6860E-01  398
  308.15  8.0900E+00  2.2400E-02 -8.6860E-01  398
  308.15  1.0080E+01  2.3100E-02 -8.6860E-01  398
  308.15  1.2050E+01  2.3800E-02 -8.6860E-01  398
  308.15  1.4010E+01  2.4500E-02 -8.6860E-01  398
  308.15  1.5830E+01  2.4900E-02 -8.6860E-01  398
  308.15  3.2424E-01  1.9000E-03 -8.6860E-01  400
  308.15  6.0795E-01  3.5000E-03 -8.6860E-01  400
  308.15  1.0234E+00  5.9000E-03 -8.6860E-01  400
  308.15  1.3679E+00  7.9000E-03 -8.6860E-01  400
  308.15  3.5464E-01  2.1000E-03 -8.6860E-01  400
  308.15  3.0398E-01  1.8000E-03 -8.6860E-01  400
  308.15  6.6875E-01  3.9000E-03 -8.6860E-01  400
  308.15  9.0179E-01  5.3000E-03 -8.6860E-01  400
  323.15  1.0890E+00  3.3000E-03  9.7190E-01  393
  323.15  2.9800E+00  9.0000E-03  9.9490E-01  393
  323.15  7.4060E+00  1.8300E-02  9.9650E-01  393
  323.15  1.0021E+01  2.0500E-02  9.9600E-01  393
  323.15  1.2973E+01  2.1400E-02  9.9470E-01  393
  323.15  1.7533E+01  2.2600E-02  9.9390E-01  393
  323.15  1.0100E+01  2.0800E-02  9.9450E-01  401
  323.15  2.0100E+01  2.3500E-02  9.9320E-01  401
  323.15  3.0100E+01  2.5100E-02  9.9220E-01  401
  323.15  1.0133E+01  1.9800E-02  9.9450E-01  402
  323.15  1.5200E+01  2.1000E-02  9.9210E-01  402
  323.15  6.8200E+00  1.6500E-02  9.9660E-01  403
  323.15  7.5300E+00  1.7500E-02  9.9660E-01  403
  323.15  8.7200E+00  1.7700E-02  9.9640E-01  403
  323.15  1.0130E+01  2.0800E-02  9.9560E-01  403
  323.15  1.2210E+01  2.1000E-02  9.9460E-01  403
  323.15  1.4750E+01  2.2100E-02  9.9390E-01  403
  323.15  1.7680E+01  2.2600E-02  9.9360E-01  403
  333.20  4.0500E+00  9.6000E-03  9.9340E-01  404
  333.20  7.0800E+00  1.5700E-02  9.9490E-01  404
  333.20  8.0800E+00  1.6600E-02  9.9500E-01  404
  333.20  9.0900E+00  1.7900E-02  9.9530E-01  404
  333.20  1.0090E+01  1.8600E-02  9.9510E-01  404
  333.20  1.1100E+01  1.9500E-02  9.9470E-01  404
  333.20  1.2100E+01  2.0100E-02  9.9420E-01  404
  333.20  1.4110E+01  2.0800E-02  9.9220E-01  404
  348.15  1.1010E+00  2.2000E-03  9.6870E-01  393
  348.15  2.9210E+00  6.1000E-03  9.8580E-01  393
  348.15  7.1230E+00  1.2700E-02  9.9160E-01  393
  348.15  1.0167E+01  1.5900E-02  9.9190E-01  393
  348.15  1.3282E+01  1.8600E-02  9.9160E-01  393
  348.15  1.6918E+01  1.9900E-02  9.9000E-01  393
  348.15  1.0133E+01  1.5600E-02  9.9260E-01  402
  348.15  1.5200E+01  1.8800E-02  9.9100E-01  402
  348.15  6.8948E-01  1.5000E-03  9.3990E-01  395
  348.15  2.5338E+00  5.4000E-03  9.8180E-01  395
  348.15  5.0676E+00  1.0100E-02  9.8910E-01  395
  348.15  1.0135E+01  1.6200E-02  9.9270E-01  395
  348.15  2.0271E+01  2.0900E-02  9.9060E-01  395
  353.10  4.0500E+00  8.0000E-03  9.8570E-01  404
  353.10  6.0600E+00  1.1400E-02  9.8910E-01  404
  353.10  7.0800E+00  1.2800E-02  9.8960E-01  404
  353.10  8.0800E+00  1.4000E-02  9.9030E-01  404
  353.10  9.0900E+00  1.5100E-02  9.9080E-01  404
  353.10  1.0090E+01  1.6000E-02  9.9070E-01  404
  353.10  1.1100E+01  1.7200E-02  9.9100E-01  404
  353.10  1.2100E+01  1.7600E-02  9.9040E-01  404
  353.10  1.3100E+01  1.8400E-02  9.9000E-01  404
  366.48  6.8948E-01  1.0000E-03  8.7970E-01  395
  366.48  2.5338E+00  4.3000E-03  9.6530E-01  395
  366.48  5.0676E+00  8.5000E-03  9.8030E-01  395
  366.48  1.0135E+01  1.4500E-02  9.8630E-01  395
  366.48  2.0271E+01  2.0600E-02  9.8570E-01  395
  373.15  1.1070E+00  1.7000E-03  9.1200E-01  393
  373.15  2.4260E+00  3.9000E-03  9.5310E-01  393
  373.15  7.0880E+00  1.0900E-02  9.7900E-01  393
  373.15  1.0235E+01  1.3700E-02  9.8250E-01  393
  373.15  1.3352E+01  1.6300E-02  9.8320E-01  393
  373.15  1.7070E+01  1.8700E-02  9.8290E-01  393
  373.15  1.0000E+01  1.1000E-02  9.7990E-01  405
  373.15  2.0000E+01  1.7900E-02  9.8100E-01  405
  373.15  3.0000E+01  2.0400E-02  9.7670E-01  405
  383.15  1.0000E+01  1.4000E-02  9.5600E-01  406
  383.15  2.0000E+01  2.1000E-02  9.5800E-01  406
  383.15  3.0000E+01  2.4000E-02  9.4800E-01  406
  383.15  3.9999E+01  2.6000E-02  9.3200E-01  406
  383.15  5.0000E+01  2.8000E-02  9.1400E-01  406
  383.15  6.0000E+01  3.0000E-02  8.9300E-01  406
  383.15  7.0000E+01  3.1500E-02  8.7200E-01  406
  383.15  8.0000E+01  3.3000E-02  8.5400E-01  406
  383.15  9.0001E+01  3.4500E-02  8.4000E-01  406
  383.15  1.0000E+02  3.6000E-02  8.3000E-01  406
  383.15  1.1000E+02  3.7000E-02  8.2200E-01  406
  383.15  1.2000E+02  3.7500E-02  8.1600E-01  406
  383.15  1.3000E+02  3.8500E-02  8.1000E-01  406
  383.15  1.4000E+02  3.9000E-02  8.0400E-01  406
  383.15  1.5000E+02  4.0000E-02  8.0000E-01  406
  394.26  6.8948E-01  9.0000E-04  6.8890E-01  395
  394.26  2.5338E+00  3.6000E-03  9.0780E-01  395
  394.26  5.0676E+00  7.3000E-03  9.4830E-01  395
  394.26  1.0135E+01  1.3200E-02  9.6770E-01  395
  394.26  2.0271E+01  2.0500E-02  9.7280E-01  395
  398.15  1.1580E+00  1.4000E-03  7.8690E-01  393
  398.15  3.1760E+00  4.4000E-03  9.1470E-01  393
  398.15  7.3210E+00  1.0000E-02  9.5540E-01  393
  398.15  9.9840E+00  1.3100E-02  9.6440E-01  393
  398.15  1.3456E+01  1.5700E-02  9.6640E-01  393
  398.15  1.7435E+01  1.8600E-02  9.6910E-01  393
  423.15  1.4280E+00  1.3000E-03  6.5360E-01  393
  423.15  2.9870E+00  3.5000E-03  8.1070E-01  393
  423.15  7.1970E+00  8.7000E-03  9.0550E-01  393
  423.15  1.0014E+01  1.2300E-02  9.2500E-01  393
  423.15  1.3418E+01  1.5600E-02  9.3630E-01  393
  423.15  1.7355E+01  1.9100E-02  9.4340E-01  393
  423.15  1.0000E+01  1.3500E-02  8.8000E-01  406
  423.15  2.0000E+01  2.1500E-02  9.1000E-01  406
  423.15  3.0000E+01  2.6000E-02  9.0000E-01  406
  423.15  3.9999E+01  2.9000E-02  8.8200E-01  406
  423.15  5.0000E+01  3.2000E-02  8.6200E-01  406
  423.15  6.0000E+01  3.4500E-02  8.4000E-01  406
  423.15  7.0000E+01  3.7000E-02  8.2400E-01  406
  423.15  8.0000E+01  3.9000E-02  8.0800E-01  406
  423.15  9.0001E+01  4.0500E-02  7.9400E-01  406
  423.15  1.0000E+02  4.2000E-02  7.8000E-01  406
  423.15  1.1000E+02  4.4000E-02  7.7000E-01  406
  423.15  1.2000E+02  4.5000E-02  7.6400E-01  406
  423.15  1.3000E+02  4.6000E-02  7.5800E-01  406
  423.15  1.4000E+02  4.7000E-02  7.5400E-01  406
  423.15  1.5000E+02  4.8000E-02  7.5200E-01  406
  448.15  1.3270E+00  6.0000E-04  2.9570E-01  393
  448.15  3.6570E+00  3.7000E-03  7.1000E-01  393
  448.15  7.5650E+00  8.6000E-03  8.4270E-01  393
  448.15  1.0497E+01  1.1400E-02  8.8080E-01  393
  448.15  1.3442E+01  1.4100E-02  8.9330E-01  393
  448.15  1.7459E+01  1.7600E-02  8.9820E-01  393
  448.15  1.1970E+00  5.0000E-04 -8.6860E-01  407
  448.15  1.9770E+00  1.6000E-03 -8.6860E-01  407
  448.15  2.5960E+00  2.5000E-03 -8.6860E-01  407
  448.15  3.0370E+00  3.0000E-03 -8.6860E-01  407
  448.15  4.0800E+00  4.6000E-03 -8.6860E-01  407
  473.15  1.0000E+01  1.3000E-02  7.1500E-01  406
  473.15  2.0000E+01  2.6000E-02  8.2000E-01  406
  473.15  3.0000E+01  3.4000E-02  8.2500E-01  406
  473.15  3.9999E+01  4.1000E-02  8.1600E-01  406
  473.15  5.0000E+01  4.7000E-02  8.0000E-01  406
  473.15  6.0000E+01  5.2000E-02  7.8000E-01  406
  473.15  7.0000E+01  5.6000E-02  7.6000E-01  406
  473.15  8.0000E+01  5.8000E-02  7.4500E-01  406
  473.15  9.0001E+01  6.1000E-02  7.3200E-01  406
  473.15  1.0000E+02  6.3000E-02  7.2000E-01  406
  473.15  1.1000E+02  6.5000E-02  7.1600E-01  406
  473.15  1.2000E+02  6.7000E-02  7.0600E-01  406
  473.15  1.3000E+02  6.9000E-02  7.0000E-01  406
  473.15  1.4000E+02  7.0000E-02  6.9400E-01  406
  473.15  1.5000E+02  7.2000E-02  6.9000E-01  406
  473.15  1.0000E+01  1.3000E-02  7.1500E-01  406
  473.15  2.0000E+01  2.6000E-02  8.2000E-01  406
  473.15  3.0000E+01  3.4000E-02  8.2500E-01  406
  473.15  4.0000E+01  4.1000E-02  8.1600E-01  406
  473.15  5.0000E+01  4.7000E-02  8.0000E-01  406
  473.15  6.0000E+01  5.2000E-02  7.8000E-01  406
  473.15  7.0000E+01  5.6000E-02  7.6000E-01  406
  473.15  7.9999E+01  5.8000E-02  7.4500E-01  406
  473.15  8.9999E+01  6.1000E-02  7.3200E-01  406
  473.15  1.0000E+02  6.3000E-02  7.2000E-01  406
  473.15  1.1000E+02  6.5000E-02  7.1600E-01  406
  473.15  1.2000E+02  6.7000E-02  7.0600E-01  406
  473.15  1.3000E+02  6.9000E-02  7.0000E-01  406
  473.15  1.4000E+02  7.0000E-02  6.9400E-01  406
  473.15  1.5000E+02  7.2000E-02  6.9000E-01  406
  523.15  1.0000E+01  1.2000E-02  4.1000E-01  406
  523.15  2.0000E+01  2.7000E-02  6.3600E-01  406
  523.15  3.0000E+01  4.2000E-02  6.8000E-01  406
  523.15  3.9999E+01  5.5000E-02  6.7600E-01  406
  523.15  5.0000E+01  6.4000E-02  6.6000E-01  406
  523.15  6.0000E+01  7.4000E-02  6.3600E-01  406
  523.15  7.0000E+01  8.4000E-02  6.1300E-01  406
  523.15  8.0000E+01  9.4000E-02  5.9300E-01  406
  523.15  9.0001E+01  1.0400E-01  5.8000E-01  406
  523.15  1.0000E+02  1.1500E-01  5.6700E-01  406
  523.15  1.1000E+02  1.2500E-01  5.5500E-01  406
  523.15  1.2000E+02  1.3200E-01  5.4800E-01  406
  523.15  1.3000E+02  1.3600E-01  5.4200E-01  406
  533.15  2.0000E+01  2.7000E-02  5.7200E-01  406
  533.15  2.5001E+01  3.5000E-02  6.2000E-01  406
  533.15  3.0000E+01  4.4000E-02  6.4000E-01  406
  533.15  3.9999E+01  5.9000E-02  6.4200E-01  406
  533.15  5.0000E+01  7.3000E-02  6.2400E-01  406
  533.15  6.0000E+01  8.7000E-02  6.0400E-01  406
  533.15  7.0000E+01  1.0000E-01  5.8000E-01  406
  533.15  8.0000E+01  1.1300E-01  5.6000E-01  406
  533.15  9.0001E+01  1.2500E-01  5.4800E-01  406
  533.15  1.0000E+02  1.3500E-01  5.3600E-01  406
  533.15  1.1000E+02  1.4500E-01  5.2400E-01  406
  533.15  1.2000E+02  1.5500E-01  5.1000E-01  406
  533.15  1.3000E+02  1.6000E-01  5.0400E-01  406
  533.15  1.4000E+02  1.6500E-01  5.0200E-01  406
  533.15  1.5000E+02  1.7500E-01  5.0000E-01  406
  538.15  2.0000E+01  2.6000E-02  5.7700E-01  408
  538.15  5.0000E+01  8.0000E-02  6.5700E-01  408
  538.15  1.0000E+02  1.5500E-01  6.0000E-01  408
  538.15  1.5000E+02  2.1500E-01  5.4600E-01  408
  538.15  2.0000E+02  2.7200E-01  5.0800E-01  408
  538.15  2.5000E+02  2.9800E-01  4.9300E-01  408
  538.15  3.0000E+02  2.9200E-01  5.5000E-01  408
  538.15  3.5000E+02  2.8000E-01  5.7000E-01  408
  540.15  2.0000E+01  2.6000E-02  5.6700E-01  408
  540.15  5.0000E+01  8.2000E-02  6.5000E-01  408
  540.15  1.0000E+02  1.7000E-01  5.7500E-01  408
  540.15  1.5000E+02  2.4000E-01  5.2600E-01  408
  540.15  3.5000E+02  3.5500E-01  5.1000E-01  408
  540.15  1.8900E+02  3.9500E-01  3.9500E-01  408
  541.15  2.0000E+01  2.6000E-02  5.5900E-01  408
  541.15  3.0000E+01  4.8000E-02  6.2000E-01  408
  541.15  4.0000E+01  6.4000E-02  6.4400E-01  408
  541.15  5.0000E+01  8.3000E-02  6.4200E-01  408
  541.15  6.0000E+01  9.5000E-02  6.3800E-01  408
  541.15  7.0000E+01  1.1800E-01  6.2200E-01  408
  541.15  7.9999E+01  1.3800E-01  6.0300E-01  408
  541.15  8.9999E+01  1.6000E-01  5.8600E-01  408
  541.15  1.0000E+02  1.7900E-01  5.6900E-01  408
  541.15  1.1000E+02  1.9700E-01  5.5600E-01  408
  541.15  1.2000E+02  2.1100E-01  5.4700E-01  408
  541.15  1.3000E+02  2.2800E-01  5.3000E-01  408
  541.15  1.4000E+02  2.4800E-01  5.1800E-01  408
  541.15  1.5000E+02  2.7800E-01  4.9700E-01  408
  541.15  1.6200E+02  3.8500E-01  3.8500E-01  408
  543.15  2.0000E+01  2.7000E-02  5.3000E-01  406
  543.15  2.5001E+01  3.6000E-02  5.7000E-01  406
  543.15  5.0000E+01  8.7000E-02  5.7000E-01  406
  543.15  6.0000E+01  1.0600E-01  5.4600E-01  406
  543.15  7.0000E+01  1.2500E-01  5.2000E-01  406
  543.15  8.0000E+01  1.4500E-01  4.9600E-01  406
  543.15  9.0001E+01  1.6600E-01  4.6200E-01  406
  543.15  1.0000E+02  1.9000E-01  4.2400E-01  406
  543.15  1.1000E+02  2.1500E-01  3.8200E-01  406
  543.15  1.2000E+02  2.5000E-01  3.4000E-01  406
  543.15  1.2300E+02  2.8800E-01  2.8800E-01  406
  548.15  1.0000E+01  1.0000E-02  2.5600E-01  406
  548.15  1.5000E+01  1.9000E-02  4.2600E-01  406
  548.15  2.0000E+01  2.8000E-02  5.0000E-01  406
  548.15  2.5001E+01  3.8000E-02  5.4000E-01  406
  548.15  5.0000E+01  9.6000E-02  5.3000E-01  406
  548.15  6.0000E+01  1.2000E-01  4.9600E-01  406
  548.15  7.0000E+01  1.4400E-01  4.6000E-01  406
  548.15  8.0000E+01  1.7500E-01  4.2000E-01  406
  548.15  8.8500E+01  2.7000E-01  2.7000E-01  406
  573.15  1.0000E+01  4.0000E-03  8.0000E-02  406
  573.15  1.5000E+01  1.6000E-02  2.9000E-01  406
  573.15  2.0000E+01  2.9000E-02  3.9000E-01  406
  573.15  2.5001E+01  4.1000E-02  4.3400E-01  406
  573.15  3.0000E+01  5.4000E-02  4.5400E-01  406
  573.15  3.5000E+01  6.8000E-02  4.5600E-01  406
  573.15  3.9999E+01  8.4000E-02  4.4800E-01  406
  573.15  4.5000E+01  1.0400E-01  4.2200E-01  406
  573.15  5.0000E+01  1.2700E-01  3.8000E-01  406
  573.15  5.4999E+01  1.7000E-01  3.2000E-01  406
  573.15  5.7500E+01  2.3600E-01  2.3600E-01  406
  598.15  1.5000E+01  1.0000E-02  1.0600E-01  406
  598.15  2.0000E+01  2.6000E-02  2.4600E-01  406
  598.15  2.5001E+01  4.3000E-02  3.2100E-01  406
  598.15  3.0000E+01  6.1000E-02  3.4200E-01  406
  598.15  3.5000E+01  8.2000E-02  3.3400E-01  406
  598.15  3.9999E+01  1.1200E-01  2.8600E-01  406
  598.15  4.3500E+01  1.8000E-01  1.8000E-01  406
  623.15  2.0000E+01  1.5000E-02  9.0000E-02  406
  623.15  2.5001E+01  4.0000E-02  1.6200E-01  406
  623.15  3.0000E+01  6.4000E-02  1.6600E-01  406
  623.15  3.2500E+01  1.0500E-01  1.0500E-01  406
  288.71  1.0135E+01  2.4200E-02  9.9720E-01  395
  298.15  1.0135E+01  2.4900E-02  9.9660E-01  395
  302.59  1.0135E+01  2.3900E-02  9.9610E-01  395
  304.21  1.0135E+01  2.4100E-02  9.9590E-01  395
  288.71  2.0271E+01  2.6100E-02  9.9710E-01  395
  298.15  2.0271E+01  2.5700E-02  9.9620E-01  395
  302.59  2.0271E+01  2.6300E-02  9.9560E-01  395
  304.21  2.0271E+01  2.6200E-02  9.9550E-01  395
