1101	55			
223.009	3.5	4.000E-06	1455136	1977 jon aka 0
223.009	9	3.900E-06	1455136	1977 jon aka 0
223.009	14.5	4.000E-06	1455136	1977 jon aka 0
223.009	15.5	3.700E-06	1455136	1977 jon aka 0
223.009	20.5	3.800E-06	1455136	1977 jon aka 0
223.009	25	3.800E-06	1455136	1977 jon aka 0
223.009	30	3.700E-06	1455136	1977 jon aka 0
243.006	2.5	6.700E-06	1455136	1977 jon aka 0
243.006	3	6.700E-06	1455136	1977 jon aka 0
243.006	79	5.200E-06	1455136	1977 jon aka 0
243.006	122	4.700E-06	1455136	1977 jon aka 0
243.006	157.5	4.200E-06	1455136	1977 jon aka 0
243.006	191	4.000E-06	1455136	1977 jon aka 0
243.006	223	3.700E-06	1455136	1977 jon aka 0
263.002	2	1.100E-05	1455136	1977 jon aka 0
263.002	2	1.100E-05	1455136	1977 jon aka 0
263.002	4.5	1.030E-05	1455136	1977 jon aka 0
263.002	26.5	9.400E-06	1455136	1977 jon aka 0
263.002	59	8.700E-06	1455136	1977 jon aka 0
263.002	121	7.600E-06	1455136	1977 jon aka 0
263.002	121	7.700E-06	1455136	1977 jon aka 0
263.002	181	6.300E-06	1455136	1977 jon aka 0
263.002	240	5.700E-06	1455136	1977 jon aka 0
263.002	302.5	4.800E-06	1455136	1977 jon aka 0
263.002	360.5	4.300E-06	1455136	1977 jon aka 0
263.002	436.5	3.700E-06	1455136	1977 jon aka 0
282.998	1.5	1.630E-05	1455136	1977 jon aka 0
282.998	1.5	1.670E-05	1455136	1977 jon aka 0
282.998	41	1.510E-05	1455136	1977 jon aka 0
282.998	83	1.310E-05	1455136	1977 jon aka 0
282.998	156	1.110E-05	1455136	1977 jon aka 0
282.998	244.5	9.200E-06	1455136	1977 jon aka 0
282.998	330	7.700E-06	1455136	1977 jon aka 0
282.998	409	6.700E-06	1455136	1977 jon aka 0
282.998	490.5	6.000E-06	1455136	1977 jon aka 0
302.993	2	2.740E-05	1455136	1977 jon aka 0
302.993	55.5	2.350E-05	1455136	1977 jon aka 0
302.993	156.5	1.850E-05	1455136	1977 jon aka 0
302.993	201	1.650E-05	1455136	1977 jon aka 0
302.993	251.5	1.620E-05	1455136	1977 jon aka 0
302.993	304	1.340E-05	1455136	1977 jon aka 0
302.993	349	1.240E-05	1455136	1977 jon aka 0
302.993	402	1.140E-05	1455136	1977 jon aka 0
302.993	446	1.160E-05	1455136	1977 jon aka 0
302.993	490.5	9.800E-06	1455136	1977 jon aka 0
322.987	2	3.950E-05	1455136	1977 jon aka 0
322.987	2	3.970E-05	1455136	1977 jon aka 0
322.987	6.5	3.630E-05	1455136	1977 jon aka 0
322.987	39.5	3.140E-05	1455136	1977 jon aka 0
322.987	91	2.820E-05	1455136	1977 jon aka 0
322.987	161	2.540E-05	1455136	1977 jon aka 0
322.987	237	2.360E-05	1455136	1977 jon aka 0
322.987	330	1.920E-05	1455136	1977 jon aka 0
322.987	406.5	1.700E-05	1455136	1977 jon aka 0
322.987	486	1.460E-05	1455136	1977 jon aka 0
1102	55			
158.66	0.101325	5.000E-08	64175	Jaubert
173	0.1	1.460E-07	64175	Jaubert
183	50	1.770E-07	64175	Jaubert
188.56	0.101325	3.800E-07	64175	Jaubert
196	50	3.580E-07	64175	Jaubert
204.96	0.101325	7.200E-07	64175	Jaubert
218	50	9.400E-07	64175	Jaubert
239	50	1.850E-06	64175	Jaubert
238.96	0.101325	2.700E-06	64175	Jaubert
263	50	3.840E-06	64175	Jaubert
287.8	50	7.033E-06	64175	Jaubert
298.2	93.1	7.310E-06	64175	Jaubert
290	50	7.590E-06	64175	Jaubert
298.4	75	7.991E-06	64175	Jaubert
283.4	0.101325	7.600E-06	64175	Jaubert
287.8	7.5	8.395E-06	64175	Jaubert
287.8	0.1	8.473E-06	64175	Jaubert
288.16	0.101325	7.680E-06	64175	Jaubert
288.16	0.101325	8.100E-06	64175	Jaubert
288.2	0.101325	8.700E-06	64175	Jaubert
308.1	75	1.003E-05	64175	Jaubert
298.4	25	9.249E-06	64175	Jaubert
293.16	0.101325	9.770E-06	64175	Jaubert
293.16	0.101325	8.667E-06	64175	Jaubert
308.1	50	1.102E-05	64175	Jaubert
298.4	12.5	1.026E-05	64175	Jaubert
295.86	0.101325	1.260E-05	64175	Jaubert
317.8	77.5	1.212E-05	64175	Jaubert
296.16	0.101325	1.090E-05	64175	Jaubert
298.16	0.101325	1.050E-05	64175	Jaubert
298.16	0.101325	1.070E-05	64175	Jaubert
298.16	0.101325	1.000E-05	64175	Jaubert
298.16	0.101325	1.040E-05	64175	Jaubert
298.16	0.101325	1.160E-05	64175	Jaubert
298.16	0.101325	1.300E-05	64175	Jaubert
298.2	0.1	1.075E-05	64175	Jaubert
298.4	0.1	1.061E-05	64175	Jaubert
315	50	1.270E-05	64175	Jaubert
308.1	25.5	1.194E-05	64175	Jaubert
303.16	0.101325	1.218E-05	64175	Jaubert
308.1	0.5	1.296E-05	64175	Jaubert
308.16	0.101325	1.300E-05	64175	Jaubert
308.16	0.101325	1.280E-05	64175	Jaubert
308.2	0.101325	1.380E-05	64175	Jaubert
317.8	25	1.428E-05	64175	Jaubert
317.8	0.1	1.625E-05	64175	Jaubert
318.16	0.101325	1.700E-05	64175	Jaubert
318.16	0.101325	1.820E-05	64175	Jaubert
328.16	0.101325	2.060E-05	64175	Jaubert
352	50	2.560E-05	64175	Jaubert
333	0.1	2.370E-05	64175	Jaubert
338.16	0.101325	2.860E-05	64175	Jaubert
403.5	50	5.250E-05	64175	Jaubert
380	5	5.300E-05	64175	Jaubert
437	5	1.200E-04	64175	Jaubert
1103	32			
212	50	1.610E-07	71238	Jaubert
222	0.1	4.000E-07	71238	Jaubert
241	50	6.840E-07	71238	Jaubert
271	50	2.060E-06	71238	Jaubert
262	0.1	1.970E-06	71238	Jaubert
287.8	50	3.408E-06	71238	Jaubert
278.16	0.101325	2.820E-06	71238	Jaubert
298.4	50	4.577E-06	71238	Jaubert
308.1	75	5.311E-06	71238	Jaubert
287.8	0.1	4.449E-06	71238	Jaubert
288.16	0.101325	5.040E-06	71238	Jaubert
292	5	4.820E-06	71238	Jaubert
293	5	5.150E-06	71238	Jaubert
293.16	0.101325	5.417E-06	71238	Jaubert
293.16	0.101325	5.360E-06	71238	Jaubert
297.16	0.101325	5.120E-06	71238	Jaubert
298.16	0.101325	5.540E-06	71238	Jaubert
298.16	0.101325	5.900E-06	71238	Jaubert
298.4	0.1	5.924E-06	71238	Jaubert
308.1	25	6.481E-06	71238	Jaubert
317.8	50	7.776E-06	71238	Jaubert
303.16	0.101325	7.200E-06	71238	Jaubert
323	50	8.100E-06	71238	Jaubert
308.1	0.1	7.567E-06	71238	Jaubert
308.16	0.101325	8.140E-06	71238	Jaubert
317.8	0.1	9.704E-06	71238	Jaubert
318.16	0.101325	9.620E-06	71238	Jaubert
318.16	0.101325	1.030E-05	71238	Jaubert
338.16	0.101325	1.800E-05	71238	Jaubert
357	5	2.140E-05	71238	Jaubert
399	50	3.320E-05	71238	Jaubert
441	5	8.510E-05	71238	Jaubert
1104	16			
221	50	1.290E-07	67630	Jaubert
230.5	50	2.280E-07	67630	Jaubert
253	50	7.400E-07	67630	Jaubert
243	5	6.170E-07	67630	Jaubert
274	50	1.630E-06	67630	Jaubert
263	5	1.500E-06	67630	Jaubert
288.16	0.101325	4.740E-06	67630	Jaubert
294	5	4.620E-06	67630	Jaubert
298.16	0.1	5.820E-06	67630	Jaubert
324.5	50	8.200E-06	67630	Jaubert
308.16	0.101325	8.670E-06	67630	Jaubert
318.16	0.1	1.070E-05	67630	Jaubert
338.16	0.1	1.860E-05	67630	Jaubert
360	5	2.780E-05	67630	Jaubert
397.5	50	3.760E-05	67630	Jaubert
435.5	5	9.380E-05	67630	Jaubert
1105	11			
268.16	0.101325	1.320E-06	71363	Jaubert
288.16	0.101325	3.360E-06	71363	Jaubert
288.16	0.101325	3.010E-06	71363	Jaubert
293.16	0.101325	5.083E-06	71363	Jaubert
297.16	0.101325	4.260E-06	71363	Jaubert
298.16	0.101325	4.560E-06	71363	Jaubert
298.16	0.101325	4.160E-06	71363	Jaubert
308.16	0.101325	5.540E-06	71363	Jaubert
308.16	0.101325	6.490E-06	71363	Jaubert
328.16	0.101325	9.150E-06	71363	Jaubert
353.16	0.101325	1.820E-05	71363	Jaubert
1108	8			
283.4	0.101325	1.140E-06	75650	Jaubert
293.7293157	0.101325	2.462E-06	75650	Jaubert
299.4393002	0.101325	3.097E-06	75650	Jaubert
308.16	0.101325	4.970E-06	75650	Jaubert
308.3403038	0.101325	4.458E-06	75650	Jaubert
315.9977452	0.101325	6.892E-06	75650	Jaubert
330.029458	0.101325	1.020E-05	75650	Jaubert
344.2465393	0.101325	1.566E-05	75650	Jaubert
1109	185			
206.6	5	2.750E-08	71410	1995 kar wap 0
213	5	4.570E-08	71410	1995 kar wap 0
213.6	5	4.810E-08	71410	1995 kar wap 0
220	5	7.320E-08	71410	1995 kar wap 0
220	50	4.460E-08	71410	1995 kar wap 0
225.7	5	1.060E-07	71410	1995 kar wap 0
225.7	50	6.760E-08	71410	1995 kar wap 0
225.7	100	3.820E-08	71410	1995 kar wap 0
229.4	5	1.340E-07	71410	1995 kar wap 0
229.4	50	8.340E-08	71410	1995 kar wap 0
229.4	100	5.000E-08	71410	1995 kar wap 0
229.4	150	3.740E-08	71410	1995 kar wap 0
236.4	5	1.990E-07	71410	1995 kar wap 0
236.4	50	1.310E-08	71410	1995 kar wap 0
236.4	100	8.090E-08	71410	1995 kar wap 0
236.4	150	5.230E-08	71410	1995 kar wap 0
240.4	5	2.580E-07	71410	1995 kar wap 0
240.4	50	1.660E-07	71410	1995 kar wap 0
240.4	100	1.030E-07	71410	1995 kar wap 0
240.4	150	7.060E-08	71410	1995 kar wap 0
247.1	5	3.420E-07	71410	1995 kar wap 0
247.1	50	2.330E-07	71410	1995 kar wap 0
247.1	100	1.560E-07	71410	1995 kar wap 0
247.1	150	1.040E-07	71410	1995 kar wap 0
247.1	200	4.650E-08	71410	1995 kar wap 0
254.8	5	5.060E-07	71410	1995 kar wap 0
254.8	50	3.550E-07	71410	1995 kar wap 0
254.8	100	2.430E-07	71410	1995 kar wap 0
254.8	150	1.550E-07	71410	1995 kar wap 0
254.8	200	6.720E-07	71410	1995 kar wap 0
257.7	5	6.090E-07	71410	1995 kar wap 0
257.7	50	4.140E-07	71410	1995 kar wap 0
257.7	100	2.840E-07	71410	1995 kar wap 0
257.7	150	1.910E-07	71410	1995 kar wap 0
257.7	200	1.100E-07	71410	1995 kar wap 0
260.7	5	6.720E-07	71410	1995 kar wap 0
260.7	50	4.490E-07	71410	1995 kar wap 0
260.7	100	3.160E-07	71410	1995 kar wap 0
260.7	150	2.160E-07	71410	1995 kar wap 0
260.7	200	1.430E-07	71410	1995 kar wap 0
272.9	5	1.050E-06	71410	1995 kar wap 0
272.9	50	7.570E-07	71410	1995 kar wap 0
272.9	100	5.270E-07	71410	1995 kar wap 0
272.9	150	3.860E-07	71410	1995 kar wap 0
272.9	200	1.470E-07	71410	1995 kar wap 0
274.5	5	1.210E-06	71410	1995 kar wap 0
274.5	50	8.940E-07	71410	1995 kar wap 0
274.5	100	6.410E-07	71410	1995 kar wap 0
274.5	150	4.530E-07	71410	1995 kar wap 0
274.5	200	2.860E-07	71410	1995 kar wap 0
294.4	5	2.390E-06	71410	1995 kar wap 0
294.4	50	1.860E-06	71410	1995 kar wap 0
294.4	100	1.300E-06	71410	1995 kar wap 0
294.4	150	9.690E-07	71410	1995 kar wap 0
294.4	200	7.530E-07	71410	1995 kar wap 0
296.7	5	2.740E-06	71410	1995 kar wap 0
296.7	50	1.980E-06	71410	1995 kar wap 0
296.7	100	1.450E-06	71410	1995 kar wap 0
296.7	150	1.090E-06	71410	1995 kar wap 0
296.7	200	8.640E-07	71410	1995 kar wap 0
346.5	5	1.040E-05	71410	1995 kar wap 0
346.5	50	7.580E-06	71410	1995 kar wap 0
346.5	100	5.450E-06	71410	1995 kar wap 0
346.5	150	4.520E-06	71410	1995 kar wap 0
346.5	200	3.620E-06	71410	1995 kar wap 0
389.5	5	2.640E-05	71410	1995 kar wap 0
389.5	50	1.910E-05	71410	1995 kar wap 0
389.5	100	1.450E-05	71410	1995 kar wap 0
389.5	150	1.170E-05	71410	1995 kar wap 0
389.5	200	1.060E-05	71410	1995 kar wap 0
391.5	5	2.670E-05	71410	1995 kar wap 0
391.5	50	2.000E-05	71410	1995 kar wap 0
391.5	100	1.530E-05	71410	1995 kar wap 0
391.5	150	1.190E-05	71410	1995 kar wap 0
391.5	200	1.000E-05	71410	1995 kar wap 0
428.1	5	4.770E-05	71410	1995 kar wap 0
428.1	50	3.610E-05	71410	1995 kar wap 0
428.1	100	2.710E-05	71410	1995 kar wap 0
428.1	150	2.120E-05	71410	1995 kar wap 0
428.1	200	1.730E-05	71410	1995 kar wap 0
468.6	5	8.140E-05	71410	1995 kar wap 0
468.6	50	5.920E-05	71410	1995 kar wap 0
468.6	100	4.160E-05	71410	1995 kar wap 0
468.6	150	3.450E-05	71410	1995 kar wap 0
468.6	200	2.860E-05	71410	1995 kar wap 0
253.13	0.101325	5.271E-07	71410	2015 har gan 0
253.19	0.101325	5.317E-07	71410	2015 har gan 0
258.42	0.101325	6.615E-07	71410	2015 har gan 0
258.47	0.101325	6.612E-07	71410	2015 har gan 0
263.25	0.101325	8.057E-07	71410	2015 har gan 0
263.28	0.101325	8.112E-07	71410	2015 har gan 0
268.65	0.101325	1.013E-06	71410	2015 har gan 0
268.66	0.101325	1.019E-06	71410	2015 har gan 0
278.4	0.101325	1.509E-06	71410	2015 har gan 0
278.43	0.101325	1.522E-06	71410	2015 har gan 0
288.31	0.101325	2.166E-06	71410	2015 har gan 0
288.33	0.101325	2.167E-06	71410	2015 har gan 0
298.16	0.101325	3.007E-06	71410	2015 har gan 0
298.17	0.101325	3.002E-06	71410	2015 har gan 0
298.19	0.101325	2.988E-06	71410	2015 har gan 0
298.21	0.101325	3.021E-06	71410	2015 har gan 0
298.21	0.101325	3.021E-06	71410	2015 har gan 0
298.27	0.101325	3.021E-06	71410	2015 har gan 0
298.27	0.101325	3.021E-06	71410	2015 har gan 0
308.09	0.101325	4.129E-06	71410	2015 har gan 0
308.11	0.101325	4.136E-06	71410	2015 har gan 0
318.08	0.101325	5.542E-06	71410	2015 har gan 0
318.09	0.101325	5.564E-06	71410	2015 har gan 0
323.1	0.101325	6.385E-06	71410	2015 har gan 0
323.1	0.101325	6.385E-06	71410	2015 har gan 0
323.15	0.101325	6.425E-06	71410	2015 har gan 0
323.15	0.101325	6.425E-06	71410	2015 har gan 0
327.86	0.101325	7.304E-06	71410	2015 har gan 0
327.86	0.101325	7.359E-06	71410	2015 har gan 0
337.71	0.101325	9.563E-06	71410	2015 har gan 0
337.74	0.101325	9.494E-06	71410	2015 har gan 0
347.21	0.101325	1.218E-05	71410	2015 har gan 0
347.25	0.101325	1.218E-05	71410	2015 har gan 0
352.35	0.101325	1.399E-05	71410	2015 har gan 0
352.36	0.101325	1.396E-05	71410	2015 har gan 0
352.55	0.101325	1.413E-05	71410	2015 har gan 0
364.52	0.101325	1.844E-05	71410	2015 har gan 0
364.59	0.101325	1.825E-05	71410	2015 har gan 0
364.73	0.101325	1.835E-05	71410	2015 har gan 0
298	0.1	2.552E-06	71410	2019 kan mor 0
207.8	5	4.120E-08	14848794	1995 kar wap 0
215.5	5	6.140E-08	14848794	1995 kar wap 0
215.5	50	3.670E-08	14848794	1995 kar wap 0
222.8	5	1.030E-07	14848794	1995 kar wap 0
222.8	50	6.190E-08	14848794	1995 kar wap 0
222.8	100	4.080E-08	14848794	1995 kar wap 0
230.7	5	1.640E-07	14848794	1995 kar wap 0
230.7	50	1.050E-07	14848794	1995 kar wap 0
230.7	100	6.720E-08	14848794	1995 kar wap 0
235.7	5	2.170E-07	14848794	1995 kar wap 0
235.7	50	1.410E-07	14848794	1995 kar wap 0
235.7	100	9.060E-08	14848794	1995 kar wap 0
235.7	150	5.480E-08	14848794	1995 kar wap 0
235.7	200	4.120E-08	14848794	1995 kar wap 0
246.2	5	3.610E-07	14848794	1995 kar wap 0
246.2	50	2.450E-07	14848794	1995 kar wap 0
246.2	100	1.620E-07	14848794	1995 kar wap 0
246.2	150	1.040E-07	14848794	1995 kar wap 0
246.2	200	7.850E-08	14848794	1995 kar wap 0
250.6	5	4.270E-07	14848794	1995 kar wap 0
250.6	50	2.890E-07	14848794	1995 kar wap 0
250.6	100	1.880E-07	14848794	1995 kar wap 0
250.6	150	1.290E-07	14848794	1995 kar wap 0
250.6	200	9.050E-08	14848794	1995 kar wap 0
256.1	5	5.860E-07	14848794	1995 kar wap 0
256.1	50	4.220E-07	14848794	1995 kar wap 0
256.1	100	2.740E-07	14848794	1995 kar wap 0
256.1	150	1.920E-07	14848794	1995 kar wap 0
256.1	200	1.310E-07	14848794	1995 kar wap 0
272.2	5	1.130E-06	14848794	1995 kar wap 0
272.2	50	7.910E-07	14848794	1995 kar wap 0
272.2	100	5.560E-07	14848794	1995 kar wap 0
272.2	150	4.010E-07	14848794	1995 kar wap 0
272.2	200	2.890E-07	14848794	1995 kar wap 0
299.2	5	2.840E-06	14848794	1995 kar wap 0
299.2	50	2.070E-06	14848794	1995 kar wap 0
299.2	100	1.500E-06	14848794	1995 kar wap 0
299.2	150	1.120E-06	14848794	1995 kar wap 0
299.2	200	8.700E-07	14848794	1995 kar wap 0
321.6	5	5.340E-06	14848794	1995 kar wap 0
321.6	50	3.710E-06	14848794	1995 kar wap 0
321.6	100	2.780E-06	14848794	1995 kar wap 0
321.6	150	2.090E-06	14848794	1995 kar wap 0
321.6	200	1.590E-06	14848794	1995 kar wap 0
345.9	5	9.890E-06	14848794	1995 kar wap 0
345.9	50	7.660E-06	14848794	1995 kar wap 0
345.9	100	5.480E-06	14848794	1995 kar wap 0
346.9	150	4.290E-06	14848794	1995 kar wap 0
346.9	200	3.300E-06	14848794	1995 kar wap 0
400.6	5	3.240E-05	14848794	1995 kar wap 0
400.6	50	2.240E-05	14848794	1995 kar wap 0
400.6	100	1.550E-05	14848794	1995 kar wap 0
400.6	150	1.260E-05	14848794	1995 kar wap 0
400.6	200	1.050E-05	14848794	1995 kar wap 0
471.4	5	1.200E-04	14848794	1995 kar wap 0
471.4	50	5.930E-05	14848794	1995 kar wap 0
471.4	100	4.200E-05	14848794	1995 kar wap 0
471.4	150	3.420E-05	14848794	1995 kar wap 0
471.4	200	2.720E-05	14848794	1995 kar wap 0
223.009	1.5	4.100E-06	1455136	1977 jon aka 0
1110	94			
233.3	5	8.100E-08	14848647	1995 kar wap 0
239.8	5	1.150E-07	14848647	1995 kar wap 0
239.8	50	6.400E-08	14848647	1995 kar wap 0
246.8	5	1.870E-07	14848647	1995 kar wap 0
246.8	50	1.060E-07	14848647	1995 kar wap 0
246.8	100	6.700E-08	14848647	1995 kar wap 0
253.7	5	2.880E-07	14848647	1995 kar wap 0
253.7	50	1.660E-07	14848647	1995 kar wap 0
253.7	100	9.760E-08	14848647	1995 kar wap 0
253.7	150	6.540E-08	14848647	1995 kar wap 0
262.8	5	4.900E-07	14848647	1995 kar wap 0
262.8	50	2.980E-07	14848647	1995 kar wap 0
262.8	100	1.880E-07	14848647	1995 kar wap 0
262.8	150	1.200E-07	14848647	1995 kar wap 0
262.8	200	7.990E-08	14848647	1995 kar wap 0
272.7	5	8.570E-07	14848647	1995 kar wap 0
272.7	50	5.410E-07	14848647	1995 kar wap 0
272.7	100	3.280E-07	14848647	1995 kar wap 0
272.7	150	2.030E-07	14848647	1995 kar wap 0
272.7	200	1.390E-07	14848647	1995 kar wap 0
293.2	5	2.390E-06	14848647	1995 kar wap 0
293.2	50	1.550E-06	14848647	1995 kar wap 0
293.2	100	1.040E-06	14848647	1995 kar wap 0
293.2	150	6.920E-07	14848647	1995 kar wap 0
293.2	200	4.540E-07	14848647	1995 kar wap 0
293.4	5	2.720E-06	14848647	1995 kar wap 0
293.4	50	1.770E-06	14848647	1995 kar wap 0
293.4	100	1.150E-06	14848647	1995 kar wap 0
293.4	150	7.870E-07	14848647	1995 kar wap 0
293.4	200	5.710E-07	14848647	1995 kar wap 0
312.9	5	5.090E-06	14848647	1995 kar wap 0
312.9	50	3.540E-06	14848647	1995 kar wap 0
312.9	100	2.450E-06	14848647	1995 kar wap 0
312.9	150	1.920E-06	14848647	1995 kar wap 0
312.9	200	1.060E-06	14848647	1995 kar wap 0
354	5	1.700E-05	14848647	1995 kar wap 0
354	50	1.150E-05	14848647	1995 kar wap 0
354	100	8.480E-06	14848647	1995 kar wap 0
354	150	6.460E-06	14848647	1995 kar wap 0
354	200	5.000E-06	14848647	1995 kar wap 0
396.8	100	2.010E-05	14848647	1995 kar wap 0
396.8	150	1.570E-05	14848647	1995 kar wap 0
396.8	200	1.230E-05	14848647	1995 kar wap 0
400.7	5	4.250E-05	14848647	1995 kar wap 0
400.7	50	3.060E-05	14848647	1995 kar wap 0
442.6	5	7.480E-05	14848647	1995 kar wap 0
442.6	50	4.950E-05	14848647	1995 kar wap 0
442.6	100	3.730E-05	14848647	1995 kar wap 0
444.7	150	3.090E-05	14848647	1995 kar wap 0
444.7	200	2.340E-05	14848647	1995 kar wap 0
474.7	5	1.100E-04	14848647	1995 kar wap 0
474.7	50	7.040E-05	14848647	1995 kar wap 0
482.6	100	5.600E-05	14848647	1995 kar wap 0
482.6	150	4.380E-05	14848647	1995 kar wap 0
482.6	200	3.560E-05	14848647	1995 kar wap 0
237.1	5	9.570E-08	6032297	1995 kar wap 0
237.1	50	5.040E-08	6032297	1995 kar wap 0
246.4	5	1.650E-07	6032297	1995 kar wap 0
246.4	50	9.690E-08	6032297	1995 kar wap 0
246.4	100	5.050E-08	6032297	1995 kar wap 0
257.5	5	3.820E-07	6032297	1995 kar wap 0
257.5	50	2.190E-07	6032297	1995 kar wap 0
257.5	100	1.540E-07	6032297	1995 kar wap 0
257.5	150	6.400E-07	6032297	1995 kar wap 0
273.8	5	9.160E-07	6032297	1995 kar wap 0
273.8	50	5.670E-07	6032297	1995 kar wap 0
273.8	100	3.690E-07	6032297	1995 kar wap 0
273.8	150	2.450E-07	6032297	1995 kar wap 0
273.8	200	1.670E-07	6032297	1995 kar wap 0
296.9	5	2.670E-06	6032297	1995 kar wap 0
296.9	50	1.800E-06	6032297	1995 kar wap 0
296.9	100	1.220E-06	6032297	1995 kar wap 0
296.9	150	9.200E-07	6032297	1995 kar wap 0
296.9	200	6.360E-07	6032297	1995 kar wap 0
335.5	5	1.080E-05	6032297	1995 kar wap 0
335.5	50	7.360E-06	6032297	1995 kar wap 0
335.5	100	5.020E-06	6032297	1995 kar wap 0
335.5	150	3.630E-06	6032297	1995 kar wap 0
335.5	200	2.750E-06	6032297	1995 kar wap 0
375.6	5	2.800E-05	6032297	1995 kar wap 0
375.6	50	1.960E-05	6032297	1995 kar wap 0
375.6	100	1.390E-05	6032297	1995 kar wap 0
375.6	150	1.020E-05	6032297	1995 kar wap 0
375.6	200	8.130E-06	6032297	1995 kar wap 0
423.9	5	6.400E-05	6032297	1995 kar wap 0
423.9	50	4.220E-05	6032297	1995 kar wap 0
423.9	100	3.070E-05	6032297	1995 kar wap 0
423.9	150	2.380E-05	6032297	1995 kar wap 0
423.9	200	1.950E-05	6032297	1995 kar wap 0
483.1	5	1.190E-04	6032297	1995 kar wap 0
483.1	50	7.150E-05	6032297	1995 kar wap 0
483.1	100	5.460E-05	6032297	1995 kar wap 0
483.1	150	4.210E-05	6032297	1995 kar wap 0
483.1	200	3.420E-05	6032297	1995 kar wap 0
1114	18			
293.145	0.101325	4.200E-06	111273	1974 moo wel 0
293.145	0.101325	4.600E-06	111273	1974 moo wel 0
298.144	0.101325	4.800E-06	111273	1974 moo wel 0
303.143	0.101325	5.000E-06	111273	1974 moo wel 0
303.143	0.101325	5.100E-06	111273	1974 moo wel 0
313.14	0.101325	5.700E-06	111273	1974 moo wel 0
313.14	0.101325	6.500E-06	111273	1974 moo wel 0
301.15	0.101	6.720E-06	111273	1990 ram das 0
278.15	0.101325	9.380E-07	111273	2016 fle for 0
288.15	0.101325	1.390E-06	111273	2016 fle for 0
298.15	0.101325	2.060E-06	111273	2016 fle for 0
308.15	0.101325	2.940E-06	111273	2016 fle for 0
318.15	0.101325	3.970E-06	111273	2016 fle for 0
328.15	0.101325	5.400E-06	111273	2016 fle for 0
338.15	0.101325	7.790E-06	111273	2016 fle for 0
348.15	0.101325	9.950E-06	111273	2016 fle for 0
358.15	0.101325	1.410E-05	111273	2016 fle for 0
298	0.1	1.926E-06	111273	2019 kan mor 0
1116	9			
278.15	0.101325	7.590E-07	623370	2016 fle for 0
288.15	0.101325	1.410E-06	623370	2016 fle for 0
298.15	0.101325	2.390E-06	623370	2016 fle for 0
308.15	0.101325	3.880E-06	623370	2016 fle for 0
318.15	0.101325	5.720E-06	623370	2016 fle for 0
328.15	0.101325	8.410E-06	623370	2016 fle for 0
338.15	0.101325	1.230E-05	623370	2016 fle for 0
348.15	0.101325	1.710E-05	623370	2016 fle for 0
358.15	0.101325	2.390E-05	623370	2016 fle for 0
1120	99			
237.6	5	3.190E-08	4781140	1995 kar wap 0
245.5	5	6.440E-08	4781140	1995 kar wap 0
245.5	50	4.390E-08	4781140	1995 kar wap 0
246.2	5	5.650E-08	4781140	1995 kar wap 0
246.2	50	3.200E-08	4781140	1995 kar wap 0
254	5	1.060E-07	4781140	1995 kar wap 0
254	50	6.050E-08	4781140	1995 kar wap 0
254	100	3.750E-08	4781140	1995 kar wap 0
264	5	2.480E-07	4781140	1995 kar wap 0
264	50	1.400E-07	4781140	1995 kar wap 0
264	100	8.100E-08	4781140	1995 kar wap 0
264	150	5.440E-08	4781140	1995 kar wap 0
264	200	4.270E-08	4781140	1995 kar wap 0
273.3	5	4.990E-07	4781140	1995 kar wap 0
273.3	50	2.910E-07	4781140	1995 kar wap 0
273.3	100	1.660E-07	4781140	1995 kar wap 0
273.3	150	1.000E-07	4781140	1995 kar wap 0
273.3	200	6.570E-08	4781140	1995 kar wap 0
294.3	5	1.900E-06	4781140	1995 kar wap 0
294.3	50	1.160E-06	4781140	1995 kar wap 0
294.3	100	7.140E-07	4781140	1995 kar wap 0
294.3	150	4.760E-07	4781140	1995 kar wap 0
294.3	200	3.210E-07	4781140	1995 kar wap 0
299.4	5	2.170E-06	4781140	1995 kar wap 0
299.4	50	1.510E-06	4781140	1995 kar wap 0
299.4	100	9.830E-07	4781140	1995 kar wap 0
299.4	150	6.150E-07	4781140	1995 kar wap 0
313.2	5	4.600E-06	4781140	1995 kar wap 0
313.2	50	2.800E-06	4781140	1995 kar wap 0
313.2	100	1.920E-06	4781140	1995 kar wap 0
313.2	150	1.420E-06	4781140	1995 kar wap 0
313.2	200	1.010E-06	4781140	1995 kar wap 0
333	5	1.040E-05	4781140	1995 kar wap 0
333	50	6.930E-06	4781140	1995 kar wap 0
333	100	4.840E-06	4781140	1995 kar wap 0
333	150	3.390E-06	4781140	1995 kar wap 0
333	200	2.590E-06	4781140	1995 kar wap 0
374.5	5	3.170E-05	4781140	1995 kar wap 0
374.5	50	2.090E-05	4781140	1995 kar wap 0
374.5	100	1.510E-05	4781140	1995 kar wap 0
374.5	150	1.130E-05	4781140	1995 kar wap 0
374.5	200	8.730E-06	4781140	1995 kar wap 0
423.3	5	7.240E-05	4781140	1995 kar wap 0
423.3	50	4.630E-05	4781140	1995 kar wap 0
423.3	100	3.260E-05	4781140	1995 kar wap 0
423.3	150	2.500E-05	4781140	1995 kar wap 0
423.3	200	1.980E-05	4781140	1995 kar wap 0
458.2	5	1.220E-04	4781140	1995 kar wap 0
458.2	50	6.930E-05	4781140	1995 kar wap 0
476.4	5	2.530E-04	4781140	1995 kar wap 0
476.4	50	7.850E-05	4781140	1995 kar wap 0
476.4	100	5.850E-05	4781140	1995 kar wap 0
476.4	150	4.450E-05	4781140	1995 kar wap 0
476.9	200	3.750E-05	4781140	1995 kar wap 0
242.2	5	4.510E-08	584021	1995 kar wap 0
257.9	5	1.710E-07	584021	1995 kar wap 0
257.9	50	9.370E-08	584021	1995 kar wap 0
257.9	100	5.440E-08	584021	1995 kar wap 0
259.7	5	8.900E-08	584021	1995 kar wap 0
259.7	50	4.920E-08	584021	1995 kar wap 0
263.3	5	2.500E-07	584021	1995 kar wap 0
263.3	50	1.440E-07	584021	1995 kar wap 0
263.3	100	7.270E-08	584021	1995 kar wap 0
263.3	150	5.110E-08	584021	1995 kar wap 0
263.3	200	3.150E-08	584021	1995 kar wap 0
272.7	5	5.170E-07	584021	1995 kar wap 0
272.7	50	3.040E-07	584021	1995 kar wap 0
272.7	100	1.620E-07	584021	1995 kar wap 0
272.7	150	1.140E-07	584021	1995 kar wap 0
272.7	200	6.160E-08	584021	1995 kar wap 0
283.5	5	1.030E-06	584021	1995 kar wap 0
283.5	50	6.260E-07	584021	1995 kar wap 0
283.5	100	3.910E-07	584021	1995 kar wap 0
283.5	150	2.470E-07	584021	1995 kar wap 0
283.5	200	1.480E-07	584021	1995 kar wap 0
296.1	5	2.280E-06	584021	1995 kar wap 0
296.1	50	8.410E-07	584021	1995 kar wap 0
296.1	100	5.190E-07	584021	1995 kar wap 0
296.1	150	3.600E-07	584021	1995 kar wap 0
297.2	5	2.320E-06	584021	1995 kar wap 0
297.2	50	1.450E-06	584021	1995 kar wap 0
328.8	5	8.980E-06	584021	1995 kar wap 0
328.8	50	5.880E-06	584021	1995 kar wap 0
328.8	100	3.980E-06	584021	1995 kar wap 0
328.8	150	2.800E-06	584021	1995 kar wap 0
328.8	200	2.060E-06	584021	1995 kar wap 0
368.1	5	2.540E-05	584021	1995 kar wap 0
368.1	50	1.700E-05	584021	1995 kar wap 0
368.1	100	1.260E-05	584021	1995 kar wap 0
368.1	150	9.360E-06	584021	1995 kar wap 0
368.1	200	7.010E-06	584021	1995 kar wap 0
416	5	5.900E-05	584021	1995 kar wap 0
416	50	3.860E-05	584021	1995 kar wap 0
416	100	2.890E-05	584021	1995 kar wap 0
416	150	2.260E-05	584021	1995 kar wap 0
416	200	1.780E-05	584021	1995 kar wap 0
474.5	5	2.260E-04	584021	1995 kar wap 0
474.5	150	4.330E-05	584021	1995 kar wap 0
474.5	200	3.470E-05	584021	1995 kar wap 0
1125	18			
293.145	0.101315	3.200E-06	111706	1974 moo wel 0
293.145	0.101325	4.100E-06	111706	1974 moo wel 0
298.144	0.101315	3.700E-06	111706	1974 moo wel 0
298.144	0.101325	4.300E-06	111706	1974 moo wel 0
303.143	0.101315	4.400E-06	111706	1974 moo wel 0
303.143	0.101325	4.800E-06	111706	1974 moo wel 0
313.14	0.101315	5.000E-06	111706	1974 moo wel 0
313.14	0.101325	5.000E-06	111706	1974 moo wel 0
301.15	0.101	5.820E-06	111706	1990 ram das 0
278.15	0.101325	6.840E-07	111706	2016 fle for 0
288.15	0.101325	1.050E-06	111706	2016 fle for 0
298.15	0.101325	1.570E-06	111706	2016 fle for 0
308.15	0.101325	2.280E-06	111706	2016 fle for 0
318.15	0.101325	3.220E-06	111706	2016 fle for 0
328.15	0.101325	4.360E-06	111706	2016 fle for 0
338.15	0.101325	5.890E-06	111706	2016 fle for 0
348.15	0.101325	7.710E-06	111706	2016 fle for 0
358.15	0.101325	1.040E-05	111706	2016 fle for 0
1127	9			
278.15	0.101325	5.200E-07	589822	2016 fle for 0
288.15	0.101325	1.000E-06	589822	2016 fle for 0
298.15	0.101325	1.780E-06	589822	2016 fle for 0
308.15	0.101325	2.930E-06	589822	2016 fle for 0
318.15	0.101325	4.320E-06	589822	2016 fle for 0
328.15	0.101325	6.450E-06	589822	2016 fle for 0
338.15	0.101325	9.290E-06	589822	2016 fle for 0
348.15	0.101325	1.280E-05	589822	2016 fle for 0
358.15	0.101325	1.770E-05	589822	2016 fle for 0
1132	10			
301.15	0.101	4.630E-06	111875	1990 ram das 0
278.15	0.101325	5.060E-07	111875	2016 fle for 0
288.15	0.101325	7.890E-07	111875	2016 fle for 0
298.15	0.101325	1.220E-06	111875	2016 fle for 0
308.15	0.101325	1.810E-06	111875	2016 fle for 0
318.15	0.101325	2.550E-06	111875	2016 fle for 0
328.15	0.101325	3.560E-06	111875	2016 fle for 0
338.15	0.101325	4.910E-06	111875	2016 fle for 0
348.15	0.101325	6.500E-06	111875	2016 fle for 0
358.15	0.101325	8.820E-06	111875	2016 fle for 0
1133	9			
278.15	0.101325	4.200E-07	589980	2016 fle for 0
288.15	0.101325	8.220E-07	589980	2016 fle for 0
298.15	0.101325	1.450E-06	589980	2016 fle for 0
308.15	0.101325	2.380E-06	589980	2016 fle for 0
318.15	0.101325	3.490E-06	589980	2016 fle for 0
328.15	0.101325	5.210E-06	589980	2016 fle for 0
338.15	0.101325	7.580E-06	589980	2016 fle for 0
348.15	0.101325	1.060E-05	589980	2016 fle for 0
358.15	0.101325	1.520E-05	589980	2016 fle for 0
1134	9			
278.15	0.101325	3.740E-07	143088	2016 fle for 0
288.15	0.101325	6.140E-07	143088	2016 fle for 0
298.15	0.101325	9.670E-07	143088	2016 fle for 0
308.15	0.101325	1.440E-06	143088	2016 fle for 0
318.15	0.101325	2.030E-06	143088	2016 fle for 0
328.15	0.101325	2.940E-06	143088	2016 fle for 0
338.15	0.101325	3.990E-06	143088	2016 fle for 0
348.15	0.101325	5.270E-06	143088	2016 fle for 0
358.15	0.101325	7.230E-06	143088	2016 fle for 0
1135	9			
278.15	0.101325	3.310E-07	624511	2016 fle for 0
288.15	0.101325	6.340E-07	624511	2016 fle for 0
298.15	0.101325	1.110E-06	624511	2016 fle for 0
308.15	0.101325	1.860E-06	624511	2016 fle for 0
318.15	0.101325	2.810E-06	624511	2016 fle for 0
328.15	0.101325	4.210E-06	624511	2016 fle for 0
338.15	0.101325	6.670E-06	624511	2016 fle for 0
348.15	0.101325	8.450E-06	624511	2016 fle for 0
358.15	0.101325	1.180E-05	624511	2016 fle for 0
1136	8			
288.15	0.101325	4.900E-07	112301	2016 fle for 0
298.15	0.101325	7.820E-07	112301	2016 fle for 0
308.15	0.101325	1.200E-06	112301	2016 fle for 0
318.15	0.101325	1.770E-06	112301	2016 fle for 0
328.15	0.101325	2.410E-06	112301	2016 fle for 0
338.15	0.101325	3.410E-06	112301	2016 fle for 0
348.15	0.101325	4.460E-06	112301	2016 fle for 0
358.15	0.101325	6.060E-06	112301	2016 fle for 0
1139	9			
278.15	0.101325	2.440E-07	1565817	2016 fle for 0
288.15	0.101325	4.710E-07	1565817	2016 fle for 0
298.15	0.101325	8.400E-07	1565817	2016 fle for 0
308.15	0.101325	1.410E-06	1565817	2016 fle for 0
318.15	0.101325	2.140E-06	1565817	2016 fle for 0
328.15	0.101325	3.260E-06	1565817	2016 fle for 0
338.15	0.101325	4.740E-06	1565817	2016 fle for 0
348.15	0.101325	6.610E-06	1565817	2016 fle for 0
358.15	0.101325	9.320E-06	1565817	2016 fle for 0
