371      c       q       EOK(K) b(cc/mol)Nd      KAD         EHB/RTc    Nas    Nds											
    2     1.45666    1.86983   246.51856    12.44774    0   .00000    .00    0    0
    3     1.66326    2.26335   251.00770    18.61237    0   .00000    .00    0    0
    4     1.70431    2.34154   261.95881    24.00690    0   .00000    .00    0    0
    5     1.86986    2.65687   256.54919    24.67389    0   .00000    .00    0    0
    7     2.07646    3.05040   261.50359    30.68843    0   .00000    .00    0    0
    8     1.91091    2.73506   266.44647    30.20747    0   .00000    .00    0    0
    9     1.82312    2.56785   264.27397    29.47552    0   .00000    .00    0    0
   11     2.28306    3.44392   265.70732    36.67768    0   .00000    .00    0    0
   12     2.11751    3.12859   270.34913    36.32328    0   .00000    .00    0    0
   13     2.11751    3.12859   270.34913    36.32328    0   .00000    .00    0    0
   14     2.02972    2.96137   268.47866    35.72220    0   .00000    .00    0    0
   15     1.95196    2.81326   276.03743    35.89197    0   .00000    .00    0    0
   17     2.48966    3.83744   269.24876    42.65182    0   .00000    .00    0    0
   18     2.32411    3.52211   273.64396    42.38929    0   .00000    .00    0    0
   19     2.32411    3.52211   273.64396    42.38929    0   .00000    .00    0    0
   20     2.32411    3.52211   273.64396    42.38929    0   .00000    .00    0    0
   21     2.23632    3.35489   272.05258    41.87893    0   .00000    .00    0    0
   22     2.15856    3.20678   278.89815    42.07638    0   .00000    .00    0    0
   23     2.15856    3.20678   278.89815    42.07638    0   .00000    .00    0    0
   24     2.23632    3.35489   272.05258    41.87893    0   .00000    .00    0    0
   25     2.07077    3.03956   277.45367    41.49976    0   .00000    .00    0    0
   27     2.69626    4.23097   272.24689    48.61625    0   .00000    .00    0    0
   28     2.53071    3.91564   276.42132    48.42354    0   .00000    .00    0    0
   29     2.53071    3.91564   276.42132    48.42354    0   .00000    .00    0    0
   30     2.53071    3.91564   276.42132    48.42354    0   .00000    .00    0    0
   31     2.53071    3.91564   276.42132    48.42354    0   .00000    .00    0    0
   32     2.44292    3.74842   275.06208    47.97976    0   .00000    .00    0    0
   33     2.36516    3.60030   281.31906    48.19705    0   .00000    .00    0    0
   34     2.36516    3.60030   281.31906    48.19705    0   .00000    .00    0    0
   35     2.36516    3.60030   281.31906    48.19705    0   .00000    .00    0    0
   36     2.44292    3.74842   275.06208    47.97976    0   .00000    .00    0    0
   37     2.36516    3.60030   281.31906    48.19705    0   .00000    .00    0    0
   38     2.36516    3.60030   281.31906    48.19705    0   .00000    .00    0    0
   39     2.44292    3.74842   275.06208    47.97976    0   .00000    .00    0    0
   40     2.27737    3.43308   280.08339    47.70591    0   .00000    .00    0    0
   41     2.27737    3.43308   280.08339    47.70591    0   .00000    .00    0    0
   42     2.27737    3.43308   280.08339    47.70591    0   .00000    .00    0    0
   43     2.19961    3.28497   287.14616    47.92701    0   .00000    .00    0    0
   44     2.18958    3.26586   278.75159    47.15554    0   .00000    .00    0    0
   46     2.90286    4.62449   274.80635    54.57410    0   .00000    .00    0    0
   47     2.48397    3.82661   282.30596    53.84778    0   .00000    .00    0    0
   48     2.69057    4.22013   284.19353    59.94583    0   .00000    .00    0    0
   51     2.39618    3.65939   281.16445    53.37470    0   .00000    .00    0    0
   52     2.31842    3.51127   287.83820    53.61610    0   .00000    .00    0    0
   53     2.39618    3.65939   281.16445    53.37470    0   .00000    .00    0    0
   54     2.31842    3.51127   287.83820    53.61610    0   .00000    .00    0    0
   56     3.10946    5.01802   277.01122    60.52731    0   .00000    .00    0    0
   57     2.60278    4.05291   283.20767    59.53098    0   .00000    .00    0    0
   58     2.60278    4.05291   283.20767    59.53098    0   .00000    .00    0    0
   63     3.31606    5.41154   278.92740    66.47711    0   .00000    .00    0    0
   64     3.52266    5.80506   280.60640    72.42435    0   .00000    .00    0    0
   65     3.72926    6.19859   282.08865    78.36962    0   .00000    .00    0    0
   66     3.93586    6.59211   283.40618    84.31335    0   .00000    .00    0    0
   67     4.14246    6.98563   284.58461    90.25584    0   .00000    .00    0    0
   68     4.34906    7.37916   285.64456    96.19732    0   .00000    .00    0    0
   69     4.55566    7.77268   286.60287   102.13798    0   .00000    .00    0    0
   70     4.76226    8.16620   287.47334   108.07796    0   .00000    .00    0    0
   71     4.96886    8.55973   288.26745   114.01735    0   .00000    .00    0    0
   73     5.17546    8.95325   288.99474   119.95626    0   .00000    .00    0    0
   74     5.38206    9.34677   289.66324   125.89475    0   .00000    .00    0    0
   75     5.58866    9.74030   290.27978   131.83288    0   .00000    .00    0    0
   76     5.79526   10.13382   290.85015   137.77071    0   .00000    .00    0    0
   77     6.00186   10.52734   291.37933   143.70826    0   .00000    .00    0    0
   90     3.42349    5.61617   298.08621    95.67147    0   .00000    .00    0    0
   91     2.73731    4.30916   278.77770    54.43629    0   .00000    .00    0    0
   96     2.64952    4.14194   277.60699    54.04345    0   .00000    .00    0    0
  101     1.61980    2.18057   265.91762    16.08938    0   .00000    .00    0    0
  102     1.82640    2.57409   269.91673    21.85345    0   .00000    .00    0    0
  104     2.03300    2.96762   273.51287    27.66754    0   .00000    .00    0    0
  105     2.07405    3.04581   282.40214    33.24114    0   .00000    .00    0    0
  107     2.28065    3.43933   284.52440    39.17758    0   .00000    .00    0    0
  111     2.11510    3.12400   290.96689    38.93712    0   .00000    .00    0    0
  112     2.11510    3.12400   290.96689    38.93712    0   .00000    .00    0    0
  137     2.23960    3.36114   276.57246    33.51239    0   .00000    .00    0    0
  138     2.28065    3.43933   284.52440    39.17758    0   .00000    .00    0    0
  147     2.32170    3.51752   292.19857    44.94145    0   .00000    .00    0    0
  153     2.69144    4.22179   303.64516    53.38233    0   .00000    .00    0    0
  154     2.69144    4.22179   303.64516    53.38233    0   .00000    .00    0    0
  159     2.44620    3.75466   279.15312    39.37752    0   .00000    .00    0    0
  160     2.65280    4.14819   281.33881    45.25672    0   .00000    .00    0    0
  202     1.36325    1.69190   287.12911    17.13648    0   .00000    .00    0    0
  204     1.56985    2.08543   287.45260    23.39423    0   .00000    .00    0    0
  205     1.49660    1.94590   303.49075    23.72720    0   .00000    .00    0    0
  206     1.49660    1.94590   303.49075    23.72720    0   .00000    .00    0    0
  207     1.56895    2.08371   283.71847    23.15184    0   .00000    .00    0    0
  209     1.77645    2.47895   288.82558    29.52660    0   .00000    .00    0    0
  210     1.70320    2.33943   302.49663    29.88043    0   .00000    .00    0    0
  211     1.70320    2.33943   302.49663    29.88043    0   .00000    .00    0    0
  212     1.77555    2.47724   285.55770    29.31292    0   .00000    .00    0    0
  213     1.61090    2.16362   298.86961    28.99566    0   .00000    .00    0    0
  214     1.84730    2.61390   280.68208    29.42207    0   .00000    .00    0    0
  216     1.98305    2.87247   290.27771    35.59505    0   .00000    .00    0    0
  223     1.81750    2.55714   298.86158    35.22346    0   .00000    .00    0    0
  234     2.18965    3.26600   291.59789    41.62633    0   .00000    .00    0    0
  250     2.39625    3.65952   292.75210    47.63408    0   .00000    .00    0    0
  259     2.60285    4.05304   293.75170    53.62597    0   .00000    .00    0    0
  260     2.80945    4.44657   294.61809    59.60666    0   .00000    .00    0    0
  262     3.22265    5.23361   296.03337    71.54540    0   .00000    .00    0    0
  269     1.65974    2.25665   319.81094    26.75451    0   .00000    .00    0    0
  270     1.86634    2.65017   317.14739    32.69018    0   .00000    .00    0    0
  303     1.26984    1.51398   340.86603    21.90839    0   .00000    .00    0    0
  402     1.98319    2.87274   231.58850    16.73609    0   .00000    .00    0    0
  403     2.18979    3.26626   238.60769    22.37956    0   .00000    .00    0    0
  405     2.39639    3.65979   244.67871    28.10261    0   .00000    .00    0    0
  501     1.65556    2.24868   348.71993    30.20486    0   .00000    .00    0    0
  502     1.96275    2.83381   330.92678    36.12359    0   .00000    .00    0    0
  503     2.57558    4.00110   323.79472    49.71867    0   .00000    .00    0    0
  504     2.13304    3.15817   332.52407    42.13705    0   .00000    .00    0    0
  505     2.26994    3.41893   319.18352    41.96398    0   .00000    .00    0    0
  506     2.26994    3.41893   319.18352    41.96398    0   .00000    .00    0    0
  507     2.26994    3.41893   319.18352    41.96398    0   .00000    .00    0    0
  508     2.66765    4.17647   327.04271    50.12458    0   .00000    .00    0    0
  509     2.33964    3.55169   329.43473    48.06326    0   .00000    .00    0    0
  510     2.34816    3.56792   317.72751    47.45373    0   .00000    .00    0    0
  513     2.44023    3.74329   321.57596    47.96510    0   .00000    .00    0    0
  514     2.57713    4.00405   310.85225    47.76028    0   .00000    .00    0    0
  515     2.57713    4.00405   310.85225    47.76028    0   .00000    .00    0    0
  516     2.57713    4.00405   310.85225    47.76028    0   .00000    .00    0    0
  518     2.54624    3.94522   326.97902    53.99097    0   .00000    .00    0    0
  519     2.38069    3.62988   336.13971    53.97075    0   .00000    .00    0    0
  520     2.55476    3.96144   316.39677    53.39068    0   .00000    .00    0    0
  524     2.65535    4.15304   309.90046    53.27897    0   .00000    .00    0    0
  527     2.61052    4.06765   323.63319    53.98569    0   .00000    .00    0    0
  532     2.88432    4.58918   304.63436    53.52929    0   .00000    .00    0    0
  534     4.46102    7.59241   267.36170    74.66586    0   .00000    .00    0    0
  558     3.92700    6.57523   290.25781    56.40966    0   .00000    .00    0    0
  559     6.19844   10.90178   278.08470    81.56322    0   .00000    .00    0    0
  560     6.19844   10.90178   278.08470    81.56322    0   .00000    .00    0    0
  561     6.19844   10.90178   278.08470    81.56322    0   .00000    .00    0    0
  563     3.36821    5.51087   324.89550    63.36215    0   .00000    .00    0    0
  601     2.59842    4.04461   299.25480    40.21635    0   .00000    .00    0    0
  701     3.70848    6.15900   278.61847    46.06885    0   .00000    .00    0    0
  702     4.01567    6.74413   277.14238    51.70027    0   .00000    .00    0    0
  703     4.01567    6.74413   277.14238    51.70027    0   .00000    .00    0    0
  706     2.56706    3.98487   334.33420    50.23747    0   .00000    .00    0    0
  715     4.32286    7.32925   275.90482    57.34073    0   .00000    .00    0    0
  804     5.76140   10.06932   262.71812    61.00717    0   .00000    .00    0    0
  805     5.76140   10.06932   262.71812    61.00717    0   .00000    .00    0    0
  814     2.55450    3.96095   326.71108    61.11389    0   .00000    .00    0    0
  820     2.36046    3.59135   337.53426    44.35673    0   .00000    .00    0    0
  922     1.33532    1.63870   344.24773    27.40539    0   .00000    .00    0    0
 1002     1.47156    1.89821   315.94122    17.29569    1   .29383   1.39    1    1
 1003     1.67816    2.29173   313.38132    23.04241    1   .34327   1.25    1    1
 1005     1.88476    2.68526   311.89687    28.84100    1   .38256   1.14    1    1
 1041     2.70673    4.25091   314.66700    38.33052    1   .35403    .87    1    1
 1051     1.89275    2.70047   292.26080    22.65892    0   .00000    .00    0    0
 1052     2.09935    3.09400   293.35225    28.37242    0   .00000    .00    0    0
 1053     2.45055    3.76295   280.63535    33.79224    0   .00000    .00    0    0
 1054     2.34700    3.56571   301.76421    39.83536    0   .00000    .00    0    0
 1059     2.65715    4.15647   282.68837    39.56514    0   .00000    .00    0    0
 1060     2.30595    3.48752   294.33990    34.13955    0   .00000    .00    0    0
 1061     2.14040    3.17219   301.62233    33.98544    0   .00000    .00    0    0
 1062     2.51255    3.88104   295.20881    39.94287    0   .00000    .00    0    0
 1065     2.28339    3.44455   314.25391    38.68047    0   .00000    .00    0    0
 1079     2.40709    3.68017   291.04303    30.28853    0   .00000    .00    0    0
 1080     2.61369    4.07369   292.19360    36.00409    0   .00000    .00    0    0
 1090     3.12792    5.05318   301.67495    43.59707    0   .00000    .00    0    0
 1102     1.81260    2.54781   244.44940    21.22563    1   .29275   4.43    1    1
 1103     2.01920    2.94133   253.11614    27.05681    1   .33499   4.07    1    1
 1104     1.85365    2.62600   255.89961    27.10052    1   .36550   4.17    1    1
 1105     2.22580    3.33485   259.82916    32.91670    1   .36972   3.79    1    1
 1106     2.06025    3.01952   262.99307    32.99777    1   .40041   3.87    1    1
 1107     2.06025    3.01952   262.99307    32.99777    1   .40041   3.87    1    1
 1108     1.97246    2.85230   259.90085    32.81678    1   .41594   3.95    1    1
 1109     2.43240    3.72838   265.16441    38.79434    1   .39872   3.57    1    1
 1110     2.26685    3.41305   268.49711    38.90400    1   .42905   3.63    1    1
 1111     2.17906    3.24583   266.04486    38.74591    1   .44453   3.70    1    1
 1112     2.26685    3.41305   268.49711    38.90400    1   .42905   3.63    1    1
 1114     2.63900    4.12190   269.49661    44.68375    1   .42330   3.39    1    1
 1115     2.47345    3.80657   272.87948    44.81591    1   .45297   3.44    1    1
 1116     2.47345    3.80657   272.87948    44.81591    1   .45297   3.44    1    1
 1117     2.47345    3.80657   272.87948    44.81591    1   .45297   3.44    1    1
 1120     2.26685    3.41305   268.49711    38.90400    1   .42905   3.63    1    1
 1121     2.88665    4.59362   279.39325    56.65028    1   .49062   3.15    1    1
 1123     2.26685    3.41305   268.49711    38.90400    1   .42905   3.63    1    1
 1124     2.10130    3.09771   272.46117    39.03141    1   .46437   3.70    1    1
 1125     2.84560    4.51543   273.07811    50.58136    1   .44438   3.24    1    1
 1126     2.68005    4.20009   276.44329    50.73172    1   .47323   3.28    1    1
 1130     2.30790    3.49124   276.83696    44.96685    1   .48710   3.50    1    1
 1132     3.05220    4.90895   276.08418    56.48493    1   .46266   3.11    1    1
 1133     2.88665    4.59362   279.39325    56.65028    1   .49062   3.15    1    1
 1134     3.25880    5.30247   278.64014    62.39298    1   .47865   3.01    1    1
 1135     3.09325    4.98714   281.87160    62.57090    1   .50571   3.04    1    1
 1136     3.46540    5.69600   280.83772    68.30451    1   .49276   2.91    1    1
 1137     3.67200    6.08952   282.74562    74.21879    1   .50530   2.83    1    1
 1140     3.87860    6.48304   284.41619    80.13528    1   .51652   2.76    1    1
 1141     4.08520    6.87657   285.88997    86.05359    1   .52662   2.69    1    1
 1142     4.29180    7.27009   287.19895    91.97340    1   .53575   2.64    1    1
 1143     4.49840    7.66361   288.36854    97.89449    1   .54405   2.58    1    1
 1144     4.70500    8.05714   289.41924   103.81666    1   .55163   2.54    1    1
 1145     4.91160    8.45066   290.36778   109.73976    1   .55857   2.49    1    1
 1146     5.11820    8.84418   291.22791   115.66367    1   .56496   2.45    1    1
 1148     5.53140    9.63123   292.72679   127.51355    1   .57632   2.38    1    1
 1149     5.32480    9.23771   292.01106   121.58830    1   .57086   2.42    1    1
 1151     2.42999    3.72379   282.88951    40.94165    1   .42121   3.36    1    1
 1167     1.71919    2.36988   277.51116    26.11169    1   .37971   4.09    1    1
 1170     3.92614    6.57359   258.10972    46.43600    1   .29568   2.94    1    1
 1172     3.92614    6.57359   258.10972    46.43600    1   .29568   2.94    1    1
 1174     3.92614    6.57359   258.10972    46.43600    1   .29568   2.94    1    1
 1176     3.92614    6.57359   258.10972    46.43600    1   .29568   2.94    1    1
 1177     3.92614    6.57359   258.10972    46.43600    1   .29568   2.94    1    1
 1178     3.92614    6.57359   258.10972    46.43600    1   .29568   2.94    1    1
 1180     2.28238    3.44263   326.80846    43.47887    1   .47624   3.08    1    1
 1181     3.31176    5.40335   256.09182    35.12509    1   .26515   3.21    1    1
 1182     3.61895    5.98847   257.21092    40.77701    1   .28169   3.06    1    1
 1183     3.61895    5.98847   257.21092    40.77701    1   .28169   3.06    1    1
 1184     3.61895    5.98847   257.21092    40.77701    1   .28169   3.06    1    1
 1185     3.78924    6.31283   262.06329    46.65835    1   .30783   2.97    1    1
 1187     3.78924    6.31283   262.06329    46.65835    1   .30783   2.97    1    1
 1198     7.60586   13.58258   246.32186    80.55694    1   .26479   2.28    1    1
 1202     2.06363    3.02596   318.75325    37.56158    1   .45504   3.43    1    1
 1212     2.37514    3.61931   245.25963    33.10837    1   .34849   3.35    1    1
 1221     2.41619    3.69750   253.98053    39.48944    1   .40859   3.25    1    1
 1231     2.56553    3.98196   239.08958    38.86713    1   .37874   3.00    1    1
 1252     1.22833    1.43491   257.54211     5.57092    1   .11338   2.79    1    1
 1253     1.43493    1.82844   249.08705    11.57572    1   .20168   1.99    1    1
 1254     2.88113    4.58310   276.96987    53.04255    1   .46026    .94    1    1
 1256     1.64153    2.22196   253.64189    17.51508    1   .26675   1.62    1    1
 1258     1.84813    2.61548   259.10350    23.44096    1   .31709   1.40    1    1
 1259     2.67453    4.18958   274.48235    47.12179    1   .44047    .99    1    1
 1260     1.47598    1.90663   260.34176    16.71065    1   .28304   1.71    1    1
 1261     1.68258    2.30015   264.65225    22.88798    1   .34007   1.45    1    1
 1262     2.05473    3.00901   263.97225    29.36228    1   .35725   1.25    1    1
 1265     2.46793    3.79605   271.55876    41.20174    1   .41737   1.06    1    1
 1269     3.29433    5.37015   280.95561    64.88640    1   .49241    .86    1    1
 1276     4.53393    7.73129   288.29156   100.43557    1   .55380    .73    1    1
 1283     2.77069    4.37274   275.20510    33.88347    1   .30573    .94    1    1
 1301     1.78393    2.49320   271.82285    22.90244    1   .32095   1.36    1    1
 1302     1.99053    2.88672   275.40898    28.77420    1   .36139   1.22    1    1
 1303     2.19713    3.28025   278.46281    34.65837    1   .39436   1.12    1    1
 1305     2.23818    3.35844   286.53000    40.38248    1   .45106   1.07    1    1
 1306     2.61033    4.06729   283.19449    46.45026    1   .44487    .99    1    1
 1312     2.46910    3.79828   247.72083    23.36323    0   .00000    .00    0    0
 1313     2.67570    4.19181   252.52565    28.94487    0   .00000    .00    0    0
 1314     2.88230    4.58533   256.63699    34.60029    0   .00000    .00    0    0
 1315     3.08890    4.97885   260.18086    40.30842    0   .00000    .00    0    0
 1316     2.92335    4.66352   262.88969    40.17553    0   .00000    .00    0    0
 1317     3.12995    5.05704   265.94109    45.95468    0   .00000    .00    0    0
 1319     2.71675    4.27000   259.35233    34.43062    0   .00000    .00    0    0
 1321     2.37569    3.62036   270.07995    27.76444    0   .00000    .00    0    0
 1322     2.09568    3.08701   282.75292    29.12458    0   .00000    .00    0    0
 1323     2.30228    3.48053   284.82759    34.93661    0   .00000    .00    0    0
 1324     2.50888    3.87405   286.59072    40.77554    0   .00000    .00    0    0
 1326     2.71548    4.26758   288.09515    46.63338    0   .00000    .00    0    0
 1327     2.71548    4.26758   288.09515    46.63338    0   .00000    .00    0    0
 1332     2.30228    3.48053   284.82759    34.93661    0   .00000    .00    0    0
 1333     2.50888    3.87405   286.59072    40.77554    0   .00000    .00    0    0
 1336     1.64741    2.23316   379.01679    46.95150    0   .00000    .00    0    0
 1344     1.51295    1.97705   422.40198    45.93172    0   .00000    .00    0    0
 1347     2.54993    3.95224   293.45823    46.53235    0   .00000    .00    0    0
 1360     1.68846    2.31135   387.80638    52.97166    0   .00000    .00    0    0
 1381     2.78790    4.40552   356.81574    60.44466    0   .00000    .00    0    0
 1385     2.92208    4.66110   289.38818    52.50500    0   .00000    .00    0    0
 1400     1.66085    2.25876   277.15481    21.35705    0   .00000    .00    0    0
 1401     1.91610    2.74495   234.66387    16.44575    0   .00000    .00    0    0
 1402     1.79217    2.50889   288.01135    28.23307    0   .00000    .00    0    0
 1403     1.98915    2.88409   290.48638    39.17602    0   .00000    .00    0    0
 1404     2.61857    4.08299   293.22301    52.15848    0   .00000    .00    0    0
 1405     2.28256    3.44297   253.15003    32.83694    0   .00000    .00    0    0
 1407     2.12270    3.13847   241.53525    22.11535    0   .00000    .00    0    0
 1415     1.99877    2.90242   289.56621    34.23765    0   .00000    .00    0    0
 1421     1.67102    2.27813   342.33368    28.35789    0   .00000    .00    0    0
 1427     2.48916    3.83649   257.80978    38.78734    0   .00000    .00    0    0
 1431     2.58214    4.01360   236.77803    25.03335    0   .00000    .00    0    0
 1432     1.96213    2.83263   329.70144    43.54268    0   .00000    .00    0    0
 1446     2.20537    3.29594   290.96151    40.22241    0   .00000    .00    0    0
 1447     1.90536    2.72449   322.18326    39.14117    0   .00000    .00    0    0
 1455     2.78874    4.40712   242.23106    30.65159    0   .00000    .00    0    0
 1461     3.15127    5.09765   268.05493    37.99641    0   .00000    .00    0    0
 1479     1.61980    2.18057   265.91762    16.08938    0   .00000    .00    0    0
 1503     1.62058    2.18206   283.41245    18.08473    0   .00000    .00    0    0
 1504     1.11262    1.21451   444.71485    17.90850    0   .00000    .00    0    0
 1522     2.15110    3.19257   250.33381    22.51743    0   .00000    .00    0    0
 1523     1.78450    2.49428   316.86305    22.47344    0   .00000    .00    0    0
 1524     2.31502    3.50480   277.36045    26.80775    0   .00000    .00    0    0
 1526     1.91535    2.74352   308.48796    27.66087    0   .00000    .00    0    0
 1527     1.22833    1.43491   262.62369     5.53740    0   .00000    .00    0    0
 1529     2.84554    4.51531   255.30725    31.04816    0   .00000    .00    0    0
 1541     1.09541    1.18173   799.43313    26.65593    0   .00000    .00    0    0
 1542      .88850     .78762  1463.41032    27.82859    0   .00000    .00    0    0
 1571     1.54630    2.04057   337.88224    24.85927    0   .00000    .00    0    0
 1572     1.43704    1.83246   325.30052    19.55781    0   .00000    .00    0    0
 1573     1.43704    1.83246   325.30052    19.55781    0   .00000    .00    0    0
 1578     1.85349    2.62569   320.89053    30.78920    0   .00000    .00    0    0
 1581      .99534     .99112   727.52991    22.30840    0   .00000    .00    0    0
 1585     1.82718    2.57558   285.38218    23.85647    0   .00000    .00    0    0
 1587     1.95803    2.82482   279.87436    28.92804    0   .00000    .00    0    0
 1588     2.24038    3.36263   288.88347    35.52199    0   .00000    .00    0    0
 1609     1.00000    1.00000   876.91741     4.06365    0   .00000    .00    0    0
 1611     2.94520    4.70514   240.28744    37.90853    0   .00000    .00    0    0
 1619     1.98746    2.88087   184.01111     9.76890    0   .00000    .00    0    0
 1620     2.72486    4.28544   158.38974    13.20581    0   .00000    .00    0    0
 1623     5.73802   10.02479   162.55268    31.55961    0   .00000    .00    0    0
 1625     7.34790   13.09123   166.76934    41.46804    0   .00000    .00    0    0
 1626     8.15284   14.62444   168.29553    46.30989    0   .00000    .00    0    0
 1627     8.95778   16.15766   169.55860    51.10835    0   .00000    .00    0    0
 1641     1.39599    1.75427   289.92134    19.74816    0   .00000    .00    0    0
 1645     1.60259    2.14779   290.19416    26.08043    0   .00000    .00    0    0
 1673     1.74852    2.42575   330.34703    40.09237    0   .00000    .00    0    0
 1681     1.55190    2.05124   291.45296    16.96336    0   .00000    .00    0    0
 1691     2.78707    4.40394   301.72690    38.32263    0   .00000    .00    0    0
 1693     1.75913    2.44596   616.20932      .27331    0   .00000    .00    0    0
 1694     2.68190    4.20362   198.74365    21.06140    0   .00000    .00    0    0
 1702     1.73875    2.40714   275.47343    18.10087    1   .26026   1.76    1    1
 1703     1.65728    2.25196   269.45309    23.38136    0   .00000    .00    0    0
 1704     1.37260    1.70971   330.46086    18.20531    1   .33158   1.42    1    1
 1706     3.40793    5.58653   272.40046    44.70799    0   .00000    .00    0    0
 1707     3.16850    5.13047   235.66390    38.37463    1   .30278   1.03    1    1
 1710     2.75530    4.34343   224.34083    27.00045    1   .24499   1.20    1    1
 1711     1.57920    2.10324   325.02284    24.06689    1   .38100   1.26    1    1
 1712     1.78580    2.49676   321.66035    29.94472    1   .41921   1.15    1    1
 1714     1.62025    2.18143   335.64760    29.72426    1   .45864   1.18    1    1
 1719     1.90067    2.71556   281.12449    27.49500    1   .36165   1.60    1    1
 1723     1.72854    2.38769   463.78169    24.49194    1   .35423   1.05    1    1
 1724     3.46718    5.69939   362.16329    38.90048    1   .28049    .84    1    1
 1725     4.47575    7.62047   268.72903    61.15268    1   .34158   2.52    1    1
 1741     1.28854    1.54960   420.31229    23.27806    1   .45164   1.14    1    1
 1744     3.58170    5.91752   244.36596    49.91254    1   .34839    .93    1    1
 1748     1.43704    1.83246   325.30051    19.55781    0   .00000    .00    0    0
 1766     2.71184    4.26064   231.92328    23.92092    1   .22052   1.16    1    1
 1773     7.22669   12.86035   153.91858    14.94851    1   .05171    .83    1    1
 1782     7.43329   13.25387   157.98654    19.45407    1   .06543    .78    1    1
 1783     7.63989   13.64740   161.87526    24.12679    1   .07895    .74    1    1
 1792     1.54630    2.04057   331.11456    25.13953    1   .40645   1.17    1    1
 1797     3.59545    5.94371   211.03693    30.61841    0   .00000    .00    0    0
 1802     1.22833    1.43491   434.55961    10.53816    1   .21448   2.79    1    1
 1813     2.08888    3.07406   282.96315    26.14592    0   .00000    .00    0    0
 1818     1.63636    2.21211   367.05406    32.73467    0   .00000    .00    0    0
 1820     1.88228    2.68053   280.56049    20.47540    0   .00000    .00    0    0
 1864     5.82964   10.19931   186.97761    29.29109    0   .00000    .00    0    0
 1874     2.35424    3.57950   266.99623    23.23495    1   .24674   1.10    1    1
 1998     1.64714    2.23265   335.57495    20.08734    0   .00000    .00    0    0
 2082     7.65466   13.67553   294.54441   191.20193    0   .00000    .00    0    0
 2086     8.48106   15.24962   295.64767   214.94594    0   .00000    .00    0    0
 2088     2.24043    3.36272   327.88948    35.07987    0   .00000    .00    0    0
 2112     3.78924    6.31283   262.06329    46.65835    1   .30783   2.97    1    1
 2260     2.30238    3.48072   276.05365    40.99635    1   .44515   1.08    1    1
 2261     2.26133    3.40253   268.09476    35.28211    1   .39006   1.14    1    1
 2332     1.23421    1.44611   418.87080    34.01122    0   .00000    .00    0    0
 2337     1.44081    1.83964   394.69109    40.59431    0   .00000    .00    0    0
 2391     1.44600    1.84952   343.70678    25.68364    0   .00000    .00    0    0
 2422     1.67102    2.27813   342.33368    28.35789    0   .00000    .00    0    0
 2623     4.93308    8.49157   159.59138    26.39336    0   .00000    .00    0    0
 2626     6.54296   11.55801   164.89466    36.56279    0   .00000    .00    0    0
 2629     2.79240    4.41409   175.71373    16.81985    0   .00000    .00    0    0
 2640     2.22156    3.32678   230.78737    28.43134    0   .00000    .00    0    0
 2647     1.38196    1.72754   260.01515    13.24843    0   .00000    .00    0    0
 2648     2.14109    3.17350   189.65614    17.70898    0   .00000    .00    0    0
 2649     1.22833    1.43491   959.53105      .12084    0   .00000    .00    0    0
 2652     3.32320    5.42514   152.27023    14.79152    0   .00000    .00    0    0
 2654     4.21976    7.13287   189.20060    19.97536    0   .00000    .00    0    0
 2655     1.75913    2.44596   616.20948      .27331    0   .00000    .00    0    0
 2686     1.16766    1.31935   306.31083    12.17392    0   .00000    .00    0    0
 2687     1.92679    2.76531   202.14861    16.95319    0   .00000    .00    0    0
 2688     2.14026    3.17192   267.57377    33.00953    0   .00000    .00    0    0
 2692     1.75913    2.44596   217.89797     3.10329    0   .00000    .00    0    0
 2693     2.51826    3.89192   164.33916     6.63025    0   .00000    .00    0    0
 2695     1.22833    1.43491   262.62371     5.53740    0   .00000    .00    0    0
 2708     2.61220    4.07085   315.38087    53.53772    1   .51238    .90    1    1
 2752     3.59728    5.94720   213.95826    25.72400    1   .17877   1.04    1    1
 2785     1.43704    1.83246   325.30051    19.55781    0   .00000    .00    0    0
 2796     1.45666    1.86983   246.51856    12.44774    0   .00000    .00    0    0
 2797     3.59545    5.94371   211.03693    30.61841    0   .00000    .00    0    0
 2799     3.59545    5.94371   211.03693    30.61841    0   .00000    .00    0    0
 2862     2.12089    3.13503   323.28301    41.90439    0   .00000    .00    0    0
 3318     2.96313    4.73929   295.14557    58.35518    0   .00000    .00    0    0
 3545     3.08800    4.97714   318.01300    65.79684    0   .00000    .00    0    0
 3606     2.99900    4.80762   183.84568    22.44951    0   .00000    .00    0    0
 3854     2.51969    3.89464   255.91529    35.08480    1   .34811   3.63    1    1
 5884     3.01121    4.83087   277.57758    43.50585    0   .00000    .00    0    0
 6862     2.30129    3.47865   380.21700    30.04670    1   .32641   1.20    1    1
