19	1051	1101	.117	.6945	acetone + methanol  !!!NOTE: This DB is ordered in accordance with Table 1!!!
298.136	0.05	0.11715	0.101325	1958 kis wal 0
298.136	0.1	0.22175	0.101325	1958 kis wal 0
298.136	0.15	0.31798	0.101325	1958 kis wal 0
298.136	0.2	0.40166	0.101325	1958 kis wal 0
298.136	0.25	0.48116	0.101325	1958 kis wal 0
298.136	0.3	0.54392	0.101325	1958 kis wal 0
298.136	0.35	0.59831	0.101325	1958 kis wal 0
298.136	0.4	0.64015	0.101325	1958 kis wal 0
298.136	0.45	0.67362	0.101325	1958 kis wal 0
298.136	0.5	0.69036	0.101325	1958 kis wal 0
298.136	0.55	0.69454	0.101325	1958 kis wal 0
298.136	0.6	0.68618	0.101325	1958 kis wal 0
298.136	0.65	0.66107	0.101325	1958 kis wal 0
298.136	0.7	0.62342	0.101325	1958 kis wal 0
298.136	0.75	0.56484	0.101325	1958 kis wal 0
298.136	0.8	0.49371	0.101325	1958 kis wal 0
298.136	0.85	0.40166	0.101325	1958 kis wal 0
298.136	0.9	0.2887	0.101325	1958 kis wal 0
298.136	0.95	0.15481	0.101325	1958 kis wal 0
16	1521	1101	-.631	.393		chloroform+methanol
298.144	0.9827	0.142	0.101325	1983 nag tam 0
298.144	0.9391	0.3304	0.101325	1983 nag tam 0
298.144	0.8687	0.3926	0.101325	1983 nag tam 0
298.144	0.7763	0.2778	0.101325	1983 nag tam 0
298.144	0.6993	0.1304	0.101325	1983 nag tam 0
298.144	0.6164	-0.053	0.101325	1983 nag tam 0
298.144	0.536	-0.2282	0.101325	1983 nag tam 0
298.144	0.4438	-0.407	0.101325	1983 nag tam 0
298.144	0.3804	-0.5281	0.101325	1983 nag tam 0
298.144	0.2979	-0.6081	0.101325	1983 nag tam 0
298.144	0.252	-0.6308	0.101325	1983 nag tam 0
298.144	0.1991	-0.593	0.101325	1983 nag tam 0
298.144	0.1338	-0.4847	0.101325	1983 nag tam 0
298.144	0.0683	-0.2874	0.101325	1983 nag tam 0
298.144	0.0153	-0.0693	0.101325	1983 nag tam 0
298.144	0.0035	-0.0176	0.101325	1983 nag tam 0
20	1051	1105	.301	1.533		acetone + 1-butanol
298.15	0.048	0.3139	0.4	1995 low sch 0
298.15	0.089	0.5628	0.4	1995 low sch 0
298.15	0.099	0.6002	0.4	1995 low sch 0
298.15	0.151	0.84	0.4	1995 low sch 0
298.15	0.198	1.025	0.4	1995 low sch 0
298.15	0.252	1.1975	0.4	1995 low sch 0
298.15	0.311	1.3428	0.4	1995 low sch 0
298.15	0.356	1.4223	0.4	1995 low sch 0
298.15	0.4	1.4806	0.4	1995 low sch 0
298.15	0.454	1.5222	0.4	1995 low sch 0
298.15	0.51	1.5332	0.4	1995 low sch 0
298.15	0.559	1.5183	0.4	1995 low sch 0
298.15	0.609	1.4748	0.4	1995 low sch 0
298.15	0.658	1.4038	0.4	1995 low sch 0
298.15	0.706	1.3065	0.4	1995 low sch 0
298.15	0.758	1.1685	0.4	1995 low sch 0
298.15	0.803	1.0249	0.4	1995 low sch 0
298.15	0.852	0.8298	0.4	1995 low sch 0
298.15	0.9	0.6047	0.4	1995 low sch 0
298.15	0.955	0.301	0.4	1995 low sch 0
29	1101	1003	-8.59	-.44	methanol + propanal	NOTE:!!! -8.59 is extraordinary. Must be acetal reaction or some such.!!!
298.15	0.03	-0.44	4	1995 cot cab 0
298.15	0.05	-1.14	4	1995 cot cab 0
298.15	0.1	-2.38	4	1995 cot cab 0
298.15	0.149	-3.22	4	1995 cot cab 0
298.15	0.199	-4.42	4	1995 cot cab 0
298.15	0.25	-5.66	4	1995 cot cab 0
298.15	0.301	-7.1	4	1995 cot cab 0
298.15	0.318	-7.26	4	1995 cot cab 0
298.15	0.348	-7.91	4	1995 cot cab 0
298.15	0.354	-7.82	4	1995 cot cab 0
298.15	0.382	-8.15	4	1995 cot cab 0
298.15	0.404	-8.31	4	1995 cot cab 0
298.15	0.449	-8.59	4	1995 cot cab 0
298.15	0.476	-8.54	4	1995 cot cab 0
298.15	0.502	-8.34	4	1995 cot cab 0
298.15	0.553	-7.8	4	1995 cot cab 0
298.15	0.642	-6.58	4	1995 cot cab 0
298.15	0.703	-5.77	4	1995 cot cab 0
298.15	0.723	-5.3	4	1995 cot cab 0
298.15	0.754	-4.95	4	1995 cot cab 0
298.15	0.774	-4.42	4	1995 cot cab 0
298.15	0.801	-4.1	4	1995 cot cab 0
298.15	0.882	-2.75	4	1995 cot cab 0
298.15	0.9	-2.24	4	1995 cot cab 0
298.15	0.935	-1.61	4	1995 cot cab 0
298.15	0.949	-1.24	4	1995 cot cab 0
298.15	0.971	-0.664	4	1995 cot cab 0
298.15	0.98	-0.539	4	1995 cot cab 0
298.15	0.99	-0.318	4	1995 cot cab 0
11	1051	2851	-.031	.417		acetone + formamide
298.136	0.013	-0.018828	0.101	1967 qui hof 0
298.136	0.034	-0.030962	0.101	1967 qui hof 0
298.136	0.076	-0.027196	0.101	1967 qui hof 0
298.136	0.171	0.109202	0.101	1967 qui hof 0
298.136	0.269	0.231375	0.101	1967 qui hof 0
298.136	0.419	0.344762	0.101	1967 qui hof 0
298.136	0.572	0.412542	0.101	1967 qui hof 0
298.136	0.721	0.417145	0.101	1967 qui hof 0
298.136	0.855	0.292880	0.101	1967 qui hof 0
298.136	0.923	0.189535	0.101	1967 qui hof 0
298.136	0.962	0.094140	0.101	1967 qui hof 0
13	1792	1051	-1.21	-.18	aniline + acetone
298.136	0.0388	-0.179912	0.101325	1967 des pan 1
298.136	0.0759	-0.338904	0.101325	1967 des pan 1
298.136	0.2898	-1.01671	0.101325	1967 des pan 1
298.136	0.3417	-1.12968	0.101325	1967 des pan 1
298.136	0.4036	-1.20165	0.101325	1967 des pan 1
298.136	0.4776	-1.21252	0.101325	1967 des pan 1
298.136	0.5183	-1.19328	0.101325	1967 des pan 1
298.136	0.5773	-1.11880	0.101325	1967 des pan 1
298.136	0.6892	-0.935124	0.101325	1967 des pan 1
298.136	0.7515	-0.777387	0.101325	1967 des pan 1
298.136	0.8262	-0.570279	0.101325	1967 des pan 1
298.136	0.8707	-0.433881	0.101325	1967 des pan 1
298.136	0.925	-0.25104	0.101325	1967 des pan 1
16	1521	1792	.017	.192		chloroform + phenylamine
298.136	0.9578	0.017154	0.101	1967 des pan 1
298.136	0.8713	0.056484	0.101	1967 des pan 1
298.136	0.8136	0.083680	0.101	1967 des pan 1
298.136	0.796	0.092885	0.101	1967 des pan 1
298.136	0.7606	0.108784	0.101	1967 des pan 1
298.136	0.7068	0.133888	0.101	1967 des pan 1
298.136	0.6601	0.150624	0.101	1967 des pan 1
298.136	0.5719	0.179912	0.101	1967 des pan 1
298.136	0.4947	0.192464	0.101	1967 des pan 1
298.136	0.4887	0.189954	0.101	1967 des pan 1
298.136	0.396	0.188280	0.101	1967 des pan 1
298.136	0.3451	0.181167	0.101	1967 des pan 1
298.136	0.2823	0.167360	0.101	1967 des pan 1
298.136	0.23	0.151042	0.101	1967 des pan 1
298.136	0.1587	0.115897	0.101	1967 des pan 1
298.136	0.0862	0.071546	0.101	1967 des pan 1
17	1101	1792		methanol + phenylamine
298.136	0.9854	-0.046861	0.101325	1967 des pan 1
298.136	0.9643	-0.089956	0.101325	1967 des pan 1
298.136	0.931	-0.14393	0.101325	1967 des pan 1
298.136	0.8949	-0.185351	0.101325	1967 des pan 1
298.136	0.8615	-0.217986	0.101325	1967 des pan 1
298.136	0.792	-0.25104	0.101325	1967 des pan 1
298.136	0.7564	-0.260245	0.101325	1967 des pan 1
298.136	0.7236	-0.264429	0.101325	1967 des pan 1
298.136	0.6604	-0.256479	0.101325	1967 des pan 1
298.136	0.5732	-0.206271	0.101325	1967 des pan 1
298.136	0.5203	-0.176565	0.101325	1967 des pan 1
298.136	0.4526	-0.145185	0.101325	1967 des pan 1
298.136	0.3778	-0.103345	0.101325	1967 des pan 1
298.136	0.2792	-0.055229	0.101325	1967 des pan 1
298.136	0.2154	-0.015899	0.101325	1967 des pan 1
298.136	0.1636	0.002929	0.101325	1967 des pan 1
298.136	0.098	0.007113	0.101325	1967 des pan 1
 1	1051	1710	.049	.049		acetone + N,N-diethylamine
294.15	0.05	0.049	0.101	2015 ina jin 0
9	1706	1710	.072	.385		triethylamine + diethylamine
293.145	0.887408	0.113805	0.101	1973 rat lis 2
293.145	0.734668	0.248111	0.101	1973 rat lis 2
293.145	0.579532	0.356477	0.101	1973 rat lis 2
293.145	0.446070	0.385346	0.101	1973 rat lis 2
293.145	0.303385	0.356477	0.101	1973 rat lis 2
293.145	0.192480	0.293298	0.101	1973 rat lis 2
293.145	0.137732	0.235559	0.101	1973 rat lis 2
293.145	0.0735733	0.148532	0.101	1973 rat lis 2
293.145	0.0336768	0.071965	0.101	1973 rat lis 2
33	1710	1772	.073	.637		diethylamine + acetonitrile
298.15	0.0246	0.073	0.101	2005 che fra 0
298.15	0.0492	0.142	0.101	2005 che fra 0
298.15	0.0737	0.205	0.101	2005 che fra 0
298.15	0.098	0.261	0.101	2005 che fra 0
298.15	0.1223	0.317	0.101	2005 che fra 0
298.15	0.1693	0.414	0.101	2005 che fra 0
298.15	0.2155	0.495	0.101	2005 che fra 0
298.15	0.2607	0.551	0.101	2005 che fra 0
298.15	0.3048	0.593	0.101	2005 che fra 0
298.15	0.3476	0.617	0.101	2005 che fra 0
298.15	0.389	0.632	0.101	2005 che fra 0
298.15	0.4289	0.637	0.101	2005 che fra 0
298.15	0.4671	0.636	0.101	2005 che fra 0
298.15	0.5036	0.625	0.101	2005 che fra 0
298.15	0.5385	0.613	0.101	2005 che fra 0
298.15	0.5863	0.584	0.101	2005 che fra 0
298.15	0.6304	0.552	0.101	2005 che fra 0
298.15	0.6708	0.516	0.101	2005 che fra 0
298.15	0.7075	0.479	0.101	2005 che fra 0
298.15	0.7408	0.439	0.101	2005 che fra 0
298.15	0.7707	0.401	0.101	2005 che fra 0
298.15	0.7977	0.364	0.101	2005 che fra 0
298.15	0.8217	0.329	0.101	2005 che fra 0
298.15	0.8432	0.296	0.101	2005 che fra 0
298.15	0.8622	0.265	0.101	2005 che fra 0
298.15	0.8791	0.238	0.101	2005 che fra 0
298.15	0.8941	0.214	0.101	2005 che fra 0
298.15	0.9072	0.193	0.101	2005 che fra 0
298.15	0.9189	0.173	0.101	2005 che fra 0
298.15	0.9291	0.156	0.101	2005 che fra 0
298.15	0.938	0.138	0.101	2005 che fra 0
298.15	0.9459	0.121	0.101	2005 che fra 0
298.15	0.9528	0.106	0.101	2005 che fra 0
38	1521	1706	-3.901	-.33		chloroform + triethylamine
298.144	0.933	-0.802	0.101325	1988 bec hal 0
298.144	0.873	-1.505	0.101325	1988 bec hal 0
298.144	0.818	-2.113	0.101325	1988 bec hal 0
298.144	0.768	-2.63	0.101325	1988 bec hal 0
298.144	0.722	-3.06	0.101325	1988 bec hal 0
298.144	0.679	-3.409	0.101325	1988 bec hal 0
298.144	0.64	-3.683	0.101325	1988 bec hal 0
298.144	0.604	-3.888	0.101325	1988 bec hal 0
298.144	0.571	-4.032	0.101325	1988 bec hal 0
298.144	0.54	-4.121	0.101325	1988 bec hal 0
298.144	0.511	-4.162	0.101325	1988 bec hal 0
298.144	0.484	-4.163	0.101325	1988 bec hal 0
298.144	0.458	-4.13	0.101325	1988 bec hal 0
298.144	0.435	-4.071	0.101325	1988 bec hal 0
298.144	0.412	-3.992	0.101325	1988 bec hal 0
298.144	0.397	-3.892	0.101325	1988 bec hal 0
298.144	0.392	-3.901	0.101325	1988 bec hal 0
298.144	0.379	-3.836	0.101325	1988 bec hal 0
298.144	0.372	-3.803	0.101325	1988 bec hal 0
298.144	0.36	-3.746	0.101325	1988 bec hal 0
298.144	0.354	-3.706	0.101325	1988 bec hal 0
298.144	0.341	-3.63	0.101325	1988 bec hal 0
298.144	0.335	-3.615	0.101325	1988 bec hal 0
298.144	0.322	-3.618	0.101325	1988 bec hal 0
298.144	0.303	-3.338	0.101325	1988 bec hal 0
298.144	0.283	-3.17	0.101325	1988 bec hal 0
298.144	0.263	-2.991	0.101325	1988 bec hal 0
298.144	0.242	-2.802	0.101325	1988 bec hal 0
298.144	0.222	-2.604	0.101325	1988 bec hal 0
298.144	0.201	-2.397	0.101325	1988 bec hal 0
298.144	0.179	-2.182	0.101325	1988 bec hal 0
298.144	0.158	-1.956	0.101325	1988 bec hal 0
298.144	0.136	-1.719	0.101325	1988 bec hal 0
298.144	0.114	-1.47	0.101325	1988 bec hal 0
298.144	0.092	-1.207	0.101325	1988 bec hal 0
298.144	0.069	-0.93	0.101325	1988 bec hal 0
298.144	0.046	-0.637	0.101325	1988 bec hal 0
298.144	0.023	-0.327	0.101325	1988 bec hal 0
17	1521	1312	-1.61	-.1255		chloroform + methyl acetate
308.142	0.035	-0.1486	0.101325	1980 oht asa 0
308.142	0.091	-0.3748	0.101325	1980 oht asa 0
308.142	0.147	-0.591	0.101325	1980 oht asa 0
308.142	0.222	-0.873	0.101325	1980 oht asa 0
308.142	0.29	-1.104	0.101325	1980 oht asa 0
308.142	0.384	-1.3692	0.101325	1980 oht asa 0
308.142	0.439	-1.4856	0.101325	1980 oht asa 0
308.142	0.48	-1.5514	0.101325	1980 oht asa 0
308.142	0.525	-1.5934	0.101325	1980 oht asa 0
308.142	0.587	-1.6098	0.101325	1980 oht asa 0
308.142	0.638	-1.5748	0.101325	1980 oht asa 0
308.142	0.699	-1.4758	0.101325	1980 oht asa 0
308.142	0.76	-1.3045	0.101325	1980 oht asa 0
308.142	0.819	-1.0759	0.101325	1980 oht asa 0
308.142	0.887	-0.7317	0.101325	1980 oht asa 0
308.142	0.953	-0.3308	0.101325	1980 oht asa 0
308.142	0.983	-0.1255	0.101325	1980 oht asa 0
39	1521	1402	-2.73	-.22		chloroform+ethylEther
298.144	0.025	-0.220078	0.101	1971 bec kie 0
298.144	0.05	-0.435136	0.101	1971 bec kie 0
298.144	0.075	-0.644754	0.101	1971 bec kie 0
298.144	0.1	-0.846005	0.101	1971 bec kie 0
298.144	0.125	-1.04098	0.101	1971 bec kie 0
298.144	0.15	-1.22926	0.101	1971 bec kie 0
298.144	0.175	-1.41043	0.101	1971 bec kie 0
298.144	0.2	-1.57737	0.101	1971 bec kie 0
298.144	0.225	-1.74305	0.101	1971 bec kie 0
298.144	0.25	-1.89619	0.101	1971 bec kie 0
298.144	0.275	-2.04012	0.101	1971 bec kie 0
298.144	0.3	-2.17275	0.101	1971 bec kie 0
298.144	0.325	-2.29283	0.101	1971 bec kie 0
298.144	0.35	-2.39785	0.101	1971 bec kie 0
298.144	0.375	-2.49199	0.101	1971 bec kie 0
298.144	0.4	-2.57065	0.101	1971 bec kie 0
298.144	0.425	-2.63550	0.101	1971 bec kie 0
298.144	0.45	-2.68529	0.101	1971 bec kie 0
298.144	0.475	-2.71583	0.101	1971 bec kie 0
298.144	0.5	-2.73048	0.101	1971 bec kie 0
298.144	0.525	-2.72546	0.101	1971 bec kie 0
298.144	0.55	-2.69450	0.101	1971 bec kie 0
298.144	0.575	-2.64345	0.101	1971 bec kie 0
298.144	0.6	-2.58739	0.101	1971 bec kie 0
298.144	0.625	-2.51333	0.101	1971 bec kie 0
298.144	0.65	-2.42212	0.101	1971 bec kie 0
298.144	0.675	-2.31794	0.101	1971 bec kie 0
298.144	0.7	-2.19869	0.101	1971 bec kie 0
298.144	0.725	-2.06731	0.101	1971 bec kie 0
298.144	0.75	-1.92255	0.101	1971 bec kie 0
298.144	0.775	-1.77234	0.101	1971 bec kie 0
298.144	0.8	-1.60791	0.101	1971 bec kie 0
298.144	0.825	-1.43218	0.101	1971 bec kie 0
298.144	0.85	-1.24767	0.101	1971 bec kie 0
298.144	0.875	-1.05688	0.101	1971 bec kie 0
298.144	0.9	-0.856465	0.101	1971 bec kie 0
298.144	0.925	-0.652704	0.101	1971 bec kie 0
298.144	0.95	-0.43932	0.101	1971 bec kie 0
298.144	0.975	-0.21966	0.101	1971 bec kie 0
16	1521	1302		chloroform + ethyl formate
298.15	0.0432	-0.0932	0.101325	1993 ort 0
298.15	0.1001	-0.239	0.101325	1993 ort 0
298.15	0.1633	-0.4163	0.101325	1993 ort 0
298.15	0.2335	-0.5995	0.101325	1993 ort 0
298.15	0.3032	-0.7628	0.101325	1993 ort 0
298.15	0.3691	-0.8917	0.101325	1993 ort 0
298.15	0.4306	-0.9828	0.101325	1993 ort 0
298.15	0.4802	-1.0314	0.101325	1993 ort 0
298.15	0.5231	-1.0543	0.101325	1993 ort 0
298.15	0.5585	-1.0547	0.101325	1993 ort 0
298.15	0.5955	-1.0257	0.101325	1993 ort 0
298.15	0.6581	-0.9408	0.101325	1993 ort 0
298.15	0.7278	-0.8044	0.101325	1993 ort 0
298.15	0.7996	-0.6207	0.101325	1993 ort 0
298.15	0.8644	-0.4112	0.101325	1993 ort 0
298.15	0.9311	-0.2007	0.101325	1993 ort 0
19	1521	1791	-2.08	-.32		chloroform+pyridine
298.15	0.053	-0.32	0.101	1972 abr mir 0
298.15	0.101	-0.58	0.101	1972 abr mir 0
298.15	0.147	-0.82	0.101	1972 abr mir 0
298.15	0.202	-1.08	0.101	1972 abr mir 0
298.15	0.251	-1.32	0.101	1972 abr mir 0
298.15	0.299	-1.52	0.101	1972 abr mir 0
298.15	0.351	-1.7	0.101	1972 abr mir 0
298.15	0.401	-1.84	0.101	1972 abr mir 0
298.15	0.451	-1.95	0.101	1972 abr mir 0
298.15	0.5	-2.04	0.101	1972 abr mir 0
298.15	0.549	-2.08	0.101	1972 abr mir 0
298.15	0.599	-2.04	0.101	1972 abr mir 0
298.15	0.649	-1.99	0.101	1972 abr mir 0
298.15	0.701	-1.81	0.101	1972 abr mir 0
298.15	0.749	-1.68	0.101	1972 abr mir 0
298.15	0.798	-1.42	0.101	1972 abr mir 0
298.15	0.852	-1.18	0.101	1972 abr mir 0
298.15	0.898	-0.84	0.101	1972 abr mir 0
298.15	0.947	-0.55	0.101	1972 abr mir 0
38	1521	1051	 	chloroform + acetone
298.144	0.036	-0.1807	0.101325	1988 bec hal 0
298.144	0.072	-0.3544	0.101325	1988 bec hal 0
298.144	0.106	-0.5205	0.101325	1988 bec hal 0
298.144	0.139	-0.6786	0.101325	1988 bec hal 0
298.144	0.171	-0.8272	0.101325	1988 bec hal 0
298.144	0.201	-0.9669	0.101325	1988 bec hal 0
298.144	0.231	-1.097	0.101325	1988 bec hal 0
298.144	0.26	-1.218	0.101325	1988 bec hal 0
298.144	0.287	-1.3288	0.101325	1988 bec hal 0
298.144	0.314	-1.4309	0.101325	1988 bec hal 0
298.144	0.34	-1.5234	0.101325	1988 bec hal 0
298.144	0.364	-1.6071	0.101325	1988 bec hal 0
298.144	0.388	-1.6816	0.101325	1988 bec hal 0
298.144	0.411	-1.7468	0.101325	1988 bec hal 0
298.144	0.434	-1.8029	0.101325	1988 bec hal 0
298.144	0.442	-1.8326	0.101325	1988 bec hal 0
298.144	0.455	-1.8502	0.101325	1988 bec hal 0
298.144	0.461	-1.8728	0.101325	1988 bec hal 0
298.144	0.476	-1.8874	0.101325	1988 bec hal 0
298.144	0.481	-1.9058	0.101325	1988 bec hal 0
298.144	0.496	-1.9142	0.101325	1988 bec hal 0
298.144	0.502	-1.9326	0.101325	1988 bec hal 0
298.144	0.515	-1.9301	0.101325	1988 bec hal 0
298.144	0.523	-1.9518	0.101325	1988 bec hal 0
298.144	0.545	-1.9631	0.101325	1988 bec hal 0
298.144	0.57	-1.9644	0.101325	1988 bec hal 0
298.144	0.595	-1.9543	0.101325	1988 bec hal 0
298.144	0.621	-1.9305	0.101325	1988 bec hal 0
298.144	0.648	-1.8907	0.101325	1988 bec hal 0
298.144	0.676	-1.8322	0.101325	1988 bec hal 0
298.144	0.706	-1.7523	0.101325	1988 bec hal 0
298.144	0.737	-1.6481	0.101325	1988 bec hal 0
298.144	0.769	-1.5167	0.101325	1988 bec hal 0
298.144	0.803	-1.3548	0.101325	1988 bec hal 0
298.144	0.839	-1.1598	0.101325	1988 bec hal 0
298.144	0.877	-0.9293	0.101325	1988 bec hal 0
298.144	0.916	-0.6607	0.101325	1988 bec hal 0
298.144	0.957	-0.351	0.101325	1988 bec hal 0
10	1521	1772	-.855	-.12		chloroform + acetonitrile
298.144	0.0731	-0.1195	0.101	1977 han jon 0
298.144	0.0996	-0.1626	0.101	1977 han jon 0
298.144	0.2051	-0.3691	0.101	1977 han jon 0
298.144	0.2761	-0.5006	0.101	1977 han jon 0
298.144	0.3884	-0.6898	0.101	1977 han jon 0
298.144	0.5007	-0.8085	0.101	1977 han jon 0
298.144	0.5943	-0.855	0.101	1977 han jon 0
298.144	0.6923	-0.809	0.101	1977 han jon 0
298.144	0.7444	-0.7356	0.101	1977 han jon 0
298.144	0.8198	-0.6064	0.101	1977 han jon 0
9	1760	1051		nitromethane + 2-propanone
318.128	0.152	-0.107	0.101325	1957 bro foc 0
318.128	0.319	-0.163	0.101325	1957 bro foc 0
318.128	0.533	-0.159	0.101325	1957 bro foc 0
318.128	0.535	-0.159	0.101325	1957 bro foc 0
318.128	0.539	-0.154	0.101325	1957 bro foc 0
318.128	0.633	-0.136	0.101325	1957 bro foc 0
318.128	0.637	-0.134	0.101325	1957 bro foc 0
318.128	0.809	-0.071	0.101325	1957 bro foc 0
318.128	0.919	-0.027	0.101325	1957 bro foc 0
15	1181	1041	-1.42	-.215		phenol + benzaldehyde
363.15	0.9565	-0.23742	1.824	1998 nie lim 0
363.15	0.9123	-0.45997	1.824	1998 nie lim 0
363.15	0.845	-0.75557	1.824	1998 nie lim 0
363.15	0.7762	-1.03450	1.824	1998 nie lim 0
363.15	0.706	-1.23426	1.824	1998 nie lim 0
363.15	0.6343	-1.35761	1.824	1998 nie lim 0
363.15	0.5856	-1.39984	1.824	1998 nie lim 0
363.15	0.5362	-1.42185	1.824	1998 nie lim 0
363.15	0.4861	-1.39376	1.824	1998 nie lim 0
363.15	0.4353	-1.34020	1.824	1998 nie lim 0
363.15	0.3576	-1.19756	1.824	1998 nie lim 0
363.15	0.2782	-0.99555	1.824	1998 nie lim 0
363.15	0.197	-0.73977	1.824	1998 nie lim 0
363.15	0.1138	-0.44211	1.824	1998 nie lim 0
363.15	0.0574	-0.21555	1.824	1998 nie lim 0
11	502	1521	HE	toluene + chloroform
307.992	0.8502	-0.417	0.101325	1971 ras nat 0
307.992	0.7725	-0.558	0.101325	1971 ras nat 0
307.992	0.7223	-0.633	0.101325	1971 ras nat 0
307.992	0.7125	-0.636	0.101325	1971 ras nat 0
307.992	0.6777	-0.666	0.101325	1971 ras nat 0
307.992	0.5639	-0.719	0.101325	1971 ras nat 0
307.992	0.4908	-0.716	0.101325	1971 ras nat 0
307.992	0.4566	-0.695	0.101325	1971 ras nat 0
307.992	0.3577	-0.628	0.101325	1971 ras nat 0
307.992	0.2788	-0.547	0.101325	1971 ras nat 0
307.992	0.2209	-0.447	0.101325	1971 ras nat 0
18	502	1511	HE	toluene + dichloromethane
298.15	0.9462	-0.044	0.101325	1990 mun rou 0
298.15	0.8761	-0.115	0.101325	1990 mun rou 0
298.15	0.8032	-0.166	0.101325	1990 mun rou 0
298.15	0.7329	-0.204	0.101325	1990 mun rou 0
298.15	0.6659	-0.227	0.101325	1990 mun rou 0
298.15	0.6039	-0.235	0.101325	1990 mun rou 0
298.15	0.543	-0.241	0.101325	1990 mun rou 0
298.15	0.486	-0.235	0.101325	1990 mun rou 0
298.15	0.4325	-0.221	0.101325	1990 mun rou 0
298.15	0.3814	-0.202	0.101325	1990 mun rou 0
298.15	0.3262	-0.18	0.101325	1990 mun rou 0
298.15	0.2869	-0.162	0.101325	1990 mun rou 0
298.15	0.2451	-0.136	0.101325	1990 mun rou 0
298.15	0.2074	-0.114	0.101325	1990 mun rou 0
298.15	0.1638	-0.088	0.101325	1990 mun rou 0
298.15	0.1272	-0.066	0.101325	1990 mun rou 0
298.15	0.0956	-0.045	0.101325	1990 mun rou 0
298.15	0.0527	-0.025	0.101325	1990 mun rou 0
40	502	1523	HE	toluene + 1,2-dichloroethane
298.144	0.7	-0.0485	0.101	1980 nig sin 2
298.144	0.5	-0.0269	0.101	1980 nig sin 2
298.144	0.3	0.0219	0.101	1980 nig sin 2
298.15	0.9302	-0.0394	0.101	1996 ort pla 2
298.15	0.8531	-0.0692	0.101	1996 ort pla 2
298.15	0.777	-0.0949	0.101	1996 ort pla 2
298.15	0.7027	-0.1132	0.101	1996 ort pla 2
298.15	0.6336	-0.1229	0.101	1996 ort pla 2
298.15	0.5716	-0.1232	0.101	1996 ort pla 2
298.15	0.474	-0.1021	0.101	1996 ort pla 2
298.15	0.4323	-0.0848	0.101	1996 ort pla 2
298.15	0.3883	-0.0664	0.101	1996 ort pla 2
298.15	0.3407	-0.0481	0.101	1996 ort pla 2
298.15	0.294	-0.0315	0.101	1996 ort pla 2
298.15	0.2446	-0.0166	0.101	1996 ort pla 2
298.15	0.1909	-0.0036	0.101	1996 ort pla 2
298.15	0.1417	0.0042	0.101	1996 ort pla 2
298.15	0.0892	0.0063	0.101	1996 ort pla 2
298.15	0.0415	0.0033	0.101	1996 ort pla 2
298.15	0.12	0.034	0.101	2003 kuu kir 1
298.15	0.145	0.0342	0.101	2003 kuu kir 1
298.15	0.187	0.0338	0.101	2003 kuu kir 1
298.15	0.268	0.0273	0.101	2003 kuu kir 1
298.15	0.362	0.0101	0.101	2003 kuu kir 1
298.15	0.393	0.0071	0.101	2003 kuu kir 1
298.15	0.5	-0.039	0.101	2003 kuu kir 1
298.15	0.508	-0.04	0.101	2003 kuu kir 1
298.15	0.531	-0.0473	0.101	2003 kuu kir 1
298.15	0.588	-0.0576	0.101	2003 kuu kir 1
298.15	0.595	-0.0649	0.101	2003 kuu kir 1
298.15	0.605	-0.0705	0.101	2003 kuu kir 1
298.15	0.657	-0.0746	0.101	2003 kuu kir 1
298.15	0.674	-0.0772	0.101	2003 kuu kir 1
298.15	0.704	-0.0828	0.101	2003 kuu kir 1
298.15	0.736	-0.083	0.101	2003 kuu kir 1
298.15	0.743	-0.082	0.101	2003 kuu kir 1
298.15	0.815	-0.0738	0.101	2003 kuu kir 1
298.15	0.837	-0.0694	0.101	2003 kuu kir 1
298.15	0.846	-0.0684	0.101	2003 kuu kir 1
298.15	0.87	-0.0631	0.101	2003 kuu kir 1
21	502	1101	HE	toluene + methanol
298.136	0.9803	0.239	0.101325	1953 tsa smi 0
298.136	0.9371	0.506	0.101325	1953 tsa smi 0
298.136	0.9025	0.6	0.101325	1953 tsa smi 0
298.136	0.8765	0.657	0.101325	1953 tsa smi 0
298.136	0.8294	0.695	0.101325	1953 tsa smi 0
298.136	0.7765	0.724	0.101325	1953 tsa smi 0
298.136	0.7642	0.727	0.101325	1953 tsa smi 0
298.136	0.7072	0.729	0.101325	1953 tsa smi 0
298.136	0.6694	0.72	0.101325	1953 tsa smi 0
298.136	0.6423	0.715	0.101325	1953 tsa smi 0
298.136	0.6	0.697	0.101325	1953 tsa smi 0
298.136	0.5595	0.671	0.101325	1953 tsa smi 0
298.136	0.5426	0.666	0.101325	1953 tsa smi 0
298.136	0.4911	0.629	0.101325	1953 tsa smi 0
298.136	0.4468	0.592	0.101325	1953 tsa smi 0
298.136	0.4321	0.578	0.101325	1953 tsa smi 0
298.136	0.3588	0.506	0.101325	1953 tsa smi 0
298.136	0.3472	0.497	0.101325	1953 tsa smi 0
298.136	0.2599	0.397	0.101325	1953 tsa smi 0
298.136	0.2076	0.329	0.101325	1953 tsa smi 0
298.136	0.1876	0.297	0.101325	1953 tsa smi 0
22	1521	501	-.415	-.04		chloroform+benzene
298.15	0.977	-0.04	0.101	1981 nag tam 0
298.15	0.9547	-0.08	0.101	1981 nag tam 0
298.15	0.9319	-0.12	0.101	1981 nag tam 0
298.15	0.9105	-0.15	0.101	1981 nag tam 0
298.15	0.887	-0.19	0.101	1981 nag tam 0
298.15	0.8642	-0.22	0.101	1981 nag tam 0
298.15	0.8144	-0.28	0.101	1981 nag tam 0
298.15	0.7675	-0.3214	0.101	1981 nag tam 0
298.15	0.7236	-0.3547	0.101	1981 nag tam 0
298.15	0.6729	-0.3852	0.101	1981 nag tam 0
298.15	0.6191	-0.4047	0.101	1981 nag tam 0
298.15	0.562	-0.4138	0.101	1981 nag tam 0
298.15	0.5584	-0.4152	0.101	1981 nag tam 0
298.15	0.4902	-0.4074	0.101	1981 nag tam 0
298.15	0.4122	-0.3837	0.101	1981 nag tam 0
298.15	0.359	-0.3571	0.101	1981 nag tam 0
298.15	0.297	-0.3212	0.101	1981 nag tam 0
298.15	0.2455	-0.2752	0.101	1981 nag tam 0
298.15	0.2061	-0.2342	0.101	1981 nag tam 0
298.15	0.1701	-0.1974	0.101	1981 nag tam 0
298.15	0.0873	-0.1062	0.101	1981 nag tam 0
298.15	0.0452	-0.0554	0.101	1981 nag tam 0
19	1841	502	-.0829	-.0131		1-butanethiol + methylbenzene
298.15	0.0495	-0.017	0.101	1995 all bee 0
298.15	0.099	-0.033	0.101	1995 all bee 0
298.15	0.1486	-0.0473	0.101	1995 all bee 0
298.15	0.1983	-0.0595	0.101	1995 all bee 0
298.15	0.248	-0.0683	0.101	1995 all bee 0
298.15	0.2978	-0.0761	0.101	1995 all bee 0
298.15	0.3476	-0.0805	0.101	1995 all bee 0
298.15	0.3974	-0.0821	0.101	1995 all bee 0
298.15	0.4474	-0.0829	0.101	1995 all bee 0
298.15	0.4973	-0.0816	0.101	1995 all bee 0
298.15	0.5474	-0.0791	0.101	1995 all bee 0
298.15	0.5974	-0.0751	0.101	1995 all bee 0
298.15	0.6476	-0.0708	0.101	1995 all bee 0
298.15	0.6978	-0.0647	0.101	1995 all bee 0
298.15	0.748	-0.0578	0.101	1995 all bee 0
298.15	0.7983	-0.0479	0.101	1995 all bee 0
298.15	0.8486	-0.0372	0.101	1995 all bee 0
298.15	0.899	-0.0259	0.101	1995 all bee 0
298.15	0.9495	-0.0131	0.101	1995 all bee 0
29	1051	1921	-.644 .32		acetone + water
298.15	0.0062	-0.058	0.1013	2002 fen vrb 0
298.15	0.0127	-0.1169	0.1013	2002 fen vrb 0
298.15	0.0127	-0.1307	0.1013	2002 fen vrb 0
298.15	0.0127	-0.1194	0.1013	2002 fen vrb 0
298.15	0.0264	-0.2293	0.1013	2002 fen vrb 0
298.15	0.0413	-0.3263	0.1013	2002 fen vrb 0
298.15	0.0413	-0.3391	0.1013	2002 fen vrb 0
298.15	0.0575	-0.4154	0.1013	2002 fen vrb 0
298.15	0.0753	-0.4894	0.1013	2002 fen vrb 0
298.15	0.0754	-0.5029	0.1013	2002 fen vrb 0
298.15	0.0946	-0.5471	0.1013	2002 fen vrb 0
298.15	0.1162	-0.5966	0.1013	2002 fen vrb 0
298.15	0.1399	-0.6193	0.1013	2002 fen vrb 0
298.15	0.1962	-0.6441	0.1013	2002 fen vrb 0
298.15	0.1966	-0.6348	0.1013	2002 fen vrb 0
298.15	0.3115	-0.514	0.1013	2002 fen vrb 0
298.15	0.3123	-0.503	0.1013	2002 fen vrb 0
298.15	0.4229	-0.2995	0.1013	2002 fen vrb 0
298.15	0.4229	-0.3047	0.1013	2002 fen vrb 0
298.15	0.4935	-0.1578	0.1013	2002 fen vrb 0
298.15	0.5346	-0.0724	0.1013	2002 fen vrb 0
298.15	0.5795	0.014	0.1013	2002 fen vrb 0
298.15	0.5802	0.0229	0.1013	2002 fen vrb 0
298.15	0.63	0.1094	0.1013	2002 fen vrb 0
298.15	0.6863	0.2007	0.1013	2002 fen vrb 0
298.15	0.7497	0.2786	0.1013	2002 fen vrb 0
298.15	0.8205	0.3124	0.1013	2002 fen vrb 0
298.15	0.8218	0.3198	0.1013	2002 fen vrb 0
298.15	0.9036	0.2649	0.1013	2002 fen vrb 0
12	1541	1772		trichloroethene + acetonitrile
298.15	0.9228	0.1412	0.1013	1991 sur kri 0
298.15	0.8573	0.2224	0.1013	1991 sur kri 0
298.15	0.7736	0.2948	0.1013	1991 sur kri 0
298.15	0.6756	0.3438	0.1013	1991 sur kri 0
298.15	0.5588	0.3732	0.1013	1991 sur kri 0
298.15	0.4626	0.3787	0.1013	1991 sur kri 0
298.15	0.4154	0.3769	0.1013	1991 sur kri 0
298.15	0.3681	0.3659	0.1013	1991 sur kri 0
298.15	0.2761	0.3366	0.1013	1991 sur kri 0
298.15	0.1974	0.2912	0.1013	1991 sur kri 0
298.15	0.1145	0.2001	0.1013	1991 sur kri 0
298.15	0.0283	0.0608	0.1013	1991 sur kri 0
15	1844	1521	-2.977	-.48		DMSO + chloroform
298.144	0.9172	-0.48378	0.101325	1972 jol phi 0
298.144	0.8181	-1.10546	0.101325	1972 jol phi 0
298.144	0.8181	-1.10778	0.101325	1972 jol phi 0
298.144	0.6933	-1.85684	0.101325	1972 jol phi 0
298.144	0.5315	-2.69394	0.101325	1972 jol phi 0
298.144	0.4864	-2.84713	0.101325	1972 jol phi 0
298.144	0.431	-2.96510	0.101325	1972 jol phi 0
298.144	0.43	-2.95826	0.101325	1972 jol phi 0
298.144	0.3628	-2.97768	0.101325	1972 jol phi 0
298.144	0.3625	-2.97236	0.101325	1972 jol phi 0
298.144	0.3119	-2.87121	0.101325	1972 jol phi 0
298.144	0.2994	-2.83146	0.101325	1972 jol phi 0
298.144	0.2549	-2.60688	0.101325	1972 jol phi 0
298.144	0.1846	-2.12043	0.101325	1972 jol phi 0
298.144	0.0402	-0.56736	0.101325	1972 jol phi 0
10	1876	1521	-3.14	-.58	2014 kus smi 0	
298.15	0.1519	-1.909693791	0.101	2014 kus smi 0
298.15	0.2486	-2.624341995	0.101	2014 kus smi 0
298.15	0.3505	-2.866245756	0.101	2014 kus smi 0
298.15	0.4945	-3.102909931	0.101	2014 kus smi 0
298.15	0.4966	-3.139680087	0.101	2014 kus smi 0
298.15	0.6022	-2.74248001	0.101	2014 kus smi 0
298.15	0.7345	-1.849105095	0.101	2014 kus smi 0
298.15	0.8289	-1.216007025	0.101	2014 kus smi 0
298.15	0.8479	-1.089036015	0.101	2014 kus smi 0
298.15	0.9245	-0.578007409	0.101	2014 kus smi 0
13	909	1051	-.919	-.218		carbon dioxide + acetone
313.15	0.114	-0.264	18	2010 zah pan 0
313.15	0.198	-0.417	18	2010 zah pan 0
313.15	0.269	-0.541	18	2010 zah pan 0
313.15	0.346	-0.672	18	2010 zah pan 0
313.15	0.41	-0.781	18	2010 zah pan 0
313.15	0.479	-0.846	18	2010 zah pan 0
313.15	0.577	-0.898	18	2010 zah pan 0
313.15	0.652	-0.919	18	2010 zah pan 0
313.15	0.724	-0.857	18	2010 zah pan 0
313.15	0.791	-0.722	18	2010 zah pan 0
313.15	0.855	-0.569	18	2010 zah pan 0
313.15	0.915	-0.383	18	2010 zah pan 0
313.15	0.956	-0.218	18	2010 zah pan 0
10	1772	1181	-1.12	-.173		acetonitrile + phenol
318.139	0.097	-0.508	0.101325	1969 woy tre 1
318.139	0.194	-0.864	0.101325	1969 woy tre 1
318.139	0.323	-1.105	0.101325	1969 woy tre 1
318.139	0.434	-1.103	0.101325	1969 woy tre 1
318.139	0.447	-1.112	0.101325	1969 woy tre 1
318.139	0.588	-0.879	0.101325	1969 woy tre 1
318.139	0.697	-0.658	0.101325	1969 woy tre 1
318.139	0.785	-0.45	0.101325	1969 woy tre 1
318.139	0.803	-0.209	0.101325	1969 woy tre 1
318.139	0.905	-0.173	0.101325	1969 woy tre 1
21	1521	1421	-2.13	-.088		chloroform + dioxane
298.15	0.0195	-0.0879	0.1013	1992 ing 1
298.15	0.0312	-0.1428	0.1013	1992 ing 1
298.15	0.066	-0.3382	0.1013	1992 ing 1
298.15	0.1235	-0.7003	0.1013	1992 ing 1
298.15	0.1803	-0.9753	0.1013	1992 ing 1
298.15	0.2365	-1.2404	0.1013	1992 ing 1
298.15	0.2921	-1.4854	0.1013	1992 ing 1
298.15	0.347	-1.7016	0.1013	1992 ing 1
298.15	0.4014	-1.8838	0.1013	1992 ing 1
298.15	0.4551	-1.9777	0.1013	1992 ing 1
298.15	0.5083	-2.0673	0.1013	1992 ing 1
298.15	0.5608	-2.1259	0.1013	1992 ing 1
298.15	0.6129	-2.131	0.1013	1992 ing 1
298.15	0.6643	-2.0734	0.1013	1992 ing 1
298.15	0.7152	-1.9598	0.1013	1992 ing 1
298.15	0.7656	-1.8311	0.1013	1992 ing 1
298.15	0.8154	-1.5698	0.1013	1992 ing 1
298.15	0.8647	-1.2426	0.1013	1992 ing 1
298.15	0.9135	-0.8472	0.1013	1992 ing 1
298.15	0.9617	-0.4028	0.1013	1992 ing 1
298.15	0.9809	-0.2164	0.1013	1992 ing 1
39	1521	1452	-2.704	-.205		chloroform + oxacyclohexane
298.144	0.025	-0.205434	0.101	1971 bec kie 0
298.144	0.05	-0.408777	0.101	1971 bec kie 0
298.144	0.075	-0.608772	0.101	1971 bec kie 0
298.144	0.1	-0.803746	0.101	1971 bec kie 0
298.144	0.125	-0.993282	0.101	1971 bec kie 0
298.144	0.15	-1.17654	0.101	1971 bec kie 0
298.144	0.175	-1.35311	0.101	1971 bec kie 0
298.144	0.2	-1.52214	0.101	1971 bec kie 0
298.144	0.225	-1.68322	0.101	1971 bec kie 0
298.144	0.25	-1.83468	0.101	1971 bec kie 0
298.144	0.275	-1.97778	0.101	1971 bec kie 0
298.144	0.3	-2.10957	0.101	1971 bec kie 0
298.144	0.325	-2.23049	0.101	1971 bec kie 0
298.144	0.35	-2.33886	0.101	1971 bec kie 0
298.144	0.375	-2.43593	0.101	1971 bec kie 0
298.144	0.4	-2.51877	0.101	1971 bec kie 0
298.144	0.425	-2.5878	0.101	1971 bec kie 0
298.144	0.45	-2.64094	0.101	1971 bec kie 0
298.144	0.475	-2.67818	0.101	1971 bec kie 0
298.144	0.5	-2.6991	0.101	1971 bec kie 0
298.144	0.525	-2.70412	0.101	1971 bec kie 0
298.144	0.55	-2.69282	0.101	1971 bec kie 0
298.144	0.575	-2.63843	0.101	1971 bec kie 0
298.144	0.6	-2.58822	0.101	1971 bec kie 0
298.144	0.625	-2.52128	0.101	1971 bec kie 0
298.144	0.65	-2.43802	0.101	1971 bec kie 0
298.144	0.675	-2.33927	0.101	1971 bec kie 0
298.144	0.7	-2.22589	0.101	1971 bec kie 0
298.144	0.725	-2.09828	0.101	1971 bec kie 0
298.144	0.75	-1.95811	0.101	1971 bec kie 0
298.144	0.775	-1.8054	0.101	1971 bec kie 0
298.144	0.8	-1.64138	0.101	1971 bec kie 0
298.144	0.825	-1.46649	0.101	1971 bec kie 0
298.144	0.85	-1.28114	0.101	1971 bec kie 0
298.144	0.875	-1.087	0.101	1971 bec kie 0
298.144	0.9	-0.883661	0.101	1971 bec kie 0
298.144	0.925	-0.672787	0.101	1971 bec kie 0
298.144	0.95	-0.454801	0.101	1971 bec kie 0
298.144	0.975	-0.23012	0.101	1971 bec kie 0
14	1844	1541	-.6414	-.096		DMSO + 1,1,2-trichloroethylene
298.15	0.9327	-0.0958	0.1013	2007 rad lia 0
298.15	0.8655	-0.2424	0.1013	2007 rad lia 0
298.15	0.7921	-0.4434	0.1013	2007 rad lia 0
298.15	0.6984	-0.6367	0.1013	2007 rad lia 0
298.15	0.6216	-0.6414	0.1013	2007 rad lia 0
298.15	0.5539	-0.614	0.1013	2007 rad lia 0
298.15	0.5013	-0.5847	0.1013	2007 rad lia 0
298.15	0.3978	-0.4612	0.1013	2007 rad lia 0
298.15	0.3359	-0.4271	0.1013	2007 rad lia 0
298.15	0.2986	-0.4102	0.1013	2007 rad lia 0
298.15	0.263	-0.4084	0.1013	2007 rad lia 0
298.15	0.1886	-0.3575	0.1013	2007 rad lia 0
298.15	0.1389	-0.2953	0.1013	2007 rad lia 0
298.15	0.0849	-0.2011	0.1013	2007 rad lia 0
23	1511	1051	HE	dichloromethane + acetone
298.194	0.094	-0.284	0.101	1974 fin kav 1
298.194	0.096	-0.28	0.101	1974 fin kav 1
298.194	0.098	-0.28	0.101	1974 fin kav 1
298.194	0.149	-0.429	0.101	1974 fin kav 1
298.194	0.152	-0.422	0.101	1974 fin kav 1
298.194	0.259	-0.672	0.101	1974 fin kav 1
298.194	0.292	-0.756	0.101	1974 fin kav 1
298.194	0.374	-0.836	0.101	1974 fin kav 1
298.194	0.463	-0.907	0.101	1974 fin kav 1
298.194	0.614	-0.904	0.101	1974 fin kav 1
298.194	0.693	-0.793	0.101	1974 fin kav 1
298.194	0.758	-0.738	0.101	1974 fin kav 1
298.194	0.793	-0.621	0.101	1974 fin kav 1
298.194	0.852	-0.486	0.101	1974 fin kav 1
298.194	0.855	-0.485	0.101	1974 fin kav 1
298.194	0.863	-0.457	0.101	1974 fin kav 1
298.194	0.88	-0.413	0.101	1974 fin kav 1
298.194	0.883	-0.412	0.101	1974 fin kav 1
298.194	0.9	-0.351	0.101	1974 fin kav 1
298.194	0.911	-0.31	0.101	1974 fin kav 1
298.194	0.914	-0.34	0.101	1974 fin kav 1
298.194	0.923	-0.256	0.101	1974 fin kav 1
298.194	0.93	-0.238	0.101	1974 fin kav 1
46	1523	1051	HE	1,2-dichloroethane + acetone
298.15	0.002772	-0.0043	0.101325	1990 kec dub 0
298.15	0.016407	-0.0252	0.101325	1990 kec dub 0
298.15	0.029674	-0.0451	0.101325	1990 kec dub 0
298.15	0.055162	-0.082	0.101325	1990 kec dub 0
298.15	0.079345	-0.1156	0.101325	1990 kec dub 0
298.15	0.10232	-0.1456	0.101325	1990 kec dub 0
298.15	0.12418	-0.173	0.101325	1990 kec dub 0
298.15	0.145	-0.1978	0.101325	1990 kec dub 0
298.15	0.16485	-0.2203	0.101325	1990 kec dub 0
298.15	0.1838	-0.2407	0.101325	1990 kec dub 0
298.15	0.2019	-0.2591	0.101325	1990 kec dub 0
298.15	0.2192	-0.2758	0.101325	1990 kec dub 0
298.15	0.2358	-0.291	0.101325	1990 kec dub 0
298.15	0.2517	-0.3047	0.101325	1990 kec dub 0
298.15	0.267	-0.3171	0.101325	1990 kec dub 0
298.15	0.2816	-0.3283	0.101325	1990 kec dub 0
298.15	0.2957	-0.3383	0.101325	1990 kec dub 0
298.15	0.3092	-0.3474	0.101325	1990 kec dub 0
298.15	0.3222	-0.3554	0.101325	1990 kec dub 0
298.15	0.3347	-0.3628	0.101325	1990 kec dub 0
298.15	0.3468	-0.3696	0.101325	1990 kec dub 0
298.15	0.4	-0.3924	0.101325	1990 kec dub 0
298.15	0.425	-0.3987	0.101325	1990 kec dub 0
298.15	0.5497	-0.4044	0.101325	1990 kec dub 0
298.15	0.5998	-0.3911	0.101325	1990 kec dub 0
298.15	0.6239	-0.3661	0.101325	1990 kec dub 0
298.15	0.6368	-0.3608	0.101325	1990 kec dub 0
298.15	0.6503	-0.3546	0.101325	1990 kec dub 0
298.15	0.6644	-0.3475	0.101325	1990 kec dub 0
298.15	0.6791	-0.3394	0.101325	1990 kec dub 0
298.15	0.6945	-0.3301	0.101325	1990 kec dub 0
298.15	0.7105	-0.3197	0.101325	1990 kec dub 0
298.15	0.7274	-0.3079	0.101325	1990 kec dub 0
298.15	0.7451	-0.2946	0.101325	1990 kec dub 0
298.15	0.7636	-0.2796	0.101325	1990 kec dub 0
298.15	0.7831	-0.2628	0.101325	1990 kec dub 0
298.15	0.8036	-0.2438	0.101325	1990 kec dub 0
298.15	0.82521	-0.2224	0.101325	1990 kec dub 0
298.15	0.84801	-0.1983	0.101325	1990 kec dub 0
298.15	0.87211	-0.1711	0.101325	1990 kec dub 0
298.15	0.89762	-0.1405	0.101325	1990 kec dub 0
298.15	0.92467	-0.1061	0.101325	1990 kec dub 0
298.15	0.953398	-0.0674	0.101325	1990 kec dub 0
298.15	0.968441	-0.0463	0.101325	1990 kec dub 0
298.15	0.983968	-0.0238	0.101325	1990 kec dub 0
298.15	0.99675	-0.00488	0.101325	1990 kec dub 0
14	1527	1051	HE	1,1,1-trichloroethane + acetone
363.15	0.9167	0.0733	0.9	1993 gme 0
363.15	0.837	0.132	0.9	1993 gme 0
363.15	0.837	0.1322	0.9	1993 gme 0
363.15	0.7458	0.1797	0.9	1993 gme 0
363.15	0.6875	0.2021	0.9	1993 gme 0
363.15	0.55	0.227	0.9	1993 gme 0
363.15	0.4231	0.2213	0.9	1993 gme 0
363.15	0.4231	0.2211	0.9	1993 gme 0
363.15	0.3056	0.1917	0.9	1993 gme 0
363.15	0.1964	0.1435	0.9	1993 gme 0
363.15	0.1549	0.1184	0.9	1993 gme 0
363.15	0.0948	0.0779	0.9	1993 gme 0
363.15	0.0948	0.0776	0.9	1993 gme 0
363.15	0.0466	0.0401	0.9	1993 gme 0