519  solute solvent TK Idac Source(161(J~T),J=Jaubert(341J~Y), T=TDE, Y=Yaws)
7732185	56235	283.15	1149.77	J
7732185	56235	293.15	1179.3	J
7732185	56235	293.15	1400.15	J
7732185	56235	297.15	1176.68	J
7732185	56235	298.15	993.533	J
7732185	56235	298.15	1010.44	J
7732185	56235	298.15	1156.52	J
7732185	56235	298.15	1176.2	J
7732185	56235	298.15	1196.22	J
7732185	56235	298.15	1216.59	J
7732185	56235	303.15	1081.27	J
7732185	56235	303.15	1117.77	J
7732185	67641	298.15	6.96184	J
7732185	67641	307.85	6.01887	J
7732185	67641	318.05	5.71285	J
7732185	67641	323.15	8.63185	J
7732185	67641	328.45	5.26757	J
7732185	67641	333.15	5.46512	J
7732185	67641	333.15	5.89385	J
7732185	67641	373.15	4.74015	J
7732185	67663	293.15	200.442	J
7732185	71363	383.15	2.91987	J
7732185	71410	323.1	2.49751	J
7732185	71410	323.15	4.16967	J
7732185	71410	333.15	3.8586	J
7732185	71410	343.15	3.60041	J
7732185	71410	373.45	2.43737	J
7732185	71432	293.15	246.43	J
7732185	71556	293.15	414.426	J
7732185	71556	308.15	312.777	J
7732185	75343	293.15	172.12	J
7732185	75343	308.15	127.855	J
7732185	75525	314.25	13.3809	J
7732185	75525	322.45	11.8141	J
7732185	75525	333.05	11.7949	J
7732185	78784	293.15	1553.77	J
7732185	78784	293.15	2224.32	J
7732185	79005	293.15	127.433	J
7732185	79005	308.15	85.6016	J
7732185	79016	293.15	401.362	J
7732185	79016	308.15	353.823	J
7732185	79016	323.15	281.548	J
7732185	79276	298.15	426.651	J
7732185	79298	293.15	1900.79	J
7732185	79298	298.15	2324.81	J
7732185	79298	303.15	1090.71	J
7732185	79345	293.15	89.7344	J
7732185	79345	308.15	66.2595	J
7732185	96140	298.15	2223.24	J
7732185	96377	283.15	2929.39	J
7732185	96377	293.15	1637.21	J
7732185	106354	298.15	21.2702	J
7732185	106934	308.15	222.314	J
7732185	106934	323.15	170.469	J
7732185	107062	293.15	121.615	J
7732185	107062	308.15	75.9817	J
7732185	107211	312.87	0.972837	J
7732185	107211	313	0.812738	J
7732185	107211	323	0.817354	J
7732185	107211	333	0.813151	J
7732185	107211	343	0.824626	J
7732185	107211	373.15	0.814944	J
7732185	108087	298.15	2225.46	J
7732185	108872	283.15	3002.5	J
7732185	108872	293.15	1581.89	J
7732185	108952	455.01	1.47307	J
7732185	109660	288.15	4087.53	J
7732185	109660	298.15	2470.84	J
7732185	109660	311.48	2487.96	J
7732185	109864	323.78	1.56903	J
7732185	109864	342.27	1.6024	J
7732185	109864	362.96	1.69196	J
7732185	110543	293.15	1248.81	J
7732185	110543	293.15	1337.57	J
7732185	110543	293.15	1882.23	J
7732185	110543	293.15	2068.59	J
7732185	110543	298.15	1502.02	J
7732185	110543	298.15	1664.9	J
7732185	110543	298.15	1957.75	J
7732185	110543	298.15	2321.61	J
7732185	110543	303.15	1167.71	J
7732185	110543	303.15	1243.74	J
7732185	110543	303.15	1281.46	J
7732185	110827	283.15	3200.2	J
7732185	110827	288.15	3564.25	J
7732185	110827	292.15	2145.57	J
7732185	110827	293.15	1758.72	J
7732185	110827	293.15	2131.54	J
7732185	110827	293.15	2142.54	J
7732185	110827	293.15	2187.14	J
7732185	110827	293.15	3629.11	J
7732185	110827	298.15	1820.26	J
7732185	110827	298.15	2683.64	J
7732185	110827	298.15	2895.4	J
7732185	110827	298.15	3056.08	J
7732185	110827	298.15	3129.16	J
7732185	110827	298.15	3253.02	J
7732185	110827	303.15	2232.04	J
7732185	110827	303.15	2502.91	J
7732185	110827	308.15	1876.1	J
7732185	111659	288.15	2111.41	J
7732185	111659	293.15	1510.31	J
7732185	111659	293.15	1651.32	J
7732185	111659	293.15	2311.81	J
7732185	111659	298.15	1985.28	J
7732185	111842	298.15	1770.76	J
7732185	112403	298.15	1626.16	J
7732185	123864	317.8	11.2886	J
7732185	124185	298.15	1756.08	J
7732185	124185	310.93	1121.31	J
7732185	126330	303.1	3.11594	J
7732185	126330	317.15	2.6676	J
7732185	126330	317.9	2.6981	J
7732185	126330	323.15	2.45989	J
7732185	126330	332.6	2.25671	J
7732185	126330	333.15	2.16011	J
7732185	126330	362.25	2.4823	J
7732185	127184	292.65	1454.04	J
7732185	127184	298.15	1093.12	J
7732185	127184	298.15	1111.73	J
7732185	127184	303.15	1040.12	J
7732185	127184	304.25	1195.61	J
7732185	127184	313.15	1046.08	J
7732185	141786	328.45	10.1152	J
7732185	141786	333.15	10.364	J
7732185	141786	338.35	9.71376	J
7732185	141786	349.45	8.93851	J
7732185	141786	353.15	9.17794	J
7732185	141786	373.15	8.31243	J
7732185	142825	283.15	2328.15	J
7732185	142825	293.15	1319.87	J
7732185	142825	293.15	1423.43	J
7732185	142825	293.15	1866.92	J
7732185	142825	293.15	1992.75	J
7732185	142825	296.15	1290.53	J
7732185	142825	298.15	1186.96	J
7732185	142825	298.15	1188.97	J
7732185	142825	298.15	1424.3	J
7732185	142825	298.15	1483.18	J
7732185	142825	298.15	1969.42	J
7732185	142825	298.15	2186.68	J
7732185	142825	313.15	1149.92	J
7732185	142825	313.15	1426.21	J
7732185	287923	283.15	2972.87	J
7732185	513359	293.15	661.769	J
7732185	540841	293.15	1367.46	J
7732185	540841	293.15	2265.13	J
7732185	540841	298.15	1964.6	J
7732185	544763	293.15	1156.1	J
7732185	544763	298.15	1178.95	J
7732185	544763	298.15	1475.66	J
7732185	565753	298.15	2130.62	J
7732185	589344	298.15	2424.26	J
7732185	629505	298.15	1633.78	J
7732185	1120214	298.15	1670.71	J
7732185	1640897	293.15	1541.41	J
7732185	1678917	310.9	1234.94	J
7732185	1678939	310.93	1354.27	J
7732185	3522949	298.15	1872.39	J
7732185	6032297	333.08	2.78188	J
7732185	6032297	337.9	2.24747	J
7732185	56235	283.15	1640.5	J
7732185	56815	330.85	0.651165	J
7732185	56815	333.15	0.780127	J
7732185	56815	333.15	0.907329	J
7732185	56815	338.15	0.806944	J
7732185	56815	339.75	0.674057	J
7732185	56815	343.15	0.83474	J
7732185	56815	343.15	0.898246	J
7732185	56815	348.15	0.86352	J
7732185	56815	349.95	0.682194	J
7732185	56815	353.15	0.843798	J
7732185	56815	353.15	0.893289	J
7732185	56815	358.15	0.937127	J
7732185	56815	359.25	0.684251	J
7732185	56815	363.15	0.96915	J
7732185	56815	364.05	0.703428	J
7732185	56815	368.15	1.00218	J
7732185	56815	373.15	1.06455	J
7732185	56815	378.15	1.10017	J
7732185	56815	383.15	1.13681	J
7732185	57556	373.15	0.882579	J
7732185	57556	383.15	0.87195	J
7732185	57556	393.15	0.842147	J
7732185	64175	298.15	3.30044	J
7732185	64175	373.15	2.90033	J
7732185	64197	339.58	2.30102	J
7732185	64197	356.11	2.16732	J
7732185	64197	366.66	2.11838	J
7732185	64197	373.15	2.10423	J
7732185	67561	298.15	1.61363	J
7732185	67561	307.75	1.59763	J
7732185	67561	317.85	1.78357	J
7732185	67561	327.85	1.70762	J
7732185	67561	333.15	1.76766	J
7732185	67561	337.05	1.75036	J
7732185	67561	373.15	1.87547	J
7732185	67630	288.15	4.07715	J
7732185	67630	318.35	3.52546	J
7732185	67630	328.15	3.41488	J
7732185	67630	337.95	2.99582	J
7732185	67630	355.51	3.07482	J
7732185	67630	363.15	3.09307	J
7732185	67630	373.15	3.03682	J
7732185	67630	373.15	4.55115	J
7732185	67663	308.15	119.943	J
7732185	67685	368.3	0.382964	J
7732185	68122	353.65	0.963962	J
7732185	68122	358.15	0.97417	J
7732185	68122	363.05	0.99099	J
7732185	68122	367.65	1.01405	J
7732185	68122	368.15	0.990938	J
7732185	68122	378.15	1.00984	J
7732185	68122	382.95	1.32258	J
7732185	68122	397.75	1.21842	J
7732185	71238	298.15	4.13249	J
7732185	71238	303.05	3.62137	J
7732185	71238	313.25	3.33534	J
7732185	71238	323.15	3.12738	J
7732185	71238	333.15	2.99278	J
7732185	71363	298.15	3.79978	J
7732185	71363	308.2	5.39968	J
7732185	71363	323.23	5.2255	J
7732185	71363	333.15	3.52079	J
7732185	71363	343.15	3.30786	J
7732185	71363	353.15	3.12886	J
7732185	71363	363.15	3.10333	J
7732185	71363	363.15	4.03804	J
7732185	71363	372.15	2.98946	J
7732185	71363	373.15	3.25785	J
7732185	71363	373.15	3.43841	J
7732185	71363	373.15	4.0424	J
7732185	71410	313.15	4.33446	J
7732185	71410	348.55	4.64217	J
7732185	71410	362.45	4.60339	J
7732185	71410	369.15	4.37615	J
7732185	75058	297.15	8.22372	J
7732185	75354	293.15	459.455	J
7732185	75650	323.13	4.87206	J
7732185	75832	298.15	2489.85	J
7732185	78784	288.45	3773.79	J
7732185	78784	293.15	2649.95	J
7732185	78784	293.65	2490.11	J
7732185	78784	294.45	2594.47	J
7732185	78784	294.95	2571.27	J
7732185	78784	298.15	2598.01	J
7732185	78795	293.15	442.377	J
7732185	78795	313.15	278.911	J
7732185	78831	323.15	5.3465	J
7732185	78922	323.18	4.5862	J
7732185	78922	332.25	3.57301	J
7732185	78922	350.25	3.61003	J
7732185	78922	357.85	3.71099	J
7732185	78933	298.15	9.8079	J
7732185	78933	323.15	7.34303	J
7732185	78933	333.15	7.21398	J
7732185	78933	333.15	7.43524	J
7732185	78933	343.15	7.01623	J
7732185	78933	353.15	6.95457	J
7732185	78933	373.15	5.86526	J
7732185	78933	373.15	6.44591	J
7732185	79005	323.15	59.4125	J
7732185	79163	318.43	0.743086	J
7732185	79163	331.9	0.866167	J
7732185	79163	363.15	0.904452	J
7732185	96140	295.5	3224.73	J
7732185	96140	299.1	2628.15	J
7732185	96377	303.15	1044.08	J
7732185	107211	343.25	1.25557	J
7732185	107211	348.05	1.22727	J
7732185	107211	353.45	1.22197	J
7732185	107835	298.15	2326.24	J
7732185	108872	303.15	1025.54	J
7732185	108872	310.93	1310.24	J
7732185	109660	297.95	2081.43	J
7732185	109660	297.95	2099.09	J
7732185	109660	298.15	2083.59	J
7732185	109999	308.35	11.2097	J
7732185	109999	317.65	10.3936	J
7732185	109999	328.05	9.84292	J
7732185	109999	338.05	9.35917	J
7732185	110543	283.15	3218.58	J
7732185	110543	293.15	2699.16	J
7732185	110543	298.15	2595.18	J
7732185	110634	313.91	1.19032	J
7732185	110634	314.99	1.08735	J
7732185	110634	331.15	0.876787	J
7732185	110634	332.81	1.23459	J
7732185	110634	334.32	1.42978	J
7732185	110634	340.65	0.93795	J
7732185	110634	353.15	1.04417	J
7732185	110634	363.15	1.06009	J
7732185	110634	373.15	1.06428	J
7732185	110634	383.15	1.04346	J
7732185	110634	393.15	1.02661	J
7732185	110634	404.15	0.97234	J
7732185	110827	301.65	1428.24	J
7732185	110827	303.15	1106	J
7732185	110827	303.25	1471.3	J
7732185	110827	305.65	1071.41	J
7732185	110827	313.15	1083.06	J
7732185	110827	313.15	1129.27	J
7732185	110827	313.15	1636.86	J
7732185	110861	343.15	2.884	J
7732185	110861	353.15	2.99445	J
7732185	110861	363.15	2.82463	J
7732185	110861	373.15	2.79082	J
7732185	111706	323.34	7.37144	J
7732185	111706	332.78	6.87174	J
7732185	111875	322.94	8.3135	J
7732185	111875	332.8	8.84171	J
7732185	137326	358.25	3.22232	J
7732185	137326	371.55	3.2939	J
7732185	137326	381.95	3.54847	J
7732185	141786	309.45	12.2017	J
7732185	141786	313.15	11.8695	J
7732185	141786	318.55	10.7679	J
7732185	142825	295.65	3130.71	J
7732185	156605	285.15	382.809	J
7732185	156605	285.15	389.625	J
7732185	287923	293.15	1794.13	J
7732185	287923	303.15	1035.97	J
7732185	464062	283.15	3149.78	J
7732185	464062	293.15	1693.78	J
7732185	513359	313.15	437.664	J
7732185	540841	283.15	2552.73	J
7732185	540841	283.15	2663.97	J
7732185	589435	283.15	2989.98	J
7732185	589435	293.15	1618.11	J
7732185	591764	293.15	1748.31	J
7732185	1072055	283.15	2649.64	J
7732185	1072055	293.15	1546.39	J
7732185	1678939	310.93	1124.28	J
7732185	2040951	293.15	1502.22	J
7732185	2216333	283.15	2809.46	J
7732185	2216333	293.15	1615.76	J
7732185	3221612	283.15	2704.14	J
7732185	3221612	293.15	1564.58	J
7732185	3875512	293.15	1575.36	J
7732185	3875512	303.15	1011.47	J
7732185	6032297	323.18	4.52707	J
7732185	56235	298.15	969.654	T
7732185	67663	298.15	186.244	T
7732185	71410	298.15	2.80233	T
7732185	71432	298.15	338.775	T
7732185	71556	298.15	342.527	T
7732185	75343	298.15	186.999	T
7732185	75525	298.15	13.8056	T
7732185	79298	298.15	1591.78	T
7732185	79345	298.15	92.658	T
7732185	87683	298.15	2979.13	T
7732185	106354	298.15	23.0294	T
7732185	106934	298.15	173.732	T
7732185	107062	298.15	95.9537	T
7732185	107211	333.15	0.816	T
7732185	108883	298.15	356.112	T
7732185	109660	298.15	3475.69	T
7732185	111659	298.15	1695.7	T
7732185	127184	298.15	1309.91	T
7732185	141786	298.15	7.07611	T
7732185	142825	298.15	1651.61	T
7732185	513359	298.15	670.37	T
7732185	1640897	298.15	1366.73	T
7732185	60297	298.15	19.7041	T
7732185	74953	298.15	147.352	T
7732185	74964	298.15	253.527	T
7732185	75092	298.15	122.538	T
7732185	75694	298.15	1193.16	T
7732185	76017	298.15	254.638	T
7732185	76131	298.15	1149.6	T
7732185	78842	298.15	10.5545	T
7732185	80626	298.15	15.7353	T
7732185	84742	298.15	17.3062	T
7732185	87627	298.15	29.1968	T
7732185	91225	333.15	1.7839	T
7732185	91656	298.15	35.657	T
7732185	91667	283.15	562.647	T
7732185	93550	298.15	21.7864	T
7732185	93890	298.15	21.867	T
7732185	95476	298.15	382.239	T
7732185	95783	298.15	19.7322	T
7732185	95921	298.15	27.6839	T
7732185	97858	298.15	30.3265	T
7732185	97881	298.15	21.8342	T
7732185	98011	323.15	3.75123	T
7732185	98066	298.15	395.332	T
7732185	98828	298.15	384.733	T
7732185	98862	368.775	4.65567	T
7732185	99876	298.15	377.729	T
7732185	100185	298.15	417.698	T
7732185	100414	298.15	374.499	T
7732185	100425	298.15	284.294	T
7732185	100470	298.15	18.5185	T
7732185	100527	298.15	24.2446	T
7732185	100663	298.15	86.1461	T
7732185	102705	293.15	30.5923	T
7732185	102829	298.15	96.8903	T
7732185	104518	298.15	407.239	T
7732185	104574	298.15	17.1529	T
7732185	104858	303.15	34.1167	T
7732185	104870	298.15	20.6778	T
7732185	105373	298.15	14.2647	T
7732185	105395	298.15	29.5559	T
7732185	105464	298.15	14.4799	T
7732185	105544	298.15	19.3476	T
7732185	105588	298.15	16.1157	T
7732185	105668	298.15	18.3404	T
7732185	105680	298.15	40.1533	T
7732185	105726	298.15	20.4636	T
7732185	106274	298.15	45.1274	T
7732185	106365	298.15	17.0865	T
7732185	106423	298.15	373.752	T
7732185	106707	298.15	25.8706	T
7732185	106730	298.15	19.8332	T
7732185	107131	298.15	10.7635	T
7732185	107186	298.15	4.41372	T
7732185	108010	298.15	0.815061	T
7732185	108054	293.15	18.9164	T
7732185	108112	298.15	3.60543	T
7732185	108203	298.15	26.4087	T
7732185	108214	298.15	10.2837	T
7732185	108383	298.15	373.79	T
7732185	108645	298.15	24.3083	T
7732185	108678	298.15	389.541	T
7732185	108838	298.15	38.1384	T
7732185	109217	298.15	28.6017	T
7732185	109604	298.15	11.0426	T
7732185	109751	382.15	6.05346	T
7732185	109944	298.15	8.62293	T
7732185	110123	298.15	13.2402	T
7732185	110190	298.15	14.7427	T
7732185	110452	298.15	19.3476	T
7732185	110678	323.15	9.32736	T
7732185	110747	298.15	16.9351	T
7732185	110805	341.15	1.52162	T
7732185	110838	298.15	882.84	T
7732185	110918	385.65	2.05669	T
7732185	110963	298.15	11.8518	T
7732185	111137	298.15	11.5145	T
7732185	111273	298.15	3.3486	T
7732185	111660	298.15	659.047	T
7732185	111717	298.15	20.1158	T
7732185	112061	298.15	27.7919	T
7732185	112141	298.15	22.3342	T
7732185	112312	298.15	15.1084	T
7732185	112549	333.15	17.1046	T
7732185	112583	312.55	92.1089	T
7732185	116541	298.15	51.5501	T
7732185	118616	298.15	50.9737	T
7732185	123159	298.15	22.1454	T
7732185	123182	298.15	39.0926	T
7732185	123193	298.15	21.8754	T
7732185	123660	298.15	27.6266	T
7732185	123739	298.15	6.89285	T
7732185	123922	298.15	20.625	T
7732185	124129	298.15	21.4212	T
7732185	124196	303.15	19.2312	T
7732185	126987	298.15	33.5698	T
7732185	135988	298.15	365.898	T
7732185	140114	298.15	28.0447	T
7732185	140294	298.15	21.7432	T
7732185	140885	298.15	12.6264	T
7732185	141322	293.15	29.0797	T
7732185	141935	298.15	403.627	T
7732185	142927	298.15	21.7932	T
7732185	156592	298.15	389.932	T
7732185	288471	363.15	4.19731	T
7732185	335579	298.15	2631.58	T
7732185	502567	298.15	27.0469	T
7732185	513859	369.65	1.53709	T
7732185	529191	298.15	31.5793	T
7732185	529204	298.15	25.3894	T
7732185	539822	298.15	18.5284	T
7732185	540181	298.15	27.3248	T
7732185	540885	298.15	14.4799	T
7732185	542541	298.15	27.597	T
7732185	542552	298.15	20.4661	T
7732185	543599	298.15	371.809	T
7732185	547637	298.15	13.3477	T
7732185	554121	298.15	12.0488	T
7732185	565800	298.15	20.7533	T
7732185	578541	303.15	10.2478	T
7732185	590012	298.15	24.2078	T
7732185	592416	298.15	640.733	T
7732185	592767	298.15	652.425	T
7732185	598981	298.15	25.462	T
7732185	598992	302.75	54.4375	T
7732185	620224	298.15	37.9164	T
7732185	622457	298.15	17.8896	T
7732185	623427	298.15	15.6827	T
7732185	624168	298.15	37.8045	T
7732185	624248	298.15	19.6506	T
7732185	626233	298.15	13.1664	T
7732185	628206	298.15	22.1137	T
7732185	628637	298.15	23.381	T
7732185	628819	298.15	24.5458	T
7732185	630206	298.15	202.59	T
7732185	637923	298.15	18.3586	T
7732185	643287	303.15	22.8103	T
7732185	766154	378.15	4.70004	T
7732185	821556	298.15	16.4169	T
7732185	919948	298.15	28.2667	T
7732185	994058	298.15	23.9745	T
7732185	1551446	298.15	35.8675	T
7732185	1888717	298.15	1439.97	T
7732185	2349077	298.15	47.0426	T
7732185	2639636	313.15	31.0327	T
7732185	3153375	298.15	16.7206	T
7732185	4351546	298.15	22.7667	T
7732185	5435643	298.15	22.2894	T
7732185	5451923	298.15	46.815	T
7732185	5870939	298.15	32.354	T
7732185	6222351	298.15	33.2304	T
7732185	7378996	298.15	14.5975	T
7732185	7452791	298.15	21.2269	T
7732185	10315987	298.15	21.1753	T
7732185	17639939	302.85	31.2193	T
7732185	24549062	298.15	32.7769	T
7732185	40379246	298.15	35.4885	T
