282	c	q	eok	b	Nd	KadNm3 EhbKcal nAs    nDs      idCas
3	1.663	2.263	251.01	18.612	0	0	0.00	0	0	74986	PROPANE
4	1.704	2.342	261.96	24.007	0	0	0.00	0	0	75285	ISOBUTANE
5	1.870	2.657	256.55	24.674	0	0	0.00	0	0	106978	n-BUTANE
7	2.076	3.050	261.50	30.688	0	0	0.00	0	0	109660	n-PENTANE
8	1.911	2.735	266.45	30.207	0	0	0.00	0	0	78784	ISOPENTANE
9	1.823	2.568	264.27	29.475	0	0	0.00	0	0	463821	NEOPENTANE
11	2.283	3.444	265.71	36.678	0	0	0.00	0	0	110543	n-HEXANE
12	2.118	3.129	270.35	36.323	0	0	0.00	0	0	107835	2-METHYLPENTANE
13	2.118	3.129	270.35	36.323	0	0	0.00	0	0	96140	3-METHYLPENTANE
14	2.030	2.961	268.48	35.722	0	0	0.00	0	0	75832	2,2-DIMETHYLBUTANE
15	1.952	2.813	276.04	35.892	0	0	0.00	0	0	79298	2,3-DIMETHYLBUTANE
17	2.490	3.837	269.25	42.652	0	0	0.00	0	0	142825	n-HEPTANE
18	2.324	3.522	273.64	42.389	0	0	0.00	0	0	591764	2-METHYLHEXANE
19	2.324	3.522	273.64	42.389	0	0	0.00	0	0	589344	3-METHYLHEXANE
20	2.324	3.522	273.64	42.389	0	0	0.00	0	0	617787	3-ETHYLPENTANE
21	2.236	3.355	272.05	41.879	0	0	0.00	0	0	590352	2,2-DIMETHYLPENTANE
22	2.159	3.207	278.90	42.076	0	0	0.00	0	0	565593	2,3-DIMETHYLPENTANE
23	2.159	3.207	278.90	42.076	0	0	0.00	0	0	108087	2,4-DIMETHYLPENTANE
24	2.236	3.355	272.05	41.879	0	0	0.00	0	0	562492	3,3-DIMETHYLPENTANE
25	2.071	3.040	277.45	41.500	0	0	0.00	0	0	464062	2,2,3-TRIMETHYLBUTANE
27	2.696	4.231	272.25	48.616	0	0	0.00	0	0	111659	n-OCTANE
28	2.531	3.916	276.42	48.424	0	0	0.00	0	0	592278	2-METHYLHEPTANE
29	2.531	3.916	276.42	48.424	0	0	0.00	0	0	589811	3-METHYLHEPTANE
30	2.531	3.916	276.42	48.424	0	0	0.00	0	0	589537	4-METHYLHEPTANE
31	2.531	3.916	276.42	48.424	0	0	0.00	0	0	619998	3-ETHYLHEXANE
32	2.443	3.748	275.06	47.980	0	0	0.00	0	0	590738	2,2-DIMETHYLHEXANE
33	2.365	3.600	281.32	48.197	0	0	0.00	0	0	584941	2,3-DIMETHYLHEXANE
34	2.365	3.600	281.32	48.197	0	0	0.00	0	0	589435	2,4-DIMETHYLHEXANE
35	2.365	3.600	281.32	48.197	0	0	0.00	0	0	592132	2,5-DIMETHYLHEXANE
36	2.443	3.748	275.06	47.980	0	0	0.00	0	0	563166	3,3-DIMETHYLHEXANE
37	2.365	3.600	281.32	48.197	0	0	0.00	0	0	583482	3,4-DIMETHYLHEXANE
38	2.365	3.600	281.32	48.197	0	0	0.00	0	0	609267	2-METHYL-3-ETHYLPENTANE
39	2.443	3.748	275.06	47.980	0	0	0.00	0	0	1067089	3-METHYL-3-ETHYLPENTANE
40	2.277	3.433	280.08	47.706	0	0	0.00	0	0	564023	2,2,3-TRIMETHYLPENTANE
41	2.277	3.433	280.08	47.706	0	0	0.00	0	0	540841	2,2,4-TRIMETHYLPENTANE
42	2.277	3.433	280.08	47.706	0	0	0.00	0	0	560214	2,3,3-TRIMETHYLPENTANE
43	2.200	3.285	287.15	47.927	0	0	0.00	0	0	565753	2,3,4-TRIMETHYLPENTANE
44	2.190	3.266	278.75	47.156	0	0	0.00	0	0	594821	2,2,3,3-TETRAMETHYLBUTANE
46	2.903	4.624	274.81	54.574	0	0	0.00	0	0	111842	n-NONANE
47	2.484	3.827	282.31	53.848	0	0	0.00	0	0	3522949	2,2,5-TRIMETHYLHEXANE
48	2.691	4.220	284.19	59.946	0	0	0.00	0	0	7154805	3,3,5-TRIMETHYLHEPTANE
51	2.396	3.659	281.16	53.375	0	0	0.00	0	0	7154792	2,2,3,3-TETRAMETHYLPENTANE
52	2.318	3.511	287.84	53.616	0	0	0.00	0	0	1186534	2,2,3,4-TETRAMETHYLPENTANE
53	2.396	3.659	281.16	53.375	0	0	0.00	0	0	1070877	2,2,4,4-TETRAMETHYLPENTANE
54	2.318	3.511	287.84	53.616	0	0	0.00	0	0	16747389	2,3,3,4-TETRAMETHYLPENTANE
56	3.109	5.018	277.01	60.527	0	0	0.00	0	0	124185	n-DECANE
57	2.603	4.053	283.21	59.531	0	0	0.00	0	0	13475815	2,2,3,3-TETRAMETHYLHEXANE
58	2.603	4.053	283.21	59.531	0	0	0.00	0	0	1071814	2,2,5,5-TETRAMETHYLHEXANE
63	3.316	5.412	278.93	66.477	0	0	0.00	0	0	1120214	n-UNDECANE
64	3.523	5.805	280.61	72.424	0	0	0.00	0	0	112403	n-DODECANE
65	3.729	6.199	282.09	78.370	0	0	0.00	0	0	629505	n-TRIDECANE
66	3.936	6.592	283.41	84.313	0	0	0.00	0	0	629594	n-TETRADECANE
67	4.142	6.986	284.59	90.256	0	0	0.00	0	0	629629	n-PENTADECANE
68	4.349	7.379	285.65	96.197	0	0	0.00	0	0	544763	n-HEXADECANE
69	4.556	7.773	286.60	102.138	0	0	0.00	0	0	629787	n-HEPTADECANE
70	4.762	8.166	287.47	108.078	0	0	0.00	0	0	593453	n-OCTADECANE
71	4.969	8.560	288.27	114.017	0	0	0.00	0	0	629925	n-NONADECANE
73	5.175	8.953	289.00	119.956	0	0	0.00	0	0	112958	n-EICOSANE
74	5.382	9.347	289.66	125.895	0	0	0.00	0	0	629947	n-HENEICOSANE
75	5.589	9.740	290.28	131.833	0	0	0.00	0	0	629970	n-DOCOSANE
76	5.795	10.134	290.85	137.771	0	0	0.00	0	0	638675	n-TRICOSANE
77	6.002	10.527	291.38	143.708	0	0	0.00	0	0	646311	n-TETRACOSANE
90	3.423	5.616	298.09	95.671	0	0	0.00	0	0	4390049	2,2,4,4,6,8,8-HEPTAMETHYLNONANE
91	2.737	4.309	278.78	54.436	0	0	0.00	0	0	3221612	2-METHYLOCTANE
96	2.650	4.142	277.61	54.043	0	0	0.00	0	0	1071267	2,2-DIMETHYLHEPTANE
102	1.720	2.371	286.41	22.204	0	0	0.00	0	0	287230	CYCLOBUTANE
104	1.900	2.714	292.11	28.147	0	0	0.00	0	0	287923	CYCLOPENTANE
105	1.935	2.782	302.24	33.796	0	0	0.00	0	0	96377	METHYLCYCLOPENTANE
107	2.142	3.175	302.22	39.759	0	0	0.00	0	0	1640897	ETHYLCYCLOPENTANE
111	1.971	2.850	312.02	39.564	0	0	0.00	0	0	2532583	cis-1,3-DIMETHYLCYCLOPENTANE
112	1.971	2.850	312.02	39.564	0	0	0.00	0	0	1759586	trans-1,3-DIMETHYLCYCLOPENTANE
137	2.080	3.057	296.88	34.125	0	0	0.00	0	0	110827	CYCLOHEXANE
138	2.115	3.125	305.96	39.870	0	0	0.00	0	0	108872	METHYLCYCLOHEXANE
147	2.151	3.192	314.74	45.711	0	0	0.00	0	0	2207047	trans-1,4-DIMETHYLCYCLOHEXANE
153	2.414	3.694	337.28	54.565	0	0	0.00	0	0	493016	cis-DECAHYDRONAPHTHALENE (RegSteps fails now…?)
154	2.414	3.694	337.28	54.565	0	0	0.00	0	0	493027	trans-DECAHYDRONAPHTHALENE
159	2.260	3.400	300.88	40.127	0	0	0.00	0	0	291645	CYCLOHEPTANE
160	2.440	3.743	304.26	46.146	0	0	0.00	0	0	292648	CYCLOOCTANE
204	1.570	2.085	287.45	23.394	0	0	0.00	0	0	106989	1-BUTENE
205	1.497	1.946	303.49	23.727	0	0	0.00	0	0	590181	cis-2-BUTENE
206	1.497	1.946	303.49	23.727	0	0	0.00	0	0	624646	trans-2-BUTENE
207	1.569	2.084	283.72	23.152	0	0	0.00	0	0	115117	ISOBUTENE
209	1.776	2.479	288.83	29.527	0	0	0.00	0	0	109671	1-PENTENE
210	1.703	2.339	302.50	29.880	0	0	0.00	0	0	627203	cis-2-PENTENE
211	1.703	2.339	302.50	29.880	0	0	0.00	0	0	646048	trans-2-PENTENE
212	1.776	2.477	285.56	29.313	0	0	0.00	0	0	563462	2-METHYL-1-BUTENE
213	1.611	2.164	298.87	28.996	0	0	0.00	0	0	563451	3-METHYL-1-BUTENE
214	1.847	2.614	280.68	29.422	0	0	0.00	0	0	513359	2-METHYL-2-BUTENE
216	1.983	2.872	290.28	35.595	0	0	0.00	0	0	592416	1-HEXENE
223	1.817	2.557	298.86	35.223	0	0	0.00	0	0	691372	4-METHYL-1-PENTENE
234	2.190	3.266	291.60	41.626	0	0	0.00	0	0	592767	1-HEPTENE
250	2.396	3.660	292.75	47.634	0	0	0.00	0	0	111660	1-OCTENE
259	2.603	4.053	293.75	53.626	0	0	0.00	0	0	124118	1-NONENE
260	2.809	4.447	294.62	59.607	0	0	0.00	0	0	872059	1-DECENE
262	3.223	5.234	296.03	71.545	0	0	0.00	0	0	112414	1-DODECENE
403	1.603	2.148	290.19	26.080	0	0	0.00	0	0	107006	ETHYLACETYLENE
405	1.809	2.541	291.29	32.267	0	0	0.00	0	0	627190	1-PENTYNE
501	1.656	2.249	348.72	30.205	0	0	0.00	0	0	71432	BENZENE
502	1.963	2.834	330.93	36.124	0	0	0.00	0	0	108883	TOLUENE
503	2.549	3.950	327.08	49.820	0	0	0.00	0	0	767588	1-METHYLINDAN
504	2.133	3.158	332.52	42.137	0	0	0.00	0	0	100414	ETHYLBENZENE
505	2.270	3.419	319.18	41.964	0	0	0.00	0	0	95476	o-XYLENE
506	2.270	3.419	319.18	41.964	0	0	0.00	0	0	108383	m-XYLENE
507	2.270	3.419	319.18	41.964	0	0	0.00	0	0	106423	p-XYLENE
508	2.641	4.126	330.23	50.222	0	0	0.00	0	0	874351	5-METHYLINDAN
509	2.340	3.552	329.44	48.063	0	0	0.00	0	0	103651	n-PROPYLBENZENE
510	2.348	3.568	317.73	47.454	0	0	0.00	0	0	98828	CUMENE
513	2.440	3.743	321.58	47.965	0	0	0.00	0	0	622968	p-ETHYLTOLUENE
514	2.577	4.004	310.85	47.760	0	0	0.00	0	0	526738	1,2,3-TRIMETHYLBENZENE
515	2.577	4.004	310.85	47.760	0	0	0.00	0	0	95636	1,2,4-TRIMETHYLBENZENE
516	2.577	4.004	310.85	47.760	0	0	0.00	0	0	108678	MESITYLENE
518	2.546	3.945	326.98	53.991	0	0	0.00	0	0	104518	n-BUTYLBENZENE
519	2.381	3.630	336.14	53.971	0	0	0.00	0	0	538932	ISOBUTYLBENZENE
520	2.555	3.961	316.40	53.391	0	0	0.00	0	0	135988	sec-BUTYLBENZENE
524	2.655	4.153	309.90	53.279	0	0	0.00	0	0	99876	p-CYMENE
527	2.611	4.068	323.63	53.986	0	0	0.00	0	0	105055	p-DIETHYLBENZENE
532	2.884	4.589	304.63	53.529	0	0	0.00	0	0	95932	1,2,4,5-TETRAMETHYLBENZENE
558	3.927	6.575	290.26	56.410	0	0	0.00	0	0	92524	BIPHENYL
559	6.198	10.902	278.09	81.563	0	0	0.00	0	0	92944	p-TERPHENYL
560	6.198	10.902	278.09	81.563	0	0	0.00	0	0	92068	m-TERPHENYL
561	6.198	10.902	278.09	81.563	0	0	0.00	0	0	84151	o-TERPHENYL
563	3.368	5.511	324.90	63.362	0	0	0.00	0	0	101815	DIPHENYLMETHANE
601	2.598	4.045	299.26	40.216	0	0	0.00	0	0	100425	STYRENE
701	3.708	6.159	278.62	46.069	0	0	0.00	0	0	91203	NAPHTHALENE
702	4.016	6.744	277.14	51.700	0	0	0.00	0	0	90120	1-METHYLNAPHTHALENE
703	4.016	6.744	277.14	51.700	0	0	0.00	0	0	91576	2-METHYLNAPHTHALENE
706	2.514	3.883	341.30	50.432	0	0	0.00	0	0	119642	1,2,3,4-TETRAHYDRONAPHTHALENE
715	4.323	7.329	275.91	57.341	0	0	0.00	0	0	582161	2,7-DIMETHYLNAPHTHALENE
804	5.761	10.069	262.72	61.007	0	0	0.00	0	0	120127	ANTHRACENE
805	5.761	10.069	262.72	61.007	0	0	0.00	0	0	85018	PHENANTHRENE
814	2.263	3.405	368.99	62.436	0	0	0.00	0	0	702794	1,3-DIMETHYLADAMANTANE
820	2.334	3.541	341.39	44.449	0	0	0.00	0	0	496117	INDANE
1003	1.678	2.292	313.38	23.042	1	0.00057	1.25	1	1	123386	PROPANAL
1005	1.885	2.685	311.90	28.841	1	0.00064	1.25	1	1	123728	BUTANAL
1052	2.244	3.369	278.21	28.062	0	0	0.00	0	0	78933	METHYL ETHYL KETONE
1053	2.451	3.763	280.64	33.792	0	0	0.00	0	0	96220	3-PENTANONE
1054	2.492	3.841	287.77	39.446	0	0	0.00	0	0	108101	METHYL ISOBUTYL KETONE
1059	2.657	4.156	282.69	39.565	0	0	0.00	0	0	589388	3-HEXANONE
1060	2.451	3.763	280.64	33.792	0	0	0.00	0	0	107879	2-PENTANONE
1062	2.657	4.156	282.69	39.565	0	0	0.00	0	0	591786	2-HEXANONE
1065	2.283	3.445	314.25	38.680	0	0	0.00	0	0	141797	MESITYL OXIDE
1079	2.327	3.528	300.55	30.525	0	0	0.00	0	0	120923	CYCLOPENTANONE
1080	2.507	3.871	303.86	36.344	0	0	0.00	0	0	108941	CYCLOHEXANONE
1102	1.813	2.548	269.22	21.684	1	0.0005	4.00	1	1	64175	ETHANOL
1103	2.019	2.941	274.95	27.501	1	0.00057	4.00	1	1	71238	1-PROPANOL
1104	1.854	2.626	280.02	27.584	1	0.00062	4.00	1	1	67630	ISOPROPANOL
1105	2.226	3.335	279.37	33.347	1	0.00062	4.00	1	1	71363	1-BUTANOL
1106	2.060	3.020	284.31	33.457	1	0.00067	4.00	1	1	78831	2-METHYL-1-PROPANOL(iButanol)
1107	2.060	3.020	284.31	33.457	1	0.00067	4.00	1	1	78922	2-BUTANOL
1108	1.972	2.852	282.33	33.324	1	0.0007	4.00	1	1	75650	2-METHYL-2-PROPANOL(tButanol)
1109	2.432	3.728	282.86	39.211	1	0.00067	4.00	1	1	71410	1-PENTANOL
1110	2.267	3.413	287.62	39.343	1	0.00072	4.00	1	1	6032297	2-PENTANOL
1111	2.179	3.246	286.04	39.224	1	0.00075	4.00	1	1	75854	2-METHYL-2-BUTANOL
1112	2.267	3.413	287.62	39.343	1	0.00072	4.00	1	1	137326	2-METHYL-1-BUTANOL
1114	2.639	4.122	285.68	45.088	1	0.00071	4.00	1	1	111273	1-HEXANOL
1115	2.473	3.807	290.23	45.238	1	0.00076	4.00	1	1	626937	2-HEXANOL
1116	2.473	3.807	290.23	45.238	1	0.00076	4.00	1	1	623370	3-HEXANOL
1117	2.473	3.807	290.23	45.238	1	0.00076	4.00	1	1	105306	2-METHYL-1-PENTANOL
1120	2.267	3.413	287.62	39.343	1	0.00072	4.00	1	1	584021	3-PENTANOL
1121	2.887	4.594	294.07	57.044	1	0.00082	4.00	1	1	104767	2-ETHYL-1-HEXANOL
1123	2.267	3.413	287.62	39.343	1	0.00072	4.00	1	1	123513	3-METHYL-1-BUTANOL
1124	2.101	3.098	293.28	39.496	1	0.00078	4.00	1	1	598754	3-METHYL-2-BUTANOL
1125	2.846	4.515	288.00	50.974	1	0.00074	4.00	1	1	111706	1-HEPTANOL
1126	2.680	4.200	292.34	51.139	1	0.00079	4.00	1	1	543497	2-HEPTANOL
1130	2.308	3.491	295.56	45.408	1	0.00082	4.00	1	1	108112	4-METHYL-2-PENTANOL
1132	3.052	4.909	289.94	56.866	1	0.00077	4.00	1	1	111875	1-OCTANOL
1133	2.887	4.594	294.07	57.044	1	0.00082	4.00	1	1	123966	2-OCTANOL
1134	3.259	5.302	291.57	62.765	1	0.0008	4.00	1	1	143088	1-NONANOL
1135	3.093	4.987	295.51	62.953	1	0.00084	4.00	1	1	628999	2-NONANOL
1136	3.465	5.696	292.97	68.667	1	0.00082	4.00	1	1	112301	1-DECANOL
1137	3.672	6.090	294.17	74.573	1	0.00084	4.00	1	1	112425	1-UNDECANOL
1140	3.879	6.483	295.22	80.481	1	0.00086	4.00	1	1	112538	1-DODECANOL
1141	4.085	6.877	296.14	86.392	1	0.00088	4.00	1	1	112709	1-TRIDECANOL
1142	4.292	7.270	296.95	92.305	1	0.00089	4.00	1	1	112721	1-TETRADECANOL
1143	4.498	7.664	297.67	98.219	1	0.00091	4.00	1	1	629765	1-PENTADECANOL
1144	4.705	8.057	298.31	104.135	1	0.00092	4.00	1	1	36653824	1-HEXADECANOL
1145	4.912	8.451	298.89	110.052	1	0.00093	4.00	1	1	1454859	1-HEPTADECANOL
1146	5.118	8.844	299.41	115.970	1	0.00094	4.00	1	1	112925	1-OCTADECANOL
1148	5.531	9.631	300.30	127.810	1	0.00096	4.00	1	1	629969	1-EICOSANOL
1149	5.325	9.238	299.88	121.890	1	0.00095	4.00	1	1	1454848	1-NONADECANOL
1151	2.265	3.409	320.94	41.982	1	0.00077	4.00	1	1	108930	CYCLOHEXANOL
1167	1.719	2.370	303.90	26.501	1	0.00064	4.00	1	1	107186	ALLYL ALCOHOL
1170	3.926	6.574	268.85	46.730	1	0.00049	4.00	1	1	526750	2,3-XYLENOL
1172	3.926	6.574	268.85	46.730	1	0.00049	4.00	1	1	105679	2,4-XYLENOL
1174	3.926	6.574	268.85	46.730	1	0.00049	4.00	1	1	95874	2,5-XYLENOL
1176	3.926	6.574	268.85	46.730	1	0.00049	4.00	1	1	576261	2,6-XYLENOL
1177	3.926	6.574	268.85	46.730	1	0.00049	4.00	1	1	95658	3,4-XYLENOL
1178	3.926	6.574	268.85	46.730	1	0.00049	4.00	1	1	108689	3,5-XYLENOL
1180	2.282	3.443	345.63	43.696	1	0.00079	4.00	1	1	100516	BENZYL ALCOHOL
1181	3.312	5.403	268.88	35.411	1	0.00044	4.00	1	1	108952	PHENOL
1182	3.619	5.988	268.88	41.068	1	0.00047	4.00	1	1	95487	o-CRESOL
1183	3.619	5.988	268.88	41.068	1	0.00047	4.00	1	1	108394	m-CRESOL
1184	3.619	5.988	268.88	41.068	1	0.00047	4.00	1	1	106445	p-CRESOL
1185	3.789	6.313	273.19	46.950	1	0.00051	4.00	1	1	90006	o-ETHYLPHENOL
1187	3.789	6.313	273.19	46.950	1	0.00051	4.00	1	1	123079	p-ETHYLPHENOL
1212	2.375	3.619	277.93	33.597	2	0.00059	4.00	1	1	504632	1,3-PROPYLENE GLYCOL
1302	1.991	2.887	275.41	28.774	1	0.0006	1.25	1	1	109944	ETHYL FORMATE
1303	2.197	3.280	278.46	34.658	1	0.00065	1.25	1	1	110747	n-PROPYL FORMATE
1305	2.238	3.358	286.53	40.382	1	0.00075	1.25	1	1	542552	ISOBUTYL FORMATE
1306	2.610	4.067	283.19	46.450	1	0.00074	1.25	1	1	638493	n-PENTYL FORMATE
1313	2.676	4.192	252.53	28.945	0	0	0.00	0	0	141786	ETHYL ACETATE
1314	2.882	4.585	256.64	34.600	0	0	0.00	0	0	109604	n-PROPYL ACETATE
1315	3.089	4.979	260.18	40.308	0	0	0.00	0	0	123864	n-BUTYL ACETATE
1316	2.923	4.664	262.89	40.176	0	0	0.00	0	0	110190	ISOBUTYL ACETATE
1317	3.130	5.057	265.94	45.955	0	0	0.00	0	0	123922	ISOPENTYL ACETATE
1319	2.717	4.270	259.35	34.431	0	0	0.00	0	0	108214	ISOPROPYL ACETATE
1322	2.096	3.087	282.75	29.125	0	0	0.00	0	0	554121	METHYL PROPIONATE
1323	2.302	3.481	284.83	34.937	0	0	0.00	0	0	105373	ETHYL PROPIONATE
1324	2.509	3.874	286.59	40.776	0	0	0.00	0	0	106365	n-PROPYL PROPIONATE
1326	2.715	4.268	288.10	46.633	0	0	0.00	0	0	590012	n-BUTYL PROPIONATE
1327	2.715	4.268	288.10	46.633	0	0	0.00	0	0	105668	n-PROPYL n-BUTYRATE
1332	2.302	3.481	284.83	34.937	0	0	0.00	0	0	623427	METHYL n-BUTYRATE
1333	2.509	3.874	286.59	40.776	0	0	0.00	0	0	105544	ETHYL n-BUTYRATE
1336	2.616	4.077	288.01	47.787	0	0	0.00	0	0	644495	n-PROPYL ISOBUTYRATE
1344	2.481	3.821	304.52	46.865	0	0	0.00	0	0	141322	n-BUTYL ACRYLATE
1347	2.550	3.952	293.46	46.532	0	0	0.00	0	0	108645	ETHYL ISOVALERATE
1360	2.657	4.155	294.55	53.620	0	0	0.00	0	0	97858	ISOBUTYL ISOBUTYRATE
1385	2.922	4.661	289.39	52.505	0	0	0.00	0	0	109217	n-BUTYL n-BUTYRATE
1400	1.704	2.342	330.15	31.024	0	0	0.00	0	0	96479	2-METHYLTETRAHYDROFURAN
1402	1.792	2.509	288.01	28.233	0	0	0.00	0	0	60297	DIETHYL ETHER
1403	1.989	2.884	290.49	39.176	0	0	0.00	0	0	108203	DIISOPROPYL ETHER
1404	2.619	4.083	293.22	52.159	0	0	0.00	0	0	142961	DI-n-BUTYL ETHER
1405	2.283	3.443	253.15	32.837	0	0	0.00	0	0	1634044	METHYL tert-BUTYL ETHER
1407	2.123	3.138	241.54	22.115	0	0	0.00	0	0	540670	METHYL ETHYL ETHER
1415	1.999	2.902	289.57	34.238	0	0	0.00	0	0	628320	ETHYL PROPYL ETHER
1427	2.489	3.836	257.81	38.787	0	0	0.00	0	0	994058	METHYL tert-PENTYL ETHER
1446	2.205	3.296	290.96	40.222	0	0	0.00	0	0	111433	DI-n-PROPYL ETHER
1447	1.905	2.724	322.18	39.141	0	0	0.00	0	0	111342	BUTYL VINYL ETHER
1455	2.789	4.407	242.23	30.652	0	0	0.00	0	0	110714	1,2-DIMETHOXYETHANE
1461	3.151	5.098	268.06	37.996	0	0	0.00	0	0	100663	ANISOLE
1541	2.289	3.455	278.18	29.083	0	0	0.00	0	0	79016	TRICHLOROETHYLENE
1571	1.891	2.698	359.47	36.250	0	0	0.00	0	0	108907	MONOCHLOROBENZENE
1572	2.127	3.147	367.53	42.098	0	0	0.00	0	0	95501	o-DICHLOROBENZENE
1573	2.127	3.147	367.53	42.098	0	0	0.00	0	0	541731	m-DICHLOROBENZENE
1578	2.199	3.283	342.30	42.085	0	0	0.00	0	0	106434	p-CHLOROTOLUENE
1585	1.811	2.545	301.33	26.415	0	0	0.00	0	0	540545	PROPYL CHLORIDE
1587	2.056	3.010	280.91	31.281	0	0	0.00	0	0	78864	sec-BUTYL CHLORIDE
1588	2.224	3.332	301.44	38.149	0	0	0.00	0	0	543599	1-CHLOROPENTANE
1611	1.899	2.713	315.79	37.262	0	0	0.00	0	0	124732	1,2-DIBROMOTETRAFLUOROETHANE(R114B2)
1620	2.321	3.515	238.28	29.789	0	0	0.00	0	0	690391	1,1,1,3,3,3-HEXAFLUOROPROPANE
1623	2.618	4.082	228.28	55.757	0	0	0.00	0	0	355420	PERFLUORO-n-HEXANE
1625	2.870	4.562	227.34	72.355	0	0	0.00	0	0	307346	PERFLUORO-n-OCTANE
1626	2.996	4.802	226.96	80.756	0	0	0.00	0	0	375962	PERFLUORO-n-NONANE
1627	3.122	5.042	226.63	89.211	0	0	0.00	0	0	307459	PERFLUORO-n-DECANE
1673	2.060	3.020	327.21	31.567	0	0	0.00	0	0	106934	1,2-DIBROMOETHANE
1691	2.569	3.988	340.89	45.675	0	0	0.00	0	0	591504	IODOBENZENE
1706	2.299	3.474	273.64	43.236	0	0	0.00	0	0	121448	TRIETHYLAMINE
1707	2.587	4.023	282.85	42.801	1	0.00069	1.25	1	1	142847	DI-n-PROPYLAMINE
1710	2.174	3.236	278.00	31.129	1	0.00059	1.25	1	1	109897	DIETHYLAMINE
1711	1.731	2.392	316.90	26.388	1	0.00063	1.25	1	1	107108	n-PROPYLAMINE
1712	1.938	2.786	315.09	32.237	1	0.00069	1.25	1	1	109739	n-BUTYLAMINE
1714	1.772	2.471	326.66	32.070	1	0.00075	1.25	1	1	78819	ISOBUTYLAMINE
1719	1.601	2.145	315.65	25.689	1	0.00067	1.25	1	1	75310	ISOPROPYLAMINE
1725	3.367	5.508	294.23	65.280	3	0.0008	4.00	1	1	102716	TRIETHANOLAMINE
1744	3.000	4.810	286.34	54.537	1	0.00075	1.25	1	1	111922	DI-n-BUTYLAMINE
1748	2.902	4.623	342.41	48.664	0	0	0.00	0	0	91225	QUINOLINE
1782	1.668	2.273	404.39	30.908	1	0.00077	1.25	1	1	109740	BUTYRONITRILE
1783	1.875	2.667	390.35	36.804	1	0.00081	1.25	1	1	110598	VALERONITRILE
1791	1.845	2.610	299.43	29.435	0	0	0.00	0	0	110861	PYRIDINE
1792	2.856	4.535	312.50	36.267	1	0.00053	1.25	1	1	62533	ANILINE
1797	1.886	2.687	384.93	38.248	0	0	0.00	0	0	109068	2-METHYLPYRIDINE
1818	2.317	3.509	279.54	33.571	0	0	0.00	0	0	352932	DIETHYL SULFIDE
1864	2.474	3.808	259.52	38.755	0	0	0.00	0	0	392563	perFLUOROBENZENE
1886	1.740	2.410	459.46	39.913	0	0	0.00	0	0	98953	NITROBENZENE
2082	7.655	13.676	294.54	191.202	0	0	0.00	0	0	544854	n-DOTRIACONTANE
2086	8.481	15.250	295.65	214.946	0	0	0.00	0	0	630068	n-HEXATRIACONTANE
2112	3.789	6.313	273.19	46.950	1	0.00051	4.00	1	1	620177	m-ETHYLPHENOL
2332	2.202	3.290	284.61	35.962	0	0	0.00	0	0	547637	METHYL ISOBUTYRATE
2337	2.409	3.684	286.45	41.872	0	0	0.00	0	0	97621	ETHYL ISOBUTYRATE
2623	2.492	3.842	228.87	47.586	0	0	0.00	0	0	678262	PERFLUORO-n-PENTANE
2626	2.744	4.322	227.77	64.018	0	0	0.00	0	0	335579	PERFLUORO-n-HEPTANE
2654	1.504	1.960	233.80	24.588	0	0	0.00	0	0	115253	perFLUOROCYCLOBUTANE
2708	2.764	4.360	311.58	55.768	1	0.00084	1.25	1	1	111864	n-OCTYLAMINE
2785	3.898	6.521	262.25	45.609	0	0	0.00	0	0	119653	ISOQUINOLINE
2796	1.962	2.833	394.22	44.347	0	0	0.00	0	0	108485	2,6-DIMETHYLPYRIDINE
2797	2.153	3.196	292.29	35.341	0	0	0.00	0	0	108996	3-METHYLPYRIDINE
2799	2.153	3.196	292.29	35.341	0	0	0.00	0	0	108894	4-METHYLPYRIDINE
2862	1.848	2.615	427.10	51.697	1	0.00116	4.00	1	1	111762	2-BUTOXYETHANOL
3318	2.963	4.739	295.15	58.355	0	0	0.00	0	0	106274	ISOPENTYL BUTYRATE
3545	3.088	4.977	318.01	65.797	0	0	0.00	0	0	102250	1,3,5-TRIETHYLBENZENE
3606	2.118	3.129	241.07	32.117	0	0	0.00	0	0	406586	R365mfc(1,1,1,3,3-PENTAFLUOROBUTANE)
5884	3.011	4.831	277.58	43.506	0	0	0.00	0	0	111159	2-ETHOXYETHYL ACETATE
