282	c	q	eok	b	Nd	KadNm3 EhbKcal nAs    nDs      idCas
     8     1.911     2.735   265.119    30.103    0    .00000      .000   0   0      78784
  2082     7.655    13.676   302.177   192.620    0    .00000      .000   0   0     544854
  2086     8.481    15.250   303.794   216.604    0    .00000      .000   0   0     630068
     3     1.663     2.263   234.052    17.067    0    .00000      .000   0   0      74986
     4     1.704     2.342   254.495    23.385    0    .00000      .000   0   0      75285
     5     1.870     2.657   247.166    23.920    0    .00000      .000   0   0     106978
     7     2.076     3.050   256.777    30.318    0    .00000      .000   0   0     109660
     9     1.823     2.568   257.324    28.869    0    .00000      .000   0   0     463821
    11     2.283     3.444   263.956    36.539    0    .00000      .000   0   0     110543
    12     2.118     3.129   270.334    36.322    0    .00000      .000   0   0     107835
    13     2.118     3.129   272.869    36.519    0    .00000      .000   0   0      96140
    14     2.030     2.961   269.243    35.785    0    .00000      .000   0   0      75832
    15     1.952     2.813   284.180    36.511    0    .00000      .000   0   0      79298
    17     2.490     3.837   269.635    42.683    0    .00000      .000   0   0     142825
    18     2.324     3.522   274.817    42.484    0    .00000      .000   0   0     591764
    19     2.324     3.522   276.239    42.597    0    .00000      .000   0   0     589344
    20     2.324     3.522   277.519    42.698    0    .00000      .000   0   0     617787
    21     2.236     3.355   272.948    41.954    0    .00000      .000   0   0     590352
    22     2.159     3.207   288.192    42.794    0    .00000      .000   0   0     565593
    23     2.159     3.207   280.495    42.204    0    .00000      .000   0   0     108087
    24     2.236     3.355   278.501    42.406    0    .00000      .000   0   0     562492
    25     2.071     3.040   288.848    42.409    0    .00000      .000   0   0     464062
    27     2.696     4.231   274.264    48.786    0    .00000      .000   0   0     111659
    28     2.531     3.916   278.683    48.612    0    .00000      .000   0   0     592278
    29     2.531     3.916   279.639    48.690    0    .00000      .000   0   0     589811
    30     2.531     3.916   278.728    48.615    0    .00000      .000   0   0     589537
    31     2.531     3.916   279.348    48.666    0    .00000      .000   0   0     619998
    32     2.443     3.748   276.485    48.102    0    .00000      .000   0   0     590738
    33     2.365     3.600   288.919    48.808    0    .00000      .000   0   0     584941
    34     2.365     3.600   284.105    48.426    0    .00000      .000   0   0     589435
    35     2.365     3.600   283.856    48.406    0    .00000      .000   0   0     592132
    36     2.443     3.748   280.392    48.431    0    .00000      .000   0   0     563166
    37     2.365     3.600   290.573    48.935    0    .00000      .000   0   0     583482
    38     2.365     3.600   288.950    48.810    0    .00000      .000   0   0     609267
    39     2.443     3.748   285.200    48.819    0    .00000      .000   0   0    1067089
    40     2.277     3.433   291.359    48.628    0    .00000      .000   0   0     564023
    41     2.277     3.433   282.906    47.946    0    .00000      .000   0   0     540841
    42     2.277     3.433   295.290    48.927    0    .00000      .000   0   0     560214
    43     2.200     3.285   301.002    48.999    0    .00000      .000   0   0     565753
    44     2.190     3.266   296.171    48.592    0    .00000      .000   0   0     594821
    46     2.903     4.624   278.107    54.862    0    .00000      .000   0   0     111842
    47     2.484     3.827   284.150    54.010    0    .00000      .000   0   0    3522949
    48     2.691     4.220   291.393    60.587    0    .00000      .000   0   0    7154805
    51     2.396     3.659   302.963    55.184    0    .00000      .000   0   0    7154792
    52     2.318     3.511   303.568    54.901    0    .00000      .000   0   0    1186534
    53     2.396     3.659   289.104    54.075    0    .00000      .000   0   0    1070877
    54     2.318     3.511   310.321    55.401    0    .00000      .000   0   0   16747389
    56     3.109     5.018   281.370    60.922    0    .00000      .000   0   0     124185
    57     2.603     4.053   300.437    61.035    0    .00000      .000   0   0   13475815
    58     2.603     4.053   283.799    59.587    0    .00000      .000   0   0    1071814
    63     3.316     5.412   284.797    67.029    0    .00000      .000   0   0    1120214
    64     3.523     5.805   286.888    73.040    0    .00000      .000   0   0     112403
    65     3.729     6.199   289.098    79.083    0    .00000      .000   0   0     629505
    66     3.936     6.592   291.086    85.126    0    .00000      .000   0   0     629594
    67     4.142     6.986   292.875    91.166    0    .00000      .000   0   0     629629
    68     4.349     7.379   289.747    96.673    0    .00000      .000   0   0     544763
    69     4.556     7.773   290.802   102.644    0    .00000      .000   0   0     629787
    70     4.762     8.166   292.252   108.673    0    .00000      .000   0   0     593453
    71     4.969     8.560   292.782   114.600    0    .00000      .000   0   0     629925
    73     5.175     8.953   294.503   120.689    0    .00000      .000   0   0     112958
    74     5.382     9.347   296.341   126.809    0    .00000      .000   0   0     629947
    75     5.589     9.740   294.513   132.437    0    .00000      .000   0   0     629970
    76     5.795    10.134   297.969   138.807    0    .00000      .000   0   0     638675
    77     6.002    10.527   297.863   144.684    0    .00000      .000   0   0     646311
    90     3.423     5.616   298.429    95.710    0    .00000      .000   0   0    4390049
    91     2.737     4.309   282.024    54.716    0    .00000      .000   0   0    3221612
    96     2.650     4.142   279.678    54.228    0    .00000      .000   0   0    1071267
   102     1.720     2.371   280.357    21.886    0    .00000      .000   0   0     287230
   104     1.900     2.714   289.065    27.984    0    .00000      .000   0   0     287923
   105     1.935     2.782   301.453    33.752    0    .00000      .000   0   0      96377
   107     2.142     3.175   303.806    39.853    0    .00000      .000   0   0    1640897
   111     1.971     2.850   310.605    39.482    0    .00000      .000   0   0    2532583
   112     1.971     2.850   311.466    39.532    0    .00000      .000   0   0    1759586
   137     2.080     3.057   294.113    33.970    0    .00000      .000   0   0     110827
   138     2.115     3.125   304.236    39.769    0    .00000      .000   0   0     108872
   147     2.151     3.192   312.882    45.598    0    .00000      .000   0   0    2207047
   153     2.414     3.694   346.219    55.034    0    .00000      .000   0   0     493016
   154     2.414     3.694   339.555    54.688    0    .00000      .000   0   0     493027
   159     2.260     3.400   305.705    40.403    0    .00000      .000   0   0     291645
   160     2.440     3.743   313.061    46.667    0    .00000      .000   0   0     292648
   204     1.570     2.085   279.687    22.894    0    .00000      .000   0   0     106989
   205     1.497     1.946   302.810    23.689    0    .00000      .000   0   0     590181
   206     1.497     1.946   299.620    23.509    0    .00000      .000   0   0     624646
   207     1.569     2.084   279.132    22.848    0    .00000      .000   0   0     115117
   209     1.776     2.479   283.297    29.170    0    .00000      .000   0   0     109671
   210     1.703     2.339   299.882    29.729    0    .00000      .000   0   0     627203
   211     1.703     2.339   299.289    29.695    0    .00000      .000   0   0     646048
   212     1.776     2.477   284.569    29.249    0    .00000      .000   0   0     563462
   213     1.611     2.164   296.255    28.829    0    .00000      .000   0   0     563451
   214     1.847     2.614   283.006    29.573    0    .00000      .000   0   0     513359
   216     1.983     2.872   286.948    35.375    0    .00000      .000   0   0     592416
   223     1.817     2.557   296.932    35.098    0    .00000      .000   0   0     691372
   234     2.190     3.266   289.611    41.489    0    .00000      .000   0   0     592767
   250     2.396     3.660   291.828    47.567    0    .00000      .000   0   0     111660
   259     2.603     4.053   293.786    53.629    0    .00000      .000   0   0     124118
   260     2.809     4.447   295.462    59.674    0    .00000      .000   0   0     872059
   262     3.223     5.234   298.542    71.766    0    .00000      .000   0   0     112414
   403     1.603     2.148   287.376    25.898    0    .00000      .000   0   0     107006
   405     1.809     2.541   286.975    31.981    0    .00000      .000   0   0     627190
   501     1.656     2.249   353.628    30.385    0    .00000      .000   0   0      71432
   502     1.963     2.834   333.108    36.219    0    .00000      .000   0   0     108883
   503     2.549     3.950   333.525    50.149    0    .00000      .000   0   0     767588
   504     2.133     3.158   332.066    42.115    0    .00000      .000   0   0     100414
   505     2.270     3.419   325.294    42.268    0    .00000      .000   0   0      95476
   506     2.270     3.419   320.925    42.052    0    .00000      .000   0   0     108383
   507     2.270     3.419   320.301    42.021    0    .00000      .000   0   0     106423
   508     2.641     4.126   335.022    50.458    0    .00000      .000   0   0     874351
   509     2.340     3.552   327.390    47.956    0    .00000      .000   0   0     103651
   510     2.348     3.568   321.193    47.649    0    .00000      .000   0   0      98828
   513     2.440     3.743   320.989    47.933    0    .00000      .000   0   0     622968
   514     2.577     4.004   321.109    48.329    0    .00000      .000   0   0     526738
   515     2.577     4.004   316.022    48.053    0    .00000      .000   0   0      95636
   516     2.577     4.004   312.525    47.856    0    .00000      .000   0   0     108678
   518     2.546     3.945   325.814    53.925    0    .00000      .000   0   0     104518
   519     2.381     3.630   331.341    53.704    0    .00000      .000   0   0     538932
   520     2.555     3.961   317.676    53.469    0    .00000      .000   0   0     135988
   524     2.655     4.153   313.276    53.492    0    .00000      .000   0   0      99876
   527     2.611     4.068   321.352    53.853    0    .00000      .000   0   0     105055
   532     2.884     4.589   312.657    54.030    0    .00000      .000   0   0      95932
   558     3.927     6.575   301.403    57.139    0    .00000      .000   0   0      92524
   559     6.198    10.902   296.465    83.247    0    .00000      .000   0   0      92944
   560     6.198    10.902   292.564    82.910    0    .00000      .000   0   0      92068
   561     6.198    10.902   273.617    81.114    0    .00000      .000   0   0      84151
   563     3.368     5.511   328.201    63.557    0    .00000      .000   0   0     101815
   601     2.598     4.045   300.472    40.282    0    .00000      .000   0   0     100425
   701     3.708     6.159   290.928    46.817    0    .00000      .000   0   0      91203
   702     4.016     6.744   293.813    52.801    0    .00000      .000   0   0      90120
   703     4.016     6.744   291.647    52.667    0    .00000      .000   0   0      91576
   706     2.514     3.883   349.483    50.808    0    .00000      .000   0   0     119642
   715     4.323     7.329   292.116    58.516    0    .00000      .000   0   0     582161
   804     5.761    10.069   299.852    63.790    0    .00000      .000   0   0     120127
   805     5.761    10.069   298.511    63.704    0    .00000      .000   0   0      85018
   814     2.263     3.405   363.029    62.132    0    .00000      .000   0   0     702794
   820     2.334     3.541   345.711    44.634    0    .00000      .000   0   0     496117
  1003     1.678     2.292   321.232    23.335    1    .00058     1.250   1   1     123386
  1005     1.885     2.685   313.741    28.920    1    .00064     1.250   1   1     123728
  1052     2.244     3.369   282.993    28.307    0    .00000      .000   0   0      78933
  1053     2.451     3.763   281.092    33.818    0    .00000      .000   0   0      96220
  1054     2.492     3.841   285.982    39.335    0    .00000      .000   0   0     108101
  1059     2.657     4.156   280.521    39.429    0    .00000      .000   0   0     589388
  1060     2.451     3.763   281.343    33.833    0    .00000      .000   0   0     107879
  1062     2.657     4.156   283.426    39.611    0    .00000      .000   0   0     591786
  1065     2.283     3.445   314.230    38.679    0    .00000      .000   0   0     141797
  1079     2.327     3.528   316.683    31.182    0    .00000      .000   0   0     120923
  1080     2.507     3.871   318.057    36.983    0    .00000      .000   0   0     108941
  1102     1.813     2.548   297.623    22.459    1    .00051     4.000   1   1      64175
  1103     2.019     2.941   292.898    28.098    1    .00058     4.000   1   1      71238
  1104     1.854     2.626   291.364    27.961    1    .00063     4.000   1   1      67630
  1105     2.226     3.335   291.910    33.832    1    .00063     4.000   1   1      71363
  1106     2.060     3.020   295.329    33.874    1    .00068     4.000   1   1      78831
  1107     2.060     3.020   286.674    33.550    1    .00068     4.000   1   1      78922
  1108     1.972     2.852   275.570    33.041    1    .00070     4.000   1   1      75650
  1109     2.432     3.728   291.781    39.603    1    .00068     4.000   1   1      71410
  1110     2.267     3.413   285.947    39.269    1    .00072     4.000   1   1    6032297
  1111     2.179     3.246   275.834    38.742    1    .00074     4.000   1   1      75854
  1112     2.267     3.413   295.035    39.662    1    .00073     4.000   1   1     137326
  1114     2.639     4.122   291.708    45.384    1    .00071     4.000   1   1     111273
  1115     2.473     3.807   287.360    45.096    1    .00076     4.000   1   1     626937
  1116     2.473     3.807   281.462    44.792    1    .00075     4.000   1   1     623370
  1117     2.473     3.807   294.351    45.436    1    .00076     4.000   1   1     105306
  1120     2.267     3.413   282.467    39.110    1    .00072     4.000   1   1     584021
  1121     2.887     4.594   293.833    57.030    1    .00082     4.000   1   1     104767
  1123     2.267     3.413   296.715    39.731    1    .00073     4.000   1   1     123513
  1124     2.101     3.098   291.120    39.403    1    .00078     4.000   1   1     598754
  1125     2.846     4.515   292.388    51.211    1    .00075     4.000   1   1     111706
  1126     2.680     4.200   288.468    50.928    1    .00079     4.000   1   1     543497
  1130     2.308     3.491   291.108    45.194    1    .00081     4.000   1   1     108112
  1132     3.052     4.909   293.412    57.072    1    .00078     4.000   1   1     111875
  1133     2.887     4.594   290.034    56.805    1    .00082     4.000   1   1     123966
  1134     3.259     5.302   294.203    62.933    1    .00080     4.000   1   1     143088
  1135     3.093     4.987   291.451    62.693    1    .00084     4.000   1   1     628999
  1136     3.465     5.696   294.684    68.785    1    .00082     4.000   1   1     112301
  1137     3.672     6.090   294.683    74.611    1    .00084     4.000   1   1     112425
  1140     3.879     6.483   295.285    80.486    1    .00086     4.000   1   1     112538
  1141     4.085     6.877   294.927    86.291    1    .00088     4.000   1   1     112709
  1142     4.292     7.270   296.267    92.245    1    .00089     4.000   1   1     112721
  1143     4.498     7.664   296.834    98.141    1    .00091     4.000   1   1     629765
  1144     4.705     8.057   297.703   104.076    1    .00092     4.000   1   1   36653824
  1145     4.912     8.451   298.177   109.979    1    .00093     4.000   1   1    1454859
  1146     5.118     8.844   299.096   115.937    1    .00094     4.000   1   1     112925
  1148     5.531     9.631   299.164   127.677    1    .00096     4.000   1   1     629969
  1149     5.325     9.238   298.784   121.767    1    .00095     4.000   1   1    1454848
  1151     2.265     3.409   324.000    42.088    1    .00077     4.000   1   1     108930
  1167     1.719     2.370   326.263    27.057    1    .00065     4.000   1   1     107186
  1170     3.926     6.574   278.484    47.273    1    .00050     4.000   1   1     526750
  1172     3.926     6.574   274.773    47.069    1    .00050     4.000   1   1     105679
  1174     3.926     6.574   274.898    47.076    1    .00050     4.000   1   1      95874
  1176     3.926     6.574   268.584    46.715    1    .00049     4.000   1   1     576261
  1177     3.926     6.574   284.954    47.613    1    .00050     4.000   1   1      95658
  1178     3.926     6.574   281.493    47.434    1    .00050     4.000   1   1     108689
  1180     2.282     3.443   362.162    44.163    1    .00080     4.000   1   1     100516
  1181     3.312     5.403   283.150    36.020    1    .00045     4.000   1   1     108952
  1182     3.619     5.988   274.645    41.361    1    .00047     4.000   1   1      95487
  1183     3.619     5.988   282.070    41.717    1    .00048     4.000   1   1     108394
  1184     3.619     5.988   281.878    41.708    1    .00048     4.000   1   1     106445
  1185     3.789     6.313   327.502    49.437    1    .00054     4.000   1   1      90006
  1187     3.789     6.313   283.612    47.516    1    .00052     4.000   1   1     123079
  1212     2.375     3.619   363.233    35.201    2    .00062     4.000   1   1     504632
  1302     1.991     2.887   281.570    29.140    1    .00061     1.250   1   1     109944
  1303     2.197     3.280   281.587    34.858    1    .00066     1.250   1   1     110747
  1305     2.238     3.358   288.923    40.543    1    .00075     1.250   1   1     542552
  1306     2.610     4.067   285.275    46.600    1    .00074     1.250   1   1     638493
  1313     2.676     4.192   250.590    28.819    0    .00000      .000   0   0     141786
  1314     2.882     4.585   254.262    34.433    0    .00000      .000   0   0     109604
  1315     3.089     4.979   258.330    40.169    0    .00000      .000   0   0     123864
  1316     2.923     4.664   260.259    39.978    0    .00000      .000   0   0     110190
  1317     3.130     5.057   265.024    45.882    0    .00000      .000   0   0     123922
  1319     2.717     4.270   253.468    34.009    0    .00000      .000   0   0     108214
  1322     2.096     3.087   295.094    29.765    0    .00000      .000   0   0     554121
  1323     2.302     3.481   289.130    35.187    0    .00000      .000   0   0     105373
  1324     2.509     3.874   288.520    40.898    0    .00000      .000   0   0     106365
  1326     2.715     4.268   289.887    46.755    0    .00000      .000   0   0     590012
  1327     2.715     4.268   287.494    46.592    0    .00000      .000   0   0     105668
  1332     2.302     3.481   292.101    35.354    0    .00000      .000   0   0     623427
  1333     2.509     3.874   287.755    40.849    0    .00000      .000   0   0     105544
  1336     2.616     4.077   287.321    47.737    0    .00000      .000   0   0     644495
  1344     2.481     3.821   306.606    46.992    0    .00000      .000   0   0     141322
  1347     2.550     3.952   292.145    46.444    0    .00000      .000   0   0     108645
  1360     2.657     4.155   291.682    53.404    0    .00000      .000   0   0      97858
  1385     2.922     4.661   288.343    52.429    0    .00000      .000   0   0     109217
  1400     1.704     2.342   343.549    31.583    0    .00000      .000   0   0      96479
  1402     1.792     2.509   286.919    28.167    0    .00000      .000   0   0      60297
  1403     1.989     2.884   288.020    38.998    0    .00000      .000   0   0     108203
  1404     2.619     4.083   290.028    51.919    0    .00000      .000   0   0     142961
  1405     2.283     3.443   255.210    33.005    0    .00000      .000   0   0    1634044
  1407     2.123     3.138   234.663    21.599    0    .00000      .000   0   0     540670
  1415     1.999     2.902   286.086    34.016    0    .00000      .000   0   0     628320
  1427     2.489     3.836   262.150    39.148    0    .00000      .000   0   0     994058
  1446     2.205     3.296   285.862    39.877    0    .00000      .000   0   0     111433
  1447     1.905     2.724   321.695    39.115    0    .00000      .000   0   0     111342
  1455     2.789     4.407   248.776    31.129    0    .00000      .000   0   0     110714
  1461     3.151     5.098   276.178    38.493    0    .00000      .000   0   0     100663
  1541     2.289     3.455   284.542    29.412    0    .00000      .000   0   0      79016
  1571     1.891     2.698   362.994    36.374    0    .00000      .000   0   0     108907
  1572     2.127     3.147   372.142    42.259    0    .00000      .000   0   0      95501
  1573     2.127     3.147   365.737    42.034    0    .00000      .000   0   0     541731
  1578     2.199     3.283   348.053    42.325    0    .00000      .000   0   0     106434
  1585     1.811     2.545   298.948    26.302    0    .00000      .000   0   0     540545
  1587     2.056     3.010   286.957    31.642    0    .00000      .000   0   0      78864
  1588     2.224     3.332   301.335    38.143    0    .00000      .000   0   0     543599
  1611     1.899     2.713   280.255    34.985    0    .00000      .000   0   0     124732
  1620     2.321     3.515   209.874    26.616    0    .00000      .000   0   0     690391
  1623     2.618     4.082   224.525    55.075    0    .00000      .000   0   0     355420
  1625     2.870     4.562   241.444    75.160    0    .00000      .000   0   0     307346
  1626     2.996     4.802   247.497    85.047    0    .00000      .000   0   0     375962
  1627     3.122     5.042   244.144    93.227    0    .00000      .000   0   0     307459
  1673     2.060     3.020   344.569    32.189    0    .00000      .000   0   0     106934
  1691     2.569     3.988   333.197    45.338    0    .00000      .000   0   0     591504
  1706     2.299     3.474   275.751    43.411    0    .00000      .000   0   0     121448
  1707     2.587     4.023   271.271    41.976    1    .00067     1.250   1   1     142847
  1710     2.174     3.236   264.793    30.296    1    .00058     1.250   1   1     109897
  1711     1.731     2.392   310.287    26.108    1    .00063     1.250   1   1     107108
  1712     1.938     2.786   306.979    31.856    1    .00068     1.250   1   1     109739
  1714     1.772     2.471   318.626    31.703    1    .00074     1.250   1   1      78819
  1719     1.601     2.145   313.115    25.574    1    .00066     1.250   1   1      75310
  1725     3.367     5.508   370.470    67.377    3    .00083     4.000   1   1     102716
  1744     3.000     4.810   279.281    53.981    1    .00075     1.250   1   1     111922
  1748     2.902     4.623   344.131    48.737    0    .00000      .000   0   0      91225
  1782     1.668     2.273   390.702    30.571    1    .00076     1.250   1   1     109740
  1783     1.875     2.667   373.718    36.310    1    .00080     1.250   1   1     110598
  1791     1.845     2.610   357.298    31.832    0    .00000      .000   0   0     110861
  1792     2.856     4.535   315.601    36.391    1    .00053     1.250   1   1      62533
  1797     1.886     2.687   360.430    37.424    0    .00000      .000   0   0     109068
  1818     2.317     3.509   283.063    33.780    0    .00000      .000   0   0     352932
  1864     2.474     3.808   258.609    38.678    0    .00000      .000   0   0     392563
  1886     1.740     2.410   466.798    40.061    0    .00000      .000   0   0      98953
  2112     3.789     6.313   283.885    47.530    1    .00052     4.000   1   1     620177
  2332     2.202     3.290   289.283    36.252    0    .00000      .000   0   0     547637
  2337     2.409     3.684   285.863    41.832    0    .00000      .000   0   0      97621
  2623     2.492     3.842   213.856    44.970    0    .00000      .000   0   0     678262
  2626     2.744     4.322   233.400    65.088    0    .00000      .000   0   0     335579
  2654     1.504     1.960   280.714    31.793    0    .00000      .000   0   0     115253
  2708     2.764     4.360   306.423    55.432    1    .00083     1.250   1   1     111864
  2785     3.898     6.521   299.252    47.940    0    .00000      .000   0   0     119653
  2796     1.962     2.833   358.972    43.058    0    .00000      .000   0   0     108485
  2797     2.153     3.196   340.607    37.656    0    .00000      .000   0   0     108996
  2799     2.153     3.196   341.264    37.682    0    .00000      .000   0   0     108894
  2862     1.848     2.615   372.128    50.340    1    .00113     4.000   1   1     111762
  3318     2.963     4.739   292.343    58.140    0    .00000      .000   0   0     106274
  3545     3.088     4.977   309.345    65.187    0    .00000      .000   0   0     102250
  3606     2.118     3.129   254.554    33.424    0    .00000      .000   0   0     406586
  5884     3.011     4.831   281.836    43.786    0    .00000      .000   0   0     111159
