282	c	q	eok	b	Nd	KadNm3 EhbKcal nAs    nDs      idCas
     3     1.663     2.263   233.989    17.060    0    .00000      .000   0   0      74986
     4     1.704     2.342   256.288    23.540    0    .00000      .000   0   0      75285
     5     1.870     2.657   244.764    23.711    0    .00000      .000   0   0     106978
     7     2.076     3.050   253.216    30.026    0    .00000      .000   0   0     109660
     8     1.911     2.735   324.173     2.720    0    .00000      .000   0   0      78784
     9     1.823     2.568   266.951    29.696    0    .00000      .000   0   0     463821
    11     2.283     3.444   259.983    36.215    0    .00000      .000   0   0     110543
    12     2.118     3.129   268.583    36.183    0    .00000      .000   0   0     107835
    13     2.118     3.129   268.583    36.183    0    .00000      .000   0   0      96140
    14     2.030     2.961   271.863    35.998    0    .00000      .000   0   0      75832
    15     1.952     2.813   279.285    36.145    0    .00000      .000   0   0      79298
    17     2.490     3.837   265.559    42.346    0    .00000      .000   0   0     142825
    18     2.324     3.522   273.112    42.346    0    .00000      .000   0   0     591764
    19     2.324     3.522   273.112    42.346    0    .00000      .000   0   0     589344
    20     2.324     3.522   273.112    42.346    0    .00000      .000   0   0     617787
    21     2.236     3.355   275.949    42.201    0    .00000      .000   0   0     590352
    22     2.159     3.207   282.289    42.346    0    .00000      .000   0   0     565593
    23     2.159     3.207   282.289    42.346    0    .00000      .000   0   0     108087
    24     2.236     3.355   275.949    42.201    0    .00000      .000   0   0     562492
    25     2.071     3.040   286.059    42.196    0    .00000      .000   0   0     464062
    27     2.696     4.231   270.272    48.447    0    .00000      .000   0   0     111659
    28     2.531     3.916   276.966    48.469    0    .00000      .000   0   0     592278
    29     2.531     3.916   276.966    48.469    0    .00000      .000   0   0     589811
    30     2.531     3.916   276.966    48.469    0    .00000      .000   0   0     589537
    31     2.531     3.916   276.966    48.469    0    .00000      .000   0   0     619998
    32     2.443     3.748   279.446    48.352    0    .00000      .000   0   0     590738
    33     2.365     3.600   284.944    48.494    0    .00000      .000   0   0     584941
    34     2.365     3.600   284.944    48.494    0    .00000      .000   0   0     589435
    35     2.365     3.600   284.944    48.494    0    .00000      .000   0   0     592132
    36     2.443     3.748   279.446    48.352    0    .00000      .000   0   0     563166
    37     2.365     3.600   284.944    48.494    0    .00000      .000   0   0     583482
    38     2.365     3.600   284.944    48.494    0    .00000      .000   0   0     609267
    39     2.443     3.748   279.446    48.352    0    .00000      .000   0   0    1067089
    40     2.277     3.433   288.149    48.375    0    .00000      .000   0   0     564023
    41     2.277     3.433   288.149    48.375    0    .00000      .000   0   0     540841
    42     2.277     3.433   288.149    48.375    0    .00000      .000   0   0     560214
    43     2.200     3.285   294.568    48.518    0    .00000      .000   0   0     565753
    44     2.190     3.266   291.762    48.250    0    .00000      .000   0   0     594821
    46     2.903     4.624   274.340    54.533    0    .00000      .000   0   0     111842
    47     2.484     3.827   290.078    54.514    0    .00000      .000   0   0    3522949
    48     2.691     4.220   291.938    60.634    0    .00000      .000   0   0    7154805
    51     2.396     3.659   293.184    54.415    0    .00000      .000   0   0    7154792
    52     2.318     3.511   299.155    54.558    0    .00000      .000   0   0    1186534
    53     2.396     3.659   293.184    54.415    0    .00000      .000   0   0    1070877
    54     2.318     3.511   299.155    54.558    0    .00000      .000   0   0   16747389
    56     3.109     5.018   277.914    60.610    0    .00000      .000   0   0     124185
    57     2.603     4.053   294.604    60.551    0    .00000      .000   0   0   13475815
    58     2.603     4.053   294.604    60.551    0    .00000      .000   0   0    1071814
    63     3.316     5.412   281.099    66.685    0    .00000      .000   0   0    1120214
    64     3.523     5.805   284.230    72.783    0    .00000      .000   0   0     112403
    65     3.729     6.199   286.857    78.860    0    .00000      .000   0   0     629505
    66     3.936     6.592   289.271    84.938    0    .00000      .000   0   0     629594
    67     4.142     6.986   291.505    91.020    0    .00000      .000   0   0     629629
    68     4.349     7.379   293.586    97.105    0    .00000      .000   0   0     544763
    69     4.556     7.773   295.533   103.193    0    .00000      .000   0   0     629787
    70     4.762     8.166   297.365   109.285    0    .00000      .000   0   0     593453
    71     4.969     8.560   299.095   115.380    0    .00000      .000   0   0     629925
    73     5.175     8.953   300.734   121.480    0    .00000      .000   0   0     112958
    74     5.382     9.347   302.293   127.583    0    .00000      .000   0   0     629947
    75     5.589     9.740   303.779   133.690    0    .00000      .000   0   0     629970
    76     5.795    10.134   305.199   139.801    0    .00000      .000   0   0     638675
    77     6.002    10.527   306.560   145.916    0    .00000      .000   0   0     646311
    90     3.423     5.616   314.053    97.370    0    .00000      .000   0   0    4390049
    91     2.737     4.309   280.320    54.570    0    .00000      .000   0   0    3221612
    96     2.650     4.142   282.508    54.474    0    .00000      .000   0   0    1071267
   102     1.720     2.371   283.715    22.065    0    .00000      .000   0   0     287230
   104     1.900     2.714   293.063    28.197    0    .00000      .000   0   0     287923
   105     1.935     2.782   305.874    33.994    0    .00000      .000   0   0      96377
   107     2.142     3.175   305.042    39.925    0    .00000      .000   0   0    1640897
   111     1.971     2.850   317.412    39.869    0    .00000      .000   0   0    2532583
   112     1.971     2.850   317.412    39.869    0    .00000      .000   0   0    1759586
   137     2.080     3.057   300.153    34.304    0    .00000      .000   0   0     110827
   138     2.115     3.125   310.914    40.152    0    .00000      .000   0   0     108872
   147     2.151     3.192   320.705    46.061    0    .00000      .000   0   0    2207047
   153     2.414     3.694   340.129    54.718    0    .00000      .000   0   0     493016
   154     2.414     3.694   340.129    54.718    0    .00000      .000   0   0     493027
   159     2.260     3.400   305.729    40.404    0    .00000      .000   0   0     291645
   160     2.440     3.743   310.249    46.505    0    .00000      .000   0   0     292648
   204     1.570     2.085   287.236    23.381    0    .00000      .000   0   0     106989
   205     1.497     1.946   300.216    23.543    0    .00000      .000   0   0     590181
   206     1.497     1.946   300.216    23.543    0    .00000      .000   0   0     624646
   207     1.569     2.084   288.024    23.422    0    .00000      .000   0   0     115117
   209     1.776     2.479   288.620    29.514    0    .00000      .000   0   0     109671
   210     1.703     2.339   298.952    29.675    0    .00000      .000   0   0     627203
   211     1.703     2.339   298.952    29.675    0    .00000      .000   0   0     646048
   212     1.776     2.477   289.263    29.548    0    .00000      .000   0   0     563462
   213     1.611     2.164   306.069    29.432    0    .00000      .000   0   0     563451
   214     1.847     2.614   281.115    29.450    0    .00000      .000   0   0     513359
   216     1.983     2.872   290.102    35.584    0    .00000      .000   0   0     592416
   223     1.817     2.557   304.162    35.557    0    .00000      .000   0   0     691372
   234     2.190     3.266   291.604    41.627    0    .00000      .000   0   0     592767
   250     2.396     3.660   293.095    47.659    0    .00000      .000   0   0     111660
   259     2.603     4.053   294.563    53.687    0    .00000      .000   0   0     124118
   260     2.809     4.447   296.000    59.717    0    .00000      .000   0   0     872059
   262     3.223     5.234   299.044    71.809    0    .00000      .000   0   0     112414
   403     1.603     2.148   289.400    26.030    0    .00000      .000   0   0     107006
   405     1.809     2.541   290.433    32.211    0    .00000      .000   0   0     627190
   501     1.656     2.249   340.106    29.872    0    .00000      .000   0   0      71432
   502     1.963     2.834   327.678    35.978    0    .00000      .000   0   0     108883
   503     2.549     3.950   322.302    49.565    0    .00000      .000   0   0     767588
   504     2.133     3.158   331.680    42.097    0    .00000      .000   0   0     100414
   505     2.270     3.419   320.525    42.032    0    .00000      .000   0   0      95476
   506     2.270     3.419   320.525    42.032    0    .00000      .000   0   0     108383
   507     2.270     3.419   320.525    42.032    0    .00000      .000   0   0     106423
   508     2.641     4.126   335.096    50.462    0    .00000      .000   0   0     874351
   509     2.340     3.552   327.968    47.986    0    .00000      .000   0   0     103651
   510     2.348     3.568   309.736    46.983    0    .00000      .000   0   0      98828
   513     2.440     3.743   324.905    48.144    0    .00000      .000   0   0     622968
   514     2.577     4.004   316.246    48.065    0    .00000      .000   0   0     526738
   515     2.577     4.004   316.246    48.065    0    .00000      .000   0   0      95636
   516     2.577     4.004   316.246    48.065    0    .00000      .000   0   0     108678
   518     2.546     3.945   325.331    53.897    0    .00000      .000   0   0     104518
   519     2.381     3.630   335.924    53.959    0    .00000      .000   0   0     538932
   520     2.555     3.961   309.216    52.935    0    .00000      .000   0   0     135988
   524     2.655     4.153   307.391    53.117    0    .00000      .000   0   0      99876
   527     2.611     4.068   328.522    54.262    0    .00000      .000   0   0     105055
   532     2.884     4.589   313.674    54.091    0    .00000      .000   0   0      95932
   558     3.927     6.575   301.911    57.171    0    .00000      .000   0   0      92524
   559     6.198    10.902   305.346    83.975    0    .00000      .000   0   0      92944
   560     6.198    10.902   305.346    83.975    0    .00000      .000   0   0      92068
   561     6.198    10.902   305.346    83.975    0    .00000      .000   0   0      84151
   563     3.368     5.511   328.078    63.549    0    .00000      .000   0   0     101815
   601     2.598     4.045   305.287    40.534    0    .00000      .000   0   0     100425
   701     3.708     6.159   290.289    46.780    0    .00000      .000   0   0      91203
   702     4.016     6.744   292.338    52.710    0    .00000      .000   0   0      90120
   703     4.016     6.744   292.338    52.710    0    .00000      .000   0   0      91576
   706     2.514     3.883   342.535    50.490    0    .00000      .000   0   0     119642
   715     4.323     7.329   294.303    58.663    0    .00000      .000   0   0     582161
   804     5.761    10.069   290.007    63.134    0    .00000      .000   0   0     120127
   805     5.761    10.069   290.007    63.134    0    .00000      .000   0   0      85018
   814     2.263     3.405   352.124    61.542    0    .00000      .000   0   0     702794
   820     2.334     3.541   342.417    44.494    0    .00000      .000   0   0     496117
  1003     1.678     2.292   313.107    23.032    1    .00057     1.250   1   1     123386
  1005     1.885     2.685   310.584    28.784    1    .00063     1.250   1   1     123728
  1052     2.244     3.369   275.566    27.921    0    .00000      .000   0   0      78933
  1053     2.451     3.763   279.133    33.706    0    .00000      .000   0   0      96220
  1054     2.492     3.841   289.942    39.577    0    .00000      .000   0   0     108101
  1059     2.657     4.156   282.454    39.551    0    .00000      .000   0   0     589388
  1060     2.451     3.763   279.133    33.706    0    .00000      .000   0   0     107879
  1062     2.657     4.156   282.454    39.551    0    .00000      .000   0   0     591786
  1065     2.283     3.445   314.154    38.676    0    .00000      .000   0   0     141797
  1079     2.327     3.528   300.235    30.511    0    .00000      .000   0   0     120923
  1080     2.507     3.871   305.337    36.414    0    .00000      .000   0   0     108941
  1102     1.813     2.548   276.115    21.891    1    .00050     4.000   1   1      64175
  1103     2.019     2.941   285.397    27.860    1    .00057     4.000   1   1      71238
  1104     1.854     2.626   294.625    28.063    1    .00063     4.000   1   1      67630
  1105     2.226     3.335   291.783    33.828    1    .00063     4.000   1   1      71363
  1106     2.060     3.020   300.316    34.050    1    .00069     4.000   1   1      78831
  1107     2.060     3.020   300.316    34.050    1    .00069     4.000   1   1      78922
  1108     1.972     2.852   303.338    34.105    1    .00072     4.000   1   1      75650
  1109     2.432     3.728   296.278    39.790    1    .00068     4.000   1   1      71410
  1110     2.267     3.413   304.098    40.025    1    .00073     4.000   1   1    6032297
  1111     2.179     3.246   306.975    40.091    1    .00076     4.000   1   1      75854
  1112     2.267     3.413   304.098    40.025    1    .00073     4.000   1   1     137326
  1114     2.639     4.122   299.544    45.748    1    .00072     4.000   1   1     111273
  1115     2.473     3.807   306.915    46.001    1    .00077     4.000   1   1     626937
  1116     2.473     3.807   306.915    46.001    1    .00077     4.000   1   1     623370
  1117     2.473     3.807   306.915    46.001    1    .00077     4.000   1   1     105306
  1120     2.267     3.413   304.098    40.025    1    .00073     4.000   1   1     584021
  1121     2.887     4.594   309.878    57.909    1    .00083     4.000   1   1     104767
  1123     2.267     3.413   304.098    40.025    1    .00073     4.000   1   1     123513
  1124     2.101     3.098   313.428    40.289    1    .00080     4.000   1   1     598754
  1125     2.846     4.515   302.010    51.704    1    .00075     4.000   1   1     111706
  1126     2.680     4.200   308.510    51.951    1    .00080     4.000   1   1     543497
  1130     2.308     3.491   315.296    46.271    1    .00083     4.000   1   1     108112
  1132     3.052     4.909   303.955    57.661    1    .00078     4.000   1   1     111875
  1133     2.887     4.594   309.878    57.909    1    .00083     4.000   1   1     123966
  1134     3.259     5.302   305.557    63.620    1    .00081     4.000   1   1     143088
  1135     3.093     4.987   310.963    63.867    1    .00086     4.000   1   1     628999
  1136     3.465     5.696   306.932    69.583    1    .00083     4.000   1   1     112301
  1137     3.672     6.090   308.152    75.553    1    .00085     4.000   1   1     112425
  1140     3.879     6.483   309.541    81.547    1    .00087     4.000   1   1     112538
  1141     4.085     6.877   310.590    87.532    1    .00089     4.000   1   1     112709
  1142     4.292     7.270   311.585    93.523    1    .00090     4.000   1   1     112721
  1143     4.498     7.664   312.538    99.522    1    .00092     4.000   1   1     629765
  1144     4.705     8.057   313.458   105.528    1    .00093     4.000   1   1   36653824
  1145     4.912     8.451   314.352   111.541    1    .00094     4.000   1   1    1454859
  1146     5.118     8.844   315.223   117.561    1    .00095     4.000   1   1     112925
  1148     5.531     9.631   316.909   129.621    1    .00097     4.000   1   1     629969
  1149     5.325     9.238   316.075   123.588    1    .00096     4.000   1   1    1454848
  1151     2.265     3.409   341.068    42.637    1    .00078     4.000   1   1     108930
  1167     1.719     2.370   322.203    26.963    1    .00065     4.000   1   1     107186
  1170     3.926     6.574   275.942    47.134    1    .00050     4.000   1   1     526750
  1172     3.926     6.574   275.942    47.134    1    .00050     4.000   1   1     105679
  1174     3.926     6.574   275.942    47.134    1    .00050     4.000   1   1      95874
  1176     3.926     6.574   275.942    47.134    1    .00050     4.000   1   1     576261
  1177     3.926     6.574   275.942    47.134    1    .00050     4.000   1   1      95658
  1178     3.926     6.574   275.942    47.134    1    .00050     4.000   1   1     108689
  1180     2.282     3.443   359.004    44.078    1    .00080     4.000   1   1     100516
  1181     3.312     5.403   264.585    35.212    1    .00044     4.000   1   1     108952
  1182     3.619     5.988   270.901    41.172    1    .00047     4.000   1   1      95487
  1183     3.619     5.988   270.901    41.172    1    .00047     4.000   1   1     108394
  1184     3.619     5.988   270.901    41.172    1    .00047     4.000   1   1     106445
  1185     3.789     6.313   278.810    47.261    1    .00052     4.000   1   1      90006
  1187     3.789     6.313   278.810    47.261    1    .00052     4.000   1   1     123079
  1212     2.375     3.619   338.348    34.828    2    .00061     4.000   1   1     504632
  1302     1.991     2.887   276.163    28.820    1    .00060     1.250   1   1     109944
  1303     2.197     3.280   279.914    34.752    1    .00066     1.250   1   1     110747
  1305     2.238     3.358   292.143    40.753    1    .00076     1.250   1   1     542552
  1306     2.610     4.067   285.834    46.640    1    .00074     1.250   1   1     638493
  1313     2.676     4.192   234.201    27.640    0    .00000      .000   0   0     141786
  1314     2.882     4.585   242.498    33.543    0    .00000      .000   0   0     109604
  1315     3.089     4.979   249.506    39.470    0    .00000      .000   0   0     123864
  1316     2.923     4.664   253.681    39.460    0    .00000      .000   0   0     110190
  1317     3.130     5.057   259.418    45.424    0    .00000      .000   0   0     123922
  1319     2.717     4.270   246.966    33.513    0    .00000      .000   0   0     108214
  1322     2.096     3.087   300.421    30.020    0    .00000      .000   0   0     554121
  1323     2.302     3.481   300.593    35.808    0    .00000      .000   0   0     105373
  1324     2.509     3.874   301.048    41.641    0    .00000      .000   0   0     106365
  1326     2.715     4.268   301.688    47.509    0    .00000      .000   0   0     590012
  1327     2.715     4.268   301.688    47.509    0    .00000      .000   0   0     105668
  1332     2.302     3.481   300.593    35.808    0    .00000      .000   0   0     623427
  1333     2.509     3.874   301.048    41.641    0    .00000      .000   0   0     105544
  1336     2.616     4.077   287.506    47.751    0    .00000      .000   0   0     644495
  1344     2.481     3.821   303.161    46.781    0    .00000      .000   0   0     141322
  1347     2.550     3.952   309.903    47.561    0    .00000      .000   0   0     108645
  1360     2.657     4.155   296.784    53.786    0    .00000      .000   0   0      97858
  1385     2.922     4.661   302.447    53.405    0    .00000      .000   0   0     109217
  1400     1.704     2.342   342.800    31.554    0    .00000      .000   0   0      96479
  1402     1.792     2.509   296.018    28.693    0    .00000      .000   0   0      60297
  1403     1.989     2.884   309.920    40.445    0    .00000      .000   0   0     108203
  1404     2.619     4.083   298.768    52.560    0    .00000      .000   0   0     142961
  1405     2.283     3.443   262.117    33.543    0    .00000      .000   0   0    1634044
  1407     2.123     3.138   236.926    21.774    0    .00000      .000   0   0     540670
  1415     1.999     2.902   296.591    34.664    0    .00000      .000   0   0     628320
  1427     2.489     3.836   267.444    39.568    0    .00000      .000   0   0     994058
  1446     2.205     3.296   297.005    40.612    0    .00000      .000   0   0     111433
  1447     1.905     2.724   333.018    39.695    0    .00000      .000   0   0     111342
  1455     2.789     4.407   249.091    31.151    0    .00000      .000   0   0     110714
  1461     3.151     5.098   278.760    38.644    0    .00000      .000   0   0     100663
  1541     2.289     3.455   284.970    29.434    0    .00000      .000   0   0      79016
  1571     1.891     2.698   353.199    36.021    0    .00000      .000   0   0     108907
  1572     2.127     3.147   361.785    41.890    0    .00000      .000   0   0      95501
  1573     2.127     3.147   361.785    41.890    0    .00000      .000   0   0     541731
  1578     2.199     3.283   340.767    42.020    0    .00000      .000   0   0     106434
  1585     1.811     2.545   283.418    25.491    0    .00000      .000   0   0     540545
  1587     2.056     3.010   277.153    31.045    0    .00000      .000   0   0      78864
  1588     2.224     3.332   287.955    37.349    0    .00000      .000   0   0     543599
  1611     1.899     2.713   338.010    38.364    0    .00000      .000   0   0     124732
  1620     2.321     3.515   187.945    22.860    0    .00000      .000   0   0     690391
  1623     2.618     4.082   226.564    55.450    0    .00000      .000   0   0     355420
  1625     2.870     4.562   244.320    75.679    0    .00000      .000   0   0     307346
  1626     2.996     4.802   251.562    85.788    0    .00000      .000   0   0     375962
  1627     3.122     5.042   257.965    95.903    0    .00000      .000   0   0     307459
  1673     2.060     3.020   329.775    31.664    0    .00000      .000   0   0     106934
  1691     2.569     3.988   342.943    45.761    0    .00000      .000   0   0     591504
  1706     2.299     3.474   287.853    44.345    0    .00000      .000   0   0     121448
  1707     2.587     4.023   292.173    43.405    1    .00070     1.250   1   1     142847
  1710     2.174     3.236   288.258    31.705    1    .00061     1.250   1   1     109897
  1711     1.731     2.392   313.046    26.227    1    .00063     1.250   1   1     107108
  1712     1.938     2.786   310.752    32.037    1    .00069     1.250   1   1     109739
  1714     1.772     2.471   326.995    32.084    1    .00075     1.250   1   1      78819
  1719     1.601     2.145   326.999    26.171    1    .00068     1.250   1   1      75310
  1725     3.367     5.508   366.305    67.288    3    .00083     4.000   1   1     102716
  1744     3.000     4.810   295.573    55.215    1    .00076     1.250   1   1     111922
  1748     2.902     4.623   338.096    48.480    0    .00000      .000   0   0      91225
  1782     1.668     2.273   408.456    31.002    1    .00077     1.250   1   1     109740
  1783     1.875     2.667   390.296    36.803    1    .00081     1.250   1   1     110598
  1791     1.845     2.610   329.132    30.807    0    .00000      .000   0   0     110861
  1792     2.856     4.535   312.549    36.269    1    .00053     1.250   1   1      62533
  1797     1.886     2.687   370.296    37.773    0    .00000      .000   0   0     109068
  1818     2.317     3.509   281.367    33.680    0    .00000      .000   0   0     352932
  1864     2.474     3.808   260.983    38.876    0    .00000      .000   0   0     392563
  1886     1.740     2.410   464.860    40.023    0    .00000      .000   0   0      98953
  2082     7.655    13.676   315.802   194.953    0    .00000      .000   0   0     544854
  2086     8.481    15.250   319.621   219.545    0    .00000      .000   0   0     630068
  2112     3.789     6.313   278.810    47.261    1    .00052     4.000   1   1     620177
  2332     2.202     3.290   282.368    35.818    0    .00000      .000   0   0     547637
  2337     2.409     3.684   285.077    41.779    0    .00000      .000   0   0      97621
  2623     2.492     3.842   215.338    45.253    0    .00000      .000   0   0     678262
  2626     2.744     4.322   236.063    65.570    0    .00000      .000   0   0     335579
  2654     1.504     1.960   265.392    30.069    0    .00000      .000   0   0     115253
  2708     2.764     4.360   308.332    55.558    1    .00083     1.250   1   1     111864
  2785     3.898     6.521   290.693    47.464    0    .00000      .000   0   0     119653
  2796     1.962     2.833   377.593    43.777    0    .00000      .000   0   0     108485
  2797     2.153     3.196   320.850    36.819    0    .00000      .000   0   0     108996
  2799     2.153     3.196   320.850    36.819    0    .00000      .000   0   0     108894
  2862     1.848     2.615   390.831    50.854    1    .00114     4.000   1   1     111762
  3318     2.963     4.739   309.655    59.393    0    .00000      .000   0   0     106274
  3545     3.088     4.977   327.582    66.424    0    .00000      .000   0   0     102250
  3606     2.118     3.129   220.155    29.564    0    .00000      .000   0   0     406586
  5884     3.011     4.831   275.546    43.368    0    .00000      .000   0   0     111159
