 500	id  mShape   L/sig    Phi   Zi  etaMax  Tcalc   TC   Pcalc    PC   Zcalc   ZC
    3  1.351  3.638  9.032   268.723  .90 370.2 369.8  4.29  4.25  .262  .276
    7  1.529  3.760  8.877   228.374  .90 466.9 469.7  3.41  3.37  .265  .271
   46  1.881  4.472 10.760   216.728  .90 593.7 594.6  2.36  2.29  .249  .254
   56  1.976  4.416 10.580   258.153  .90 617.5 617.9  2.12  2.10  .274  .257
   63  2.049  5.661 13.086   217.100  .90 638.7 638.8  1.97  1.96  .257  .242
   65  2.175  5.859 15.455   232.458  .90 673.8 675.8  1.72  1.68  .245  .230
   66  2.226  4.410 14.050   210.160  .90 690.4 693.0  1.63  1.57  .229  .244
   69  2.360  4.041 12.610   257.383  .90 735.1 735.3  1.36  1.34  .214  .223
   70  2.430  4.372 15.255   221.115  .90 749.3 747.7  1.28  1.29  .213  .237
   71  2.453  4.357 14.919   235.216  .90 759.3 760.0  1.21  1.23  .201  .214
   74  2.516  4.391 15.811   224.124  .90 775.4 778.0  1.02  1.03  .197  .181
   76  2.630  3.550 10.774   391.644  .90 791.2 790.0   .91   .92  .146  .176
   79  2.770  4.378 16.756   248.031  .90 816.1 816.0   .74   .77  .138  .169
    5  1.444  3.943  9.567   222.250  .90 424.7 425.2  3.84  3.80  .257  .274
   11  1.636  4.201 10.602   202.624  .90 506.9 507.6  3.17  3.02  .238  .264
   27  1.817  4.187  9.691   233.774  .90 568.2 568.8  2.52  2.49  .294  .259
   64  2.109  4.657 11.962   231.210  .90 658.9 658.2  1.83  1.81  .237  .251
   68  2.312  4.325 13.601   228.894  .90 722.2 723.6  1.40  1.40  .217  .241
   67  2.734  4.089 12.319   262.062  .90 707.0 708.0  1.57  1.48  .250  .223 
   73  3.442  4.114 13.929   253.661  .90 767.8 768.0  1.16  1.07  .227  .216
   78  2.718  4.318 16.527   204.059  .90 809.4 808.0   .79   .80  .173  .171
   17  1.731  4.052  9.786   236.994  .90 539.0 540.3  2.82  2.74  .268  .262
   75  2.601  4.172 13.839   263.811  .90 786.4 785.6   .95   .99  .205  .179
   77  2.670  4.373 13.758   313.342  .90 804.1 800.0   .80   .87  .174  .173
   80  2.796  4.380 16.0     250.0    .90 825.8 825.0   .69   .75  .144  .167
 2081  4.864  4.685 17.9     223.5    .90 845.5 843.0  0.62   .7   .165  .16
   23  1.639  3.787  8.757   254.978  .90 516.4 519.7  2.96  2.74  .271  .265
   34  1.719  4.057  9.918   244.200  .90 550.0 553.5  2.52  2.56  .233  .263
   35  1.743  4.200  9.909   242.342  .90 549.1 550.0  2.57  2.49  .260  .263
 2097  1.886  4.518 10.319   253.142  .90 601.0 603.0  2.38  2.17  .240  .249
   18  1.656  4.022  9.538   244.721  .90 528.2 530.3  2.91  2.73  .278  .261
    8  1.487  3.792  8.918   230.791  .90 459.3 460.4  3.51  3.38  .277  .270
   28  1.789  3.812  9.296   219.034  .90 558.4 559.6  2.60  2.48  .221  .261
   86  1.918  4.923 11.488   240.672  .90 606.9 609.3  2.13  2.05  .246  .243
   91  1.878  4.616 10.218   247.490  .90 585.3 586.8  2.37  2.29  .253  .254
   29  1.770  4.042  9.599   256.918  .90 560.3 563.0  2.71  2.55  .274  .252
   19  1.662  3.897  9.000   261.155  .90 532.2 535.2  3.01  2.81  .250  .256
   85  1.901  4.192 10.062   200.764  .90 610.2 613.7  2.10  2.14  .217  .248
   92  1.856  4.514 10.462   247.666  .90 588.4 590.1  2.45  2.34  .256  .252
   13  1.584  3.848  9.282   243.864  .90 501.6 504.4  3.39  3.12  .271  .273
   93  1.836  3.987  9.618   242.578  .90 583.8 587.6  2.55  2.34  .240  .251
   88  1.913  3.941  9.853   247.592  .90 604.8 609.6  2.32  2.14  .255  .249
   15  1.525  3.888  8.961   248.801  .90 497.3 499.9  3.16  3.13  .261  .269
   22  1.598  3.899  8.970   256.664  .90 535.2 537.3  3.09  2.91  .266  .256
   33  1.705  4.080 10.063   215.925  .90 563.2 563.4  2.88  2.63  .225  .263
 2095  1.888  4.066  9.947   238.096  .90 611.4 613.0  2.39  2.21  .264  .249
    9  1.484  3.599  8.433   238.691  .90 432.0 433.8  3.33  3.20  .269  .269
   14  1.575  3.998 10.291   214.780  .90 485.8 488.7  3.21  3.08  .267  .272
   47  1.793  4.149  9.948   234.929  .90 563.1 568.0  2.52  2.33  .249  .256
  176  1.843  4.546 10.274   247.821  .90 574.8 576.6  2.38  2.21  .303  .247
   12  1.594  3.776  9.486   231.373  .90 491.9 497.5  3.46  3.01  .257  .267
   94  1.809  4.021 10.011   237.303  .90 588.5 594.3  2.71  2.43  .263  .256
   20  1.665  3.801  8.924   269.800  .90 536.3 540.6  3.08  2.89  .208  .268
   30  1.754  4.226 10.408   244.327  .90 561.9 561.7  2.88  2.54  .272  .259
   87  1.946  3.790  9.707   254.6    .90 609.9 613.7  2.33  2.14  .263  .248
   25  1.545  3.791  9.018   259.109  .90 526.6 531.2  3.32  2.95  .266  .266
   41  1.647  3.792  9.033   251.946  .90 539.9 544.0  2.84  2.57  .271  .266
   44  1.600  4.093 11.989   196.271  .80 570.0 568.0  3.05  2.87  .282  .280
  804  1.647  4.666  8.661   463.607  .65 872.1 873.0  3.33  3.30  .258  .252
  805  1.664  5.789  7.047   542.57   .60 857.6 873.   3.39  2.90  .200  .22
  204  1.437  4.087 10.509   188.223  .90 418.5 419.6  4.09  4.02  .269  .276
  209  1.528  3.947  9.809   214.557  .90 463.0 464.8  3.73  3.53  .260  .270
  216  1.631  4.025  9.616   218.803  .90 502.3 504.0  3.22  3.14  .262  .265
  234  1.716  3.885  8.579   275.092  .90 532.7 533.3  2.88  2.84  .257  .264
  250  1.802  3.944  9.126   248.623  .90 565.0 566.6  2.70  2.62  .270  .284
  205  1.482  3.741  9.251   209.391  .90 433.1 435.6  4.47  4.21  .282  .272
  217  1.653  4.040 10.294   215.141  .90 513.8 517.0  3.58  3.28  .247  .268
  276  1.812  4.094  9.455   264.634  .90 568.0 572.0  2.67  2.59  .267  .251
  206  1.465  3.778  9.769   181.436  .90 426.5 428.6  4.29  4.10  .262  .274
  218  1.653  3.940 10.009   216.596  .90 512.7 517.0  3.51  3.28  .257  .268
  303  1.419  4.004 11.457   181.956  .90 423.4 425.4  4.56  4.33  .275  .270
  501  1.059  4.099  8.294   375.220  .90 561.2 562.2  5.10  4.90  .255  .271
  502  1.486  4.016  8.803   299.380  .90 589.9 591.8  4.32  4.11  .280  .264
  507  1.608  3.972  8.968   299.084  .90 615.6 616.3  3.41  3.51  .255  .260
  506  1.652  3.946  8.788   328.044  .90 614.0 617.0  3.82  3.54  .278  .259
  516  1.737  3.984  8.627   307.959  .90 635.9 637.4  3.25  3.16  .262  .258
  509  1.635  3.931  9.317   297.121  .90 637.8 638.3  3.38  3.20  .284  .265
  518  1.803  3.891  9.494   291.800  .90 658.3 660.4  3.13  2.89  .263  .261
  137  1.248  3.332  6.750   352.528  .90 553.0 553.5  4.15  4.07  .273  .273
  138  1.403  3.469  7.421   331.314  .90 569.2 572.2  3.71  3.47  .275  .269
  140  1.540  3.638  8.152   309.388  .90 603.9 609.1  3.31  3.04  .258  .270
  152  1.700  3.641  9.503   310.418  .90 665.0 667.0  3.28  3.15  .305  .303
  150  1.590  3.642  7.071   342.762  .90 612.9 616.0  2.70  2.55  .254  .250
   51  1.607  3.693  9.379   257.403  .70 604.3 610.9  3.17  2.74  .255  .258
   53  1.709  4.117  9.457   261.368  .90 565.7 571.4  2.68  2.36  .271  .251
   58  1.871  3.63   8.761   179.000  .90 580.5 581.4  2.55  2.19  .241  .232
  235  1.740  3.861  9.963   225.240  .90 545.0 549.0  3.22  2.84  .252  .264
  236  1.750  3.939 10.209   220.877  .90 543.7 550.0  3.15  2.85  .249  .253
  251  1.811  3.908 10.443   237.337  .90 574.2 580.0  3.08  2.77  .264  .266
  305  1.522  3.891  9.969   221.839  .90 492.4 499.0  4.55  4.01  .276  .267
  306  1.527  3.830 10.478   179.259  .90 489.5 496.0  4.65  3.99  .259  .267
  504  1.599  3.947  9.170   306.480  .90 614.9 617.2  4.35  3.61  .288  .263
  701  1.507  3.722  8.501   389.982  .65 741.7 748.4  4.46  4.05  .267  .266
  149  1.664  3.738  8.636   320.552  .90 631.4 639.1  3.19  2.81  .236  .252
  145  1.495  3.650  7.884   309.538  .90 591.6 598.1  3.26  2.94  .263  .272
  147  1.498  3.402  7.755   280.448  .90 585.3 590.1  3.27  2.94  .224  .270
 1402  1.623  3.060  6.891   293.641  .90 462.1 466.7  3.95  3.64  .267  .263
 1407  1.483  3.144  7.434   223.619  .90 434.5 437.8  4.85  4.40  .253  .267
 1415  1.698  3.788  9.611   215.904  .90 498.0 500.6  3.44  3.25  .261  .265
 1448  1.767  3.595  9.012   218.815  .90 528.4 531.0  3.14  2.99  .254  .259
 1408  1.572  3.313  8.055   196.019  .90 469.2 472.0  4.14  3.80  .283  .265
 1413  1.685  3.074  6.526   327.896  .90 500.8 502.0  3.45  3.37  .274  .266
 1446  1.792  2.997  6.981   314.309  .90 526.4 530.6  3.35  3.03  .253  .262
 1455  1.733  3.044  7.121   283.003  .90 527.3 536.1  4.49  3.87  .222  .235
 1489  1.738  3.129  7.555   208.760  .90 524.7 530.0  3.91  3.50  .254  .27
 1003  1.432  2.961  6.072   274.597  .90 490.0 493.1  5.07  4.65  .232  .253
 1005  1.532  3.372  6.533   352.873  .90 520.9 521.1  4.01  4.00  .246  .243
 1007  1.634  3.749  7.583   275.265  .90 552.6 554.0  3.65  3.50  .229  .240
 1009  1.724  4.112  8.234   286.373  .90 579.0 579.0  3.09  3.11  .244  .238
 1008  1.811  4.357  8.376   334.728  .90 601.8 603.0  2.81  2.80  .247  .235
 1010  1.880  4.108  7.968   388.692  .90 620.8 621.0  2.56  2.55  .239  .234
 1011  1.960  4.405  7.538   432.115  .90 639.2 640.0  2.36  2.33  .239  .231
 1020  2.011  4.484  9.196   403.672  .90 656.9 657.0  2.15  2.15  .230  .228
 1021  2.097  4.460  7.124   480.771  .90 671.3 672.0  2.01  2.00  .231  .226
 1025  2.146  4.663  7.248   456.388  .90 683.0 685.0  1.86  1.86  .236  .224
 1026  2.203  4.657  7.721   436.835  .90 697.6 700.0  1.78  1.74  .223  .221
  402  1.284  3.666  8.041   227.606  .90 400.9 402.0  5.88  5.63  .271  .280
  403  1.436  3.685 10.588   152.669  .90 455.8 464.0  5.94  4.71  .258  .270
  412  1.550  3.035  6.651   303.234  .90 500.6 505.0  4.27  4.16  .307  .273
  405  1.529  3.375  8.860   218.978  .90 486.8 493.5  4.81  4.04  .255  .272
  413  1.627  4.011 11.481   138.997  .90 523.1 529.0  4.24  3.53  .250  .266
  404  1.425  3.688 10.316   183.498  .90 480.3 488.0  5.98  5.08  .277  .277
  407  1.629  3.859 10.324   233.293  .90 540.9 549.0  4.17  3.53  .227  .256
  406  1.646  3.106  7.366   284.853  .90 531.8 544.0  4.13  3.53  .247  .258
 1726  1.463  3.418  9.481   285.794  .90 513.1 514.3  5.19  4.96  .326  .363
 1729  1.351  3.903  9.421   238.075  .90 615.2 614.6  4.51  4.16  .292  .293
 1719  1.348  3.243  9.081   166.793  .90 462.5 471.9  5.19  4.54  .249  .256
 1727  1.490  4.032 12.146   174.987  .90 477.8 483.9  4.46  3.84  .281  .280
 1711  1.437  3.189  8.155   248.097  .90 491.6 496.9  5.19  4.74  .266  .298
 1705  1.551  2.957  8.590  3017.837  .90 552.9 561.4  4.29  3.69  .294  .317
 1710  1.567  3.347  5.227   381.471  .90 496.7 496.6  4.32  3.71  .307  .271
 1707  1.747  3.033  6.709   365.476  .90 553.0 555.8  3.32  3.14  .280  .284
 1744  1.895  3.463  8.289   304.635  .90 606.7 607.5  2.61  2.57  .272  .267
 1713  1.636  3.060  6.837   319.229  .90 552.3 555.0  3.77  3.58  .257  .283
 1712  1.533  3.395  7.954   297.596  .90 522.7 524.1  4.36  4.20  .275  .302
 2708  1.898  3.120  6.518   425.733  .90 626.4 627.0  2.60  2.58  .265  .259
 2706  1.732  4.045  9.383   245.676  .90 583.0 583.0  3.07  3.18  .253  .274
 2707  1.820  3.355  7.021   382.133  .90 607.0 607.0  2.83  2.85  .271  .257
 2709  1.958  3.431  7.361   464.043  .90 648.0 648.0  2.35  2.36  .253  .253
 1083  1.895  3.292  6.662   353.617  .90 625.7 629.0  2.76  2.62  .251  .235
 1074  1.957  3.162  6.783   394.238  .90 644.0 649.0  2.53  2.35  .239  .230
 1057  1.767  3.230  6.712   365.853  .90 602.3 605.0  3.20  3.01  .254  .252
 1058  1.763  3.285  7.167   253.207  .90 592.0 595.0  3.13  2.92  .209  .249
 1052  1.527  3.209  7.041   306.054  .90 530.5 535.5  4.97  4.15  .262  .249
 1060  1.599  3.047  6.949   314.712  .90 558.1 564.0  4.35  3.89  .243  .250
 1062  1.699  3.071  6.783   315.113  .90 584.1 587.0  3.74  3.32  .225  .251
 1063  1.793  3.058  6.733   396.495  .90 607.3 611.5  3.50  2.92  .193  .242
 1053  1.590  3.078  6.726   346.950  .90 555.0 561.0  4.25  3.74  .249  .269
 1059  1.682  3.110  6.779   349.749  .90 576.3 582.8  3.61  3.32  .242  .249
 1073  1.914  3.557  7.649   331.031  .90 636.1 640.1  2.44  2.32  .272  .230
 1172  1.740  3.746  8.825   370.878  .90 703.2 707.5  4.75  4.36  .303  .378
 1174  1.721  3.455  8.281   387.629  .90 705.6 706.9  5.04  4.86  .313  .380
 1176  1.734  3.025  7.041   505.048  .90 693.4 701.0  4.94  4.26  .338  .380
 1178  1.719  3.343  6.988   404.603  .90 706.9 715.5  4.20  3.65  .303  .374
 1181  1.469  3.064  6.926   486.550  .90 687.6 694.3  6.80  6.13  .299  .243
 1182  1.612  3.033  6.917   452.473  .90 690.4 697.5  5.87  5.01  .252  .244
 1183  1.607  3.227  6.976   402.005  .90 697.5 705.8  5.25  4.56  .238  .242
 1184  1.606  3.744  8.465   329.675  .90 702.4 705.0  5.22  5.15  .241  .240
 1820  1.515  3.078  6.709   539.522  .90 503.1 503.0  5.70  5.53  .250  .266
 1813  1.522  3.227  6.834   381.532  .90 530.7 533.1  4.49  4.26  .246  .250
 1814  1.611  3.184  6.234   491.350  .90 552.1 552.0  3.85  3.80  .246  .261
 2815  1.693  3.264  6.824   386.530  .90 584.3 584.2  3.49  3.46  .250  .284
 2083  1.854  3.193  6.320   404.482  .90 620.2 627.3  2.87  2.54  .261  .219
 2085  1.848  3.282  6.325   389.420  .90 638.0 648.4  2.62  2.33  .196  .212
 2084  1.854  3.294  6.781   351.329  .90 615.8 623.8  2.89  2.54  .218  .219
 2087  1.945  3.287  6.863   321.355  .90 640.8 643.7  2.50  2.33  .214  .212
 1502  1.291  3.593  8.481   227.226  .90 415.8 416.3  6.77  6.68  .265  .276
 1503  1.382  3.590  8.404   250.963  .90 460.0 460.4  5.29  5.27  .260  .275
 1585  1.498  3.665  8.798   246.638  .90 502.2 503.2  4.65  4.58  .238  .270
 1588  1.664  3.775  8.769   276.721  .90 566.7 568.0  3.55  3.35  .254  .250
 1530  1.437  3.541  7.616   430.003  .90 485.1 485.0  4.77  4.72  .261  .269
 1587  1.543  3.893  8.494   287.866  .90 518.7 518.6  3.90  3.90  .265  .271
 1522  1.483  3.657  8.929   256.808  .90 520.3 523.0  5.42  5.07  .274  .275
 1523  1.572  4.566 11.012   238.897  .90 560.8 561.0  5.40  5.37  .250  .253
 1526  1.595  4.000  9.933   248.206  .90 571.3 577.0  4.65  4.24  .242  .257
 1508  1.733  3.993  8.622   308.456  .90 635.9 641.0  3.95  3.61  .238  .232
 1511  1.445  4.031  9.373   250.058  .90 506.8 510.0  6.58  6.08  .273  .265
 1578  1.661  4.083  9.648   294.766  .90 655.4 660.0  4.17  3.91  .275  .257
 1586  1.593  3.636  8.537   252.253  .90 537.1 542.0  4.07  3.68  .262  .255
 1509  1.785  4.339  9.103   322.112  .90 660.5 663.0  3.55  3.19  .254  .229
 1521  1.528  3.961 10.342   241.815  .90 531.0 536.4  6.15  5.33  .286  .290
 1562  1.598  4.278  9.244   238.809  .90 682.3 686.0  4.34  3.91  .231  .247
 1573  1.674  4.596 12.535   232.729  .90 671.9 684.0  5.17  3.88  .274  .239
 1574  1.674  4.500 10.674   293.595  .90 674.1 680.6  4.79  4.11  .239  .255
 2527  1.635  4.435 10.368   258.372  .90 602.9 605.1  4.71  4.23  .265  .245
 2526  1.572  3.232  7.412   301.106  .90 551.3 561.6  4.60  3.88  .230  .242
 1645  1.450  3.741  7.536  1461.665  .90 503.7 503.8  5.97  6.23  .381  .320
 1650  1.554  3.240  6.852  1384.327  .90 543.9 544.0  5.33  5.39  .343  .317
 1655  1.623  4.318 10.295   606.138  .90 576.9 577.0  4.54  4.54  .303  .302
 1667  1.850  3.314  6.920   605.316  .90 644.2 644.1  3.11  3.08  .264  .274
 1680  1.558  4.157  9.976   297.915  .90 666.8 670.1  5.07  4.52  .259  .263
 1678  1.705  3.542  8.839  1971.134  .90 760.2 759.6  4.19  4.66  .415  .287
 8616  1.698  7.099  3.209   943.071  .90 586.4 586.5  3.82  3.79  .284  .297
 8622  1.941  3.284  6.381   762.472  .90 655.8 655.6  2.72  2.71  .246  .251
 8624  1.990  3.471  6.865   764.949  .90 674.9 674.9  2.51  2.48  .238  .241
 1791  1.301  4.010  8.848   268.314  .90 616.7 620.0  5.92  5.63  .222  .276
 1797  1.479  4.181  9.348   272.559  .90 617.4 621.0  4.73  4.38  .270  .272
 1759  1.634  3.733  8.542   281.540  .80 764.4 773.0  3.86  2.96  .261  .226
 1748  1.511  2.962  6.359   801.759  .80 782.3 782.1  5.90  5.78  .320  .416
 1761  1.520  2.110  2.894  1358.810  .90 556.6 557.1  5.24  5.16  .239  .263
 1762  1.620  2.847  5.601   387.242  .90 603.3 605.0  4.56  4.35  .230  .249
 1769  1.716  3.472  6.744   470.709  .90 623.4 623.0  3.78  3.76  .243  .272
 1780  1.730  3.084  5.774   491.600  .90 727.3 734.0  3.93  3.80  .279  .275
 1778  1.693  3.482  7.159   385.117  .69 713.9 720.0  4.09  3.80  .288  .280
 1779  1.742  3.472  6.368   465.192  .90 735.7 736.0  3.81  3.80  .278  .274
 1886  1.627  3.640  7.463   360.082  .90 724.4 732.1  4.86  4.40  .269  .245
 2797  1.482  4.223  9.389   256.446  .90 641.3 645.0  4.81  4.38  .209  .261
 2799  1.479  4.065  8.870   306.777  .90 642.0 646.1  4.88  4.66  .270  .282
 2740  1.849  3.370  7.083   407.022  .73 803.0 805.0  3.53  3.85  .251  .250
 2741  1.812  3.647  7.253   352.150  .75 828.4 831.0  4.18  3.85  .264  .240
 2749  1.956  3.596  5.856   742.560  .70 798.3 800.0  3.17  2.15  .246  .160	
 2742  1.854  3.054  6.181   499.820  .75 800.4 803.0  3.99  3.85  .254  .250
 2743  1.914  3.369  6.826   562.169  .67 807.2 814.0  3.68  3.40  .284  .245
 2785  1.514  3.485  8.677   378.238  .75 796.0 803.1  5.52  4.98  .284  .300
 3740  1.673  3.833  8.491   405.202  .80 882.8 892.0  3.53  2.97  .269  .237
   38  1.646  3.324  7.581   246.642  .90 562.5 567.1  2.91  2.67  .231  .250
   72  1.852  3.450  7.935   219.316  .90 598.8 602.4  2.31  2.11  .220  .248
 2096  1.854  3.425  7.944   286.053  .90 597.5 600.0  2.33  2.17  .252  .250
   43  1.594  4.012  8.213   287.952  .90 565.4 566.4  2.79  2.73  .263  .267
   42  1.579  3.431  8.103   290.222  .90 567.8 573.6  3.18  2.82  .270  .269
   52  1.625  3.336  7.781   249.918  .90 586.8 592.1  2.91  2.56  .264  .255
  526  1.769  3.450  8.020   254.065  .90 657.5 663.0  3.07  2.88  .222  .255
  258  1.781  3.305  8.317   292.483  .90 572.4 574.0  3.18  3.07  .260  .257
  310  1.598  3.350  7.734   285.060  .90 502.4 507.0  3.61  3.31  .267  .263
  519  1.707  3.634  8.658   305.571  .90 646.7 650.0  3.30  3.05  .265  .270
  224  1.632  3.536  8.452   250.395  .90 513.7 517.0  3.51  3.28  .245  .268
  212  1.531  3.221  7.326   204.027  .90 462.1 465.4  3.70  3.45  .325  .277
  214  1.491  3.064  6.681   246.509  .90 466.3 470.4  3.77  3.45  .272  .282
  213  1.488  3.221  7.462   259.639  .90 449.2 450.4  3.74  3.52  .265  .284
  563  1.771  3.576  7.756   373.229  .90 765.5 768.0  3.07  2.92  .282  .250
  104  1.235  3.304  7.315   244.322  .90 510.6 511.6  4.82  4.51  .251  .276
  159  1.303  3.396  6.250   507.147  .90 590.0 589.1  3.72  3.75  .259  .298
 1054  1.610  3.446  7.502   242.230  .90 568.7 571.4  3.51  3.27  .217  .263
 1317  1.847  3.656  9.477   224.064  .90 594.2 599.0  3.21  2.84  .256  .252
  512  1.674  3.581  7.660   338.314  .90 633.5 637.1  3.33  3.15  .251  .25
  602  1.618  3.441  7.746   311.889  .90 655.1 657.5  3.89  3.68  .267  .257
  223  1.574  3.325  7.615   287.298  .90 492.2 496.0  3.35  3.22  .266  .269
  259  1.862  3.511  8.083   312.615  .90 589.2 592.0  2.46  2.34  .277  .277
  267  2.416  3.357  8.923   396.191  .90 735.2 739.3  1.18  1.14  .205  .196
  261  2.023  3.513  8.691   320.001  .90 633.3 637.0  2.06  1.99  .246  .241
  263  2.162  3.387  8.483   351.344  .90 671.1 674.3  1.77  1.70  .231  .230
  229  1.618  3.730  9.030   245.093  .90 508.8 511.0  3.60  3.30  .249  .266
  211  1.571  3.577  8.695   218.658  .90 473.5 474.2  3.76  3.66  .240  .272
  266  2.278  3.494  9.185   368.694  .90 711.6 717.0  1.39  1.34  .228  .209
   37  1.671  3.616  8.662   252.919  .90 566.6 568.8  2.93  2.69  .233  .265
  265  2.236  3.528  9.857   290.174  .90 699.5 705.8  1.50  1.44  .202  .207
  221  1.607  3.812  9.383   210.922  .90 503.0 505.0  3.51  3.19  .255  .261
   96  1.817  3.739  9.098   209.103  .90 573.5 576.7  2.60  2.35  .225  .254
   36  1.701  3.942  9.981   214.462  .90 557.8 562.0  2.92  2.65  .240  .251
  601  1.525  3.683  7.752   326.104  .90 633.3 636.0  4.10  3.84  .256  .256
  703  1.630  3.542  7.311   383.819  .90 753.7 761.0  3.58  3.25  .247  .260
  614  1.729  3.564  8.576   343.789  .80 689.8 692.0  3.57  3.12  .242  .257
  544  1.881  3.543  7.320   349.944  .80 674.3 675.0  2.58  2.36  .266  .246
  803  1.449  3.684  7.380   367.543  .80 683.6 687.0  4.12  3.82  .245  .246
   49  1.699  3.574  8.688   233.671  .75 577.7 583.0  2.76  2.50  .243  .263
  543  1.886  3.675  8.282   261.422  .75 668.8 664.0  2.63  2.30  .254  .243
  521  1.622  3.595  8.612   283.982  .75 650.8 660.0  3.49  2.97  .249  .249
   54  1.580  3.436  8.107   279.767  .70 599.6 607.1  2.98  2.67  .241  .261
  702  1.630  3.639  7.951   419.367  .70 769.1 772.0  4.08  3.66  .281  .298
  724  1.583  3.634  7.854   343.639  .70 709.1 711.0  3.72  3.46  .253  .255
  314  1.456  3.543  7.847   295.633  .65 530.5 535.0  3.78  3.35  .263  .249
  723  1.567  3.534  7.909   355.125  .65 695.8 698.0  3.76  3.33  .267  .250
  710  1.846  3.734  8.835   454.410  .65 844.2 849.0  3.07  2.63  .290  .244
  525  1.751  3.547  7.941   349.833  .65 661.4 668.0  3.22  2.88  .272  .260
  717  1.664  3.697  7.562   493.751  .65 908.5 920.0  2.88  2.60  .252  .213
  738  1.607  3.831  7.444   466.040  .65 817.3 826.0  3.39  3.00  .261  .230
  559  1.967  3.730  9.846   598.554  .65 926.6 926.0  3.33  3.32  .310  .329
   50  1.673  3.699  9.620   302.219  .60 605.4 610.0  3.31  2.67  .228  .250
  820  1.445  3.684  9.742   316.015  .60 683.2 684.9  4.73  3.95  .227  .275
  320  1.462  3.704  9.489   364.380  .60 530.0 538.0  4.24  3.35  .272  .248
  807  1.644  3.714  8.492   491.855  .60 939.3 938.1  3.19  2.60  .218  .210
  558  1.678  3.500  8.025   400.000  .60 770.7 773.0  3.83  3.38  .240  .261
 1392  1.849  3.673  8.177   270.838  .90 575.0 576.0  3.46  3.39  .258  .252
 1394  1.978  4.954  9.445   327.337  .90 652.4 653.0  2.80  2.78  .253  .240
 2375  2.094  5.268  8.443   456.734  .90 756.9 757.0  2.33  2.33  .238  .235
 1456  2.016  3.707  8.600   228.185  .90 605.8 608.0  2.95  2.86  .233  .239
 1347  1.805  3.938  9.589   222.543  .90 584.9 588.1  2.99  2.84  .254  .257
 1860  1.342  3.910  7.402   321.396  .90 559.9 560.1  4.59  4.55  .251  .263
 1714  1.453  3.377  7.959   303.116  .90 512.3 513.7  4.42  4.21  .284  .309
 1305  1.684  3.497  7.800   308.960  .90 551.2 551.1  3.89  3.88  .294  .298
 1139  1.994  3.543  8.291   304.468  .90 643.0 644.0  2.26  2.28  .256  .252
 2337  1.734  3.730  8.364   254.532  .90 552.6 553.1  3.11  3.04  .261  .271
 1145  2.394  3.448  6.960  1372.301  .90 736.1 736.0  1.43  1.43  .221  .224
 1786  1.667  3.937  7.229   447.990  .90 623.3 622.0  3.20  3.26  .226  .242
 1691  1.594  3.892  8.699   362.775  .90 718.9 721.1  4.72  4.52  .255  .265
 1037  1.475  3.671  8.305   248.275  .90 525.8 530.0  4.57  4.25  .250  .241
 1461  1.644  3.879 10.187   211.390  .90 638.1 642.1  4.52  4.18  .240  .264
 1431  1.625  3.263  7.567   235.161  .90 476.2 480.6  4.24  3.95  .208  .211
 1745  1.309  3.956  8.025   196.546  .90 592.0 594.1  4.91  4.65  .256  .290
 1292  1.773  3.664  6.186   584.640  .90 623.0 623.0  3.33  3.27  .243  .250
 1766  1.277  4.136  7.609   319.813  .90 572.1 568.5  5.60  5.61  .254  .295
 1222  1.660  4.147  3.529  1076.837  .90 623.1 621.0  3.92  4.01  .240  .309
 1641  1.304  3.722  8.531   236.714  .90 460.6 464.0  5.81  5.23  .199  .211
 1535  1.512  3.607  9.717   212.273  .90 502.2 507.0  4.46  3.90  .257  .278
 1743  1.645  3.622  6.591   296.054  .90 523.0 522.1  3.35  3.20  .307  .308
 1187  1.668  3.415  7.602   363.163  .90 713.5 716.5  4.48  4.29  .246  .279
 1731  1.784  3.562  1.090  2123.160  .90 662.2 663.5  3.12  3.29  .429  .283
 1065  1.624  3.505  8.484   257.875  .65 589.0 600.0  4.20  3.41  .234  .243
 1111  1.569  3.252 10.580  1809.785  .90 540.4 545.1  4.31  3.88  .289  .280
 1719  1.348  3.499  9.812   228.165  .90 464.3 471.9  5.28  4.54  .253  .256
 1773  1.370  3.469  5.123   448.669  .90 564.5 564.4  4.17  4.18  .212  .204
 1112  1.561  2.822  8.172  4128.194  .90 568.0 565.0  3.96  3.88  .239  .270
 1123  1.556  3.009  9.700  3700.000  .90 573.0 579.5  3.87  3.88  .238  .263
 1124  1.517  2.789  7.571  4218.119  .90 563.5 556.0  4.06  3.87  .250  .274
  264  2.216  3.604  9.424   345.433  .90 686.2 689.3  1.58  1.57  .240  .223
 1783  1.568  4.814  7.805   303.899  .90 604.7 603.0  3.50  3.26  .183  .215
 1445  1.547  3.519  9.174   152.191  .90 474.3 475.1  4.32  4.07  .261  .271
 1311  1.524  3.667  9.420   184.063  .90 478.1 481.0  5.42  5.02  .232  .263
 1581  1.569  3.499  9.783   240.993  .90 513.9 516.0  5.88  5.51  .258  .288
 2720  1.438  4.770  6.120   362.374  .90 588.4 584.0  4.01  3.88  .185  .207
 1651  1.486  3.402  7.706   705.705  .90 532.4 532.0  5.54  5.51  .303  .331
 2639  1.464  3.299  7.477   667.108  .90 557.3 557.0  6.89  6.81  .265  .300
 1403  1.675  3.746  9.364   176.286  .90 498.2 500.1  3.12  2.88  .242  .267
 1140  2.127  3.826  8.165   692.351  .90 679.0 679.0  1.92  1.93  .238  .237
 1041  1.501  4.235  9.100   298.790  .90 690.9 695.0  5.19  4.65  .231  .261
 5884  1.920  4.373  8.127   217.738  .90 596.8 597.0  2.75  2.46  .167  .203
 1393  1.942  3.797  8.255   218.819  .90 653.1 646.0  3.30  3.09  .224  .239
 1696  1.446  3.650  9.565   162.154  .90 450.5 451.6  5.84  5.17  .252  .270
 1595  1.492  3.562  9.600   155.393  .90 473.3 478.0  5.41  4.71  .244  .277
 1479  1.304  3.046  6.584   265.433  .90 540.7 540.1  5.53  5.19  .238  .259
 1040  1.643  2.606  4.441   670.105  .90 692.8 698.0  3.84  3.67  .261  .263
 2854  1.658  2.405  3.486  1428.633  .90 606.0 606.0  3.53  3.50  .261  .269
 1843  1.312  2.740  5.347   442.894  .90 626.9 632.0  5.74  5.16  .222  .245
 1447  1.751  2.681  5.536   362.785  .90 530.4 536.0  3.42  3.12  .254  .255
 1828  1.630 21.148 10.219   257.912  .90 596.4 606.0  6.16  5.36  .274  .268
 1703  1.454 12.923  4.449   392.506  .90 424.3 433.3  4.89  4.06  .264  .286
 1692  1.462  3.323  8.449   358.953  .90 731.7 747.0  6.57  5.47  .238  .240
 1592  1.811  3.627  9.901   285.501  .90 720.2 726.0  5.05  4.52  .267  .30
 1291  1.644  3.023  3.816  1069.261  .75 569.1 569.0  4.27  4.28  .216  .260
 1090  1.592  3.521  7.004   426.898  .65 696.1 701.0  4.11  3.84  .267  .25
   31  1.724  3.683  8.539   262.753  .90 560.6 565.4  2.80  2.61  .247  .253
 2688  1.695  3.652 10.226   609.513  .90 470.7 471.0  5.26  5.33  .309  .274
 1684  1.516  3.673  9.916   313.985  .90 576.6 578.0  5.21  5.12  .293  .309
 2694  1.417  3.767  8.305   933.988  .90 473.0 473.0  7.21  7.09  .311  .361
 1591  1.532  3.846 10.651   208.197  .90 480.5 482.0  5.46  5.19  .278  .290
 1504  1.392  2.934  6.178   463.980  .90 419.7 420.0  5.78  5.68  .263  .291
 1321  1.671  3.494  5.962   499.379  .90 502.2 501.4  4.08  4.15  .242  .265
 1606  1.557  3.560  9.312   174.347  .90 301.5 302.1  3.96  3.87  .263  .279
 2693  1.706  3.792  9.121   185.703  .90 291.8 292.9  3.15  2.98  .276  .274
 2652  1.724  3.663  8.334   169.362  .90 344.9 345.1  2.73  2.68  .237  .279
 1622  1.907  3.975  8.888   171.146  .90 386.8 386.4  2.54  2.32  .232  .273
 1763  1.578  3.899  7.667   330.180  .90 595.1 595.0  4.47  4.45  .258  .259
 4882  1.762  3.640  8.245   328.610  .90 758.5 757.0  4.31  3.98  .255  .273
 2882  1.772  3.813  8.832   314.471  .90 740.7 742.0  4.09  3.98  .276  .279
 4883  1.773  3.493  7.345   413.607  .90 746.9 751.0  4.16  3.98  .245  .275
 2780  1.678  2.824  5.236  1443.208  .90 783.4 784.0  4.43  4.42  .255  .275
 2781  1.712  3.914  4.757  1165.130  .90 851.1 851.0  4.48  4.42  .206  .254
 1732  1.632  3.862  7.965   395.401  .90 808.5 804.0  4.80  4.38  .266  .282
 1795  1.602  2.847  5.840   759.077  .90 701.2 701.8  5.33  5.20  .276  .332
 2796  1.631  3.355  7.680   299.445  .90 619.8 623.8  4.12  3.78  .255  .230
  270  1.208  3.666  5.992   469.874  .90 560.4 560.4  4.35  4.35  .272  .272
 1471  1.418  3.215  5.924   350.409  .90 526.3 526.0  4.34  4.39  .262  .259
 1611  1.838  4.363  1.996  1520.170  .90 487.6 487.8  3.48  3.39  .228  .285
 1130  1.618  3.535 10.386   239.933  .90 569.6 574.4  3.87  3.47  .250  .276
 1726  1.463  2.813  6.387   514.503  .90 511.0 514.3  5.48  4.96  .345  .363
  207  1.440  3.707  9.563   197.048  .90 415.0 417.9  4.41  4.00  .278  .275
 2795  1.736  3.927  9.574   278.715  .90 650.4 658.0  3.80  3.33  .270  .261
 5887  1.828  3.004  5.788   422.112  .90 640.2 643.1  3.39  3.27  .211  .239
 2640  1.689  4.235 13.035   147.870  .90 493.5 496.0  4.42  3.92  .264  .281
 1390  1.684  3.633  7.551   342.299  .90 687.7 693.1  4.13  3.59  .271  .272
 1649  1.846  3.946 11.984   323.415  .90 806.7 824.0  5.80  4.60  .268  .269
 2654  1.789  3.580  6.433   274.316  .90 386.7 388.4  2.93  2.78  .287  .279
 1737  1.562  4.063  8.238   348.579  .90 707.4 709.1  4.36  4.15  .238  .263
 3727  2.151  4.853  6.298   826.238  .90 826.5 828.0  2.62  2.61  .292  .252
 1736  1.542  3.809  9.021   259.359  .90 716.7 716.5  4.98  4.70  .258  .274
 1738  1.552  4.207  7.582   357.912  .90 693.8 693.1  3.99  4.00  .243  .240
 1733  1.519  3.882  7.281   291.275  .90 688.3 683.5  4.65  4.32  .290  .283
 2791  1.826  4.374  6.146   976.538  .85 678.1 678.0  3.16  3.12  .260  .295
 2738  1.979  8.846  1.956  2188.314  .85 833.6 835.0  2.81  2.87  .263  .258
 4870  1.975  3.033  5.804   769.255  .80 814.1 813.8  3.56  3.49  .233  .247
 2782  1.707  2.638  4.413  1762.578  .80 816.0 815.0  4.43  4.42  .249  .265
 3796  1.647  3.339  7.497   446.214  .75 694.3 698.0  3.68  3.58  .245  .263
 4880  1.889  2.663  4.862   417.193  .75 757.1 758.0  4.08  3.60  .232  .249
 1891  1.906  3.551  5.962   405.561  .70 779.5 782.0  3.87  3.76  .262  .244
 2787  1.781  2.666  3.706  1695.793  .70 817.0 817.0  3.30  3.29  .260  .261
 1796  1.651  3.482  8.880   314.037  .65 680.8 687.1  3.94  3.63  .258  .295
 8610  1.511  3.870 10.238   296.567  .90 733.1 754.6  7.60  5.33  .255  .275
 8611  1.598  3.729  9.150   324.495  .90 736.1 766.6  5.92  4.46  .235  .257	
 8612  1.698  3.733  9.125   319.970  .90 748.9 777.9  4.97  3.84  .238  .242	
 8613  1.790  3.765  8.071   379.428  .90 752.8 788.9  3.98  3.38  .261  .231	
 8614  1.871  3.775  8.046   355.433  .90 776.5 799.2  3.56  3.02  .239  .222
 1125  1.801  3.292  8.768   368.404  .90 614.5 632.6  4.05  3.15  .320  .260
 1132  1.865  3.440  9.688   272.552  .90 637.6	653.0  3.53  2.86  .292  .260
 1134  1.936  3.847 11.603   226.027  .90 658.7 669.0  3.10  2.60  .265  .250		
 1136  2.019  4.104 12.816   220.310  .90 676.1 685.0  2.69  2.37  .285  .250
 1107  1.479  3.481 10.591   198.046  .90 522.1 536.0  5.45  4.18  .272  .250
 1110  1.609  3.448  9.291   184.163  .90 556.9 560.0  4.65  3.67  .237  .260
 1115  1.689  3.560  8.783   299.397  .90 581.8 586.0  3.72  3.40  .288  .270
 1126  1.793  3.627  8.448   294.871  .90 606.5 608.3  3.18  3.03  .248  .264
 1133  1.860  3.739  8.198   313.436  .90 629.2 630.0  2.78  2.75  .269  .270
 1135  1.928  4.151  8.887   340.220  .90 649.3 650.0  2.53  2.53  .297  .270
 1120  1.607  3.927 12.215   193.220  .90 552.5 559.6  4.65  3.88  .276  .272
 1116  1.682  3.697  9.573   171.412  .90 574.2 582.3  3.85  3.36  .237  .266
 1127  1.785  3.679  9.413   188.987  .90 606.4 605.4  3.37  3.01  .242  .258
 1151  1.389  3.332  3.916  1027.248  .90 650.7 650.1  4.29  4.26  .208  .254
 1147  1.638  3.417  9.675   272.962  .90 565.2 580.0  4.68  3.40  .307  .268
 1803  1.542  3.476  1.503   348.179  .90 498.5 536.0  5.80  4.52  .258  .258
 1807  1.804  3.724  2.737   482.294  .90 602.9 622.0  3.82  3.02  .260  .241
 1827  1.662  4.566  2.868   306.784  .90 578.2 594.0  4.30  3.50  .279  .254
 1839  1.890  4.001  3.215   356.318  .90 660.0 645.0  3.98  2.75  .271  .238
 1841  1.258  3.807  5.407   933.326  .80 541.9 563.1  4.16  3.94  .208  .258
 2747  2.080  3.596  9.590   411.934  .70 822.1 828.0  3.14  3.04  .305  .253
 2746  2.072  3.453  7.919   226.153  .65 844.8 846.0  3.71  3.39  .234  .231
 4727  1.606  3.034  5.914   508.672  .90 799.3 804.0  4.67  4.38  .254  .282
 2623  1.967  3.031  5.920   282.036  .90 419.3 423.1  2.18  2.01  .28   .289
 2626  2.074  3.203  6.005   289.917  .90 473.5 474.6  1.64  1.61  .258  .271
 1623  2.094  3.237  5.870   406.749  .90 449.7 448.8  1.89  1.868 .279  .282
 1625  2.077  3.217  5.671   381.634  .90 496.5 498.25 1.54  1.478 .258  .256
 1179  1.379  3.467 13.438  2722.736  .90 574.0 580.0  6.70  6.53  .50   .238