765 ID	TcEos 	PcEos	ZcEos 	AcenEos
1	191.41	4.675	0.3183	0.0051
2	308.96	5.163	0.3145	0.0807
3	375.13	4.608	0.3122	0.1328
4	414.14	4.009	0.3112	0.1669
5	432.50	4.219	0.3109	0.1761
7	479.29	3.825	0.3100	0.2227
8	467.90	3.758	0.3103	0.2061
9	439.97	3.503	0.3109	0.1790
11	519.35	3.543	0.3092	0.2701
12	507.40	3.469	0.3095	0.2539
13	514.36	3.557	0.3096	0.2479
14	497.19	3.439	0.3102	0.2111
15	509.75	3.540	0.3100	0.2221
17	552.13	3.250	0.3082	0.3246
18	541.02	3.183	0.3085	0.3073
19	547.79	3.332	0.3088	0.2930
20	551.81	3.357	0.3089	0.2860
21	531.10	3.191	0.3093	0.2622
22	549.30	3.384	0.3092	0.2667
23	530.73	3.184	0.3091	0.2774
24	545.51	3.297	0.3096	0.2444
25	540.57	3.323	0.3099	0.2283
27	583.09	3.019	0.3074	0.3670
28	573.55	3.000	0.3078	0.3468
29	577.56	3.066	0.3079	0.3401
30	575.20	3.046	0.3079	0.3408
31	579.09	3.123	0.3081	0.3313
32	561.58	2.965	0.3084	0.3134
33	575.92	3.096	0.3083	0.3192
34	564.56	2.971	0.3083	0.3200
35	562.63	2.951	0.3082	0.3282
36	575.39	3.142	0.3088	0.2905
37	581.08	3.151	0.3085	0.3119
38	579.76	3.175	0.3086	0.3023
39	588.11	3.218	0.3091	0.2760
40	575.09	3.156	0.3091	0.2725
41	554.37	2.945	0.3090	0.2795
42	584.36	3.214	0.3093	0.2658
43	578.06	3.157	0.3089	0.2885
46	609.27	2.807	0.3063	0.4160
47	576.74	2.718	0.3077	0.3528
48	620.89	2.697	0.3075	0.3626
49	593.80	2.854	0.3083	0.3180
50	624.49	3.086	0.3087	0.2959
51	617.24	3.080	0.3089	0.2854
52	602.37	2.952	0.3088	0.2960
53	584.39	2.817	0.3088	0.2925
54	618.02	3.071	0.3088	0.2917
56	630.62	2.590	0.3049	0.4727
57	637.55	2.853	0.3084	0.3169
58	584.79	2.488	0.3067	0.4043
63	654.93	2.433	0.3041	0.5031
64	673.30	2.266	0.3027	0.5519
65	690.09	2.104	0.3013	0.5984
66	710.42	2.030	0.3005	0.6241
67	724.00	1.891	0.2989	0.6705
68	737.63	1.791	0.2973	0.7139
69	750.78	1.697	0.2959	0.7534
70	762.57	1.620	0.2945	0.7942
71	772.73	1.527	0.2928	0.8399
72	612.14	2.573	0.3062	0.4225
73	785.00	1.467	0.2917	0.8709
74	787.02	1.370	0.2885	0.9575
76	806.27	1.255	0.2858	1.0288
77	812.45	1.195	0.2841	1.0756
81	855.86	1.065	0.2805	1.1720
85	626.11	2.627	0.3057	0.4445
86	622.37	2.585	0.3053	0.4578
87	623.64	2.620	0.3058	0.4386
88	622.96	2.620	0.3058	0.4367
91	596.92	2.736	0.3064	0.4128
92	602.86	2.827	0.3069	0.3925
93	600.61	2.820	0.3069	0.3897
96	590.48	2.772	0.3077	0.3529
101	404.43	6.027	0.3132	0.1069
102	468.52	5.498	0.3116	0.1508
104	519.36	4.981	0.3108	0.1805
105	542.44	4.283	0.3102	0.2127
107	580.42	3.901	0.3095	0.2507
108	556.35	3.746	0.3097	0.2364
109	576.51	3.939	0.3097	0.2394
110	561.51	3.763	0.3096	0.2440
111	560.55	3.733	0.3097	0.2406
112	561.35	3.751	0.3097	0.2425
114	609.86	3.575	0.3087	0.2974
115	609.54	3.593	0.3093	0.2590
116	601.86	3.585	0.3093	0.2593
122	636.98	3.286	0.3079	0.3386
137	560.71	4.491	0.3104	0.2020
138	582.74	3.945	0.3101	0.2193
140	623.16	3.668	0.3097	0.2403
141	603.13	3.594	0.3098	0.2341
142	618.87	3.726	0.3096	0.2458
143	608.55	3.593	0.3097	0.2372
144	599.27	3.504	0.3095	0.2536
145	607.19	3.620	0.3094	0.2572
146	607.61	3.615	0.3095	0.2530
147	599.71	3.494	0.3096	0.2432
149	642.85	3.362	0.3086	0.3114
150	643.13	3.401	0.3087	0.2944
152	666.13	3.096	0.3074	0.3606
153	713.83	3.755	0.3090	0.2806
154	699.78	3.597	0.3092	0.2713
155	755.44	3.187	0.3079	0.3404
158	766.10	2.029	0.3001	0.6406
159	615.05	4.322	0.3100	0.2214
160	655.95	4.072	0.3095	0.2526
176	587.09	2.733	0.3067	0.4002
190	596.97	2.897	0.3081	0.3347
192	602.85	2.932	0.3082	0.3276
201	284.84	5.288	0.3148	0.0772
202	369.57	4.973	0.3124	0.1273
204	426.83	4.482	0.3111	0.1702
205	443.64	4.779	0.3108	0.1829
206	438.14	4.618	0.3109	0.1785
207	425.91	4.469	0.3112	0.1670
209	473.65	4.021	0.3102	0.2111
210	485.17	4.230	0.3100	0.2229
211	483.42	4.153	0.3100	0.2231
212	476.52	4.155	0.3101	0.2148
213	459.93	3.909	0.3106	0.1900
214	488.23	4.243	0.3100	0.2191
216	514.13	3.665	0.3093	0.2609
217	525.46	3.844	0.3094	0.2560
219	521.28	3.789	0.3094	0.2549
220	519.90	3.760	0.3092	0.2683
221	514.03	3.754	0.3094	0.2550
222	506.24	3.659	0.3101	0.2166
223	503.53	3.629	0.3099	0.2284
224	520.68	3.816	0.3092	0.2699
225	524.82	3.896	0.3095	0.2517
226	539.08	3.384	0.3086	0.3070
227	504.85	3.658	0.3096	0.2491
229	517.17	3.818	0.3093	0.2653
230	506.72	3.719	0.3098	0.2336
231	483.18	3.489	0.3101	0.2215
232	532.31	3.991	0.3093	0.2670
233	555.66	3.512	0.3090	0.2797
234	551.22	3.435	0.3087	0.2995
235	564.21	3.545	0.3091	0.2708
237	556.90	3.463	0.3089	0.2847
238	550.46	3.459	0.3088	0.2899
239	534.40	3.351	0.3086	0.3091
240	533.76	3.333	0.3086	0.3094
241	564.78	3.099	0.3079	0.3423
242	570.91	3.142	0.3081	0.3314
248	534.18	3.419	0.3096	0.2489
249	557.78	3.490	0.3090	0.2817
250	579.11	3.126	0.3076	0.3574
251	593.18	3.242	0.3084	0.3151
256	562.13	3.125	0.3091	0.2721
257	560.02	3.126	0.3083	0.3223
258	584.63	3.242	0.3083	0.3197
261	654.55	2.535	0.3048	0.4821
264	709.55	2.094	0.3007	0.6107
265	724.86	1.975	0.2996	0.6523
266	739.24	1.870	0.2983	0.6918
267	764.74	1.677	0.2956	0.7640
268	569.86	3.109	0.3080	0.3376
269	515.54	5.293	0.3111	0.1711
270	568.66	4.905	0.3104	0.2016
273	612.00	4.493	0.3101	0.2177
276	597.38	3.290	0.3087	0.2981
277	590.48	3.213	0.3084	0.3109
278	590.21	3.242	0.3085	0.3095
279	587.73	3.195	0.3084	0.3166
280	591.13	3.247	0.3085	0.3054
281	755.32	1.786	0.2978	0.7060
283	780.43	1.624	0.2955	0.7725
284	782.10	1.489	0.2917	0.8708
289	565.71	3.135	0.3080	0.3419
301	396.82	6.087	0.3119	0.1406
302	463.79	5.307	0.3114	0.1561
303	434.26	4.892	0.3113	0.1631
304	502.06	4.673	0.3100	0.2242
305	501.56	4.659	0.3101	0.2183
306	498.71	4.546	0.3103	0.2085
307	470.56	4.291	0.3102	0.2095
308	504.94	4.702	0.3097	0.2429
309	488.02	4.524	0.3106	0.1942
311	494.97	4.594	0.3100	0.2241
313	525.08	3.992	0.3098	0.2334
314	553.75	4.239	0.3096	0.2416
319	533.64	4.210	0.3099	0.2309
330	601.04	3.481	0.3070	0.3906
331	571.35	5.202	0.3108	0.1836
343	653.50	4.823	0.3097	0.2411
401	311.53	6.537	0.3028	0.1772
402	410.07	6.382	0.3106	0.1934
403	447.29	5.220	0.3098	0.2333
404	437.78	3.306	0.2368	0.4153
405	494.37	4.645	0.3099	0.2246
406	550.96	4.276	0.3095	0.2505
407	555.26	4.339	0.3094	0.2583
413	530.78	4.125	0.3092	0.2702
416	587.14	3.357	0.3071	0.3809
418	449.03	5.682	0.3102	0.2148
419	472.71	4.331	0.3098	0.2314
501	572.36	5.506	0.3107	0.1896
502	604.45	4.808	0.3097	0.2389
504	632.25	4.283	0.3091	0.2730
505	645.35	4.416	0.3090	0.2802
506	633.89	4.276	0.3089	0.2866
507	632.26	4.212	0.3089	0.2849
509	656.24	3.919	0.3085	0.3068
510	644.32	3.824	0.3085	0.3093
511	664.76	3.998	0.3083	0.3179
512	657.69	3.907	0.3083	0.3173
513	657.66	3.856	0.3083	0.3181
514	681.50	4.150	0.3082	0.3277
515	668.70	3.988	0.3081	0.3302
516	655.82	3.867	0.3077	0.3523
518	676.26	3.460	0.3075	0.3605
519	665.83	3.474	0.3081	0.3317
520	663.16	3.472	0.3077	0.3489
521	659.70	3.499	0.3082	0.3361
522	678.27	3.617	0.3083	0.3202
523	668.58	3.505	0.3079	0.3377
524	670.33	3.474	0.3079	0.3404
525	679.24	3.610	0.3076	0.3593
526	676.29	3.549	0.3077	0.3521
527	678.51	3.535	0.3075	0.3588
530	711.93	3.818	0.3072	0.3761
531	699.43	3.715	0.3071	0.3794
532	697.91	3.703	0.3072	0.3757
533	701.58	2.974	0.3066	0.4037
534	713.92	2.513	0.3040	0.5021
544	687.87	2.859	0.3050	0.4657
549	740.20	2.788	0.3054	0.4510
554	773.30	2.205	0.3004	0.6268
558	791.90	4.088	0.3072	0.3758
561	847.30	2.887	0.3016	0.5922
563	789.72	3.634	0.3062	0.4194
567	698.67	3.228	0.3067	0.3988
568	717.34	2.974	0.3057	0.4386
569	748.69	2.545	0.3033	0.5296
571	787.00	2.080	0.2995	0.6538
572	802.39	1.815	0.2953	0.7718
573	810.69	1.712	0.2936	0.8176
574	792.21	1.928	0.2967	0.7297
575	678.84	3.554	0.3075	0.3596
576	689.68	3.691	0.3074	0.3637
577	686.70	3.660	0.3076	0.3522
578	688.54	3.660	0.3076	0.3544
579	687.10	3.612	0.3073	0.3693
580	695.59	3.719	0.3074	0.3660
585	685.09	3.626	0.3079	0.3383
586	674.38	3.512	0.3074	0.3641
587	678.23	3.523	0.3076	0.3549
601	652.53	4.628	0.3092	0.2670
602	672.68	4.240	0.3080	0.3348
613	675.62	4.307	0.3089	0.2872
614	726.22	4.187	0.3087	0.2932
618	702.96	4.429	0.3093	0.2612
701	752.97	4.558	0.3085	0.3119
702	790.77	4.453	0.3082	0.3246
703	795.88	4.404	0.3089	0.2823
704	793.32	3.985	0.3071	0.3803
706	737.56	4.343	0.3086	0.3029
803	710.88	4.926	0.3090	0.2803
804	943.78	4.445	0.3083	0.3065
805	928.98	4.455	0.3080	0.3399
808	842.27	4.600	0.3080	0.3308
810	698.18	3.728	0.3043	0.4921
814	717.22	3.216	0.3092	0.2678
817	926.97	3.888	0.3063	0.4162
824	642.22	4.001	0.3088	0.2930
840	643.91	3.393	0.3088	0.3013
841	661.81	3.496	0.3087	0.2940
899	314.55	8.217	0.3117	0.1463
901	154.86	5.061	0.3180	0.0203
902	48.48	2.429	0.3183	86.0000
905	126.84	3.467	0.3178	0.0313
908	133.68	3.558	0.3159	0.0584
909	305.02	7.517	0.2937	0.2118
910	437.61	9.101	0.3096	0.2448
914	150.97	4.914	0.3183	0.0051
918	420.30	8.262	0.3149	0.0780
924	276.19	7.068	0.3132	0.1111
926	375.49	6.994	0.3182	0.0154
959	290.55	5.935	0.3183	0.0051
1001	413.19	7.448	0.2578	0.2880
1003	512.46	5.853	0.2974	0.2516
1005	546.50	4.983	0.3046	0.2688
1007	576.28	4.538	0.3059	0.3201
1008	632.84	3.706	0.3066	0.3748
1009	602.87	4.056	0.3066	0.3607
1010	645.26	3.306	0.3050	0.4619
1011	662.45	3.007	0.3033	0.5187
1020	681.72	2.762	0.3024	0.5495
1021	696.48	2.539	0.3010	0.5976
1025	715.09	2.393	0.3005	0.6156
1026	726.46	2.216	0.2987	0.6719
1031	563.96	4.479	0.3069	0.2900
1034	518.33	5.781	0.2814	0.2654
1041	710.98	5.475	0.3056	0.2829
1043	859.27	5.784	0.3026	0.5805
1051	521.59	5.653	0.2962	0.2724
1052	550.72	5.023	0.3039	0.2827
1053	574.78	4.445	0.3056	0.3132
1054	587.42	3.928	0.3068	0.3309
1055	590.84	3.999	0.3065	0.3298
1056	594.62	3.764	0.2915	0.3948
1058	620.93	3.659	0.3069	0.3622
1059	597.00	4.011	0.3060	0.3488
1060	573.27	4.429	0.3061	0.3205
1061	564.58	4.473	0.3058	0.3009
1062	603.92	4.051	0.3066	0.3467
1063	627.15	3.658	0.3062	0.3909
1064	617.72	3.638	0.3069	0.3905
1066	575.34	3.904	0.3068	0.3074
1068	629.70	2.870	0.3049	0.4581
1069	589.24	3.474	0.3065	0.3605
1070	841.43	8.163	0.3070	0.3270
1071	744.33	5.623	0.2980	0.3244
1073	660.11	3.020	0.3046	0.4693
1074	664.94	3.016	0.3040	0.4943
1079	643.67	5.653	0.3018	0.2512
1080	677.45	5.057	0.3054	0.2467
1083	648.03	3.281	0.3060	0.4301
1085	846.86	3.857	0.3049	0.4610
1090	730.56	4.902	0.3065	0.3353
1095	578.41	3.883	0.3044	0.3664
1101	541.99	12.182	0.3250	0.4525
1102	534.93	8.521	0.3322	0.5604
1103	554.60	6.748	0.3235	0.5464
1104	522.51	6.162	0.3179	0.6103
1105	580.10	5.535	0.3195	0.5153
1106	562.18	5.269	0.3140	0.5222
1107	551.06	5.199	0.3135	0.5048
1108	518.84	4.854	0.3146	0.5532
1109	602.22	4.741	0.3136	0.5223
1111	554.97	4.415	0.3142	0.4403
1112	582.26	4.808	0.3205	0.5977
1114	627.36	4.225	0.3131	0.5118
1115	601.43	4.037	0.3129	0.4935
1117	593.40	3.776	0.3013	0.6541
1118	603.89	3.919	0.3061	0.6250
1120	551.83	4.317	0.3098	0.6625
1121	652.03	3.299	0.3077	0.5278
1123	595.84	4.726	0.3153	0.4909
1125	646.00	3.642	0.3070	0.5235
1126	622.99	3.646	0.3128	0.5126
1130	577.06	3.906	0.3240	0.5980
1132	668.80	3.326	0.3075	0.5257
1133	644.01	3.223	0.3081	0.5292
1134	686.85	3.088	0.3060	0.5502
1136	708.15	2.855	0.3071	0.5435
1140	731.27	2.414	0.3030	0.6532
1141	746.89	2.230	0.3026	0.6683
1143	771.91	1.968	0.2995	0.7375
1144	786.54	1.896	0.2992	0.7508
1147	603.94	3.977	0.3072	0.5510
1151	664.05	5.141	0.3122	0.3449
1159	691.71	3.323	0.3269	0.5697
1167	568.92	7.644	0.3272	0.4766
1172	723.04	5.110	0.3284	0.4639
1174	707.05	4.715	0.3188	0.5418
1177	729.95	4.894	0.3182	0.5648
1178	743.63	4.857	0.3091	0.4189
1181	703.29	6.342	0.3076	0.4000
1182	703.75	5.403	0.3069	0.4223
1183	729.18	5.726	0.3144	0.3861
1184	711.37	5.308	0.3060	0.4731
1185	713.24	4.636	0.3067	0.4350
1187	741.79	5.702	0.3321	0.4545
1201	732.41	10.815	0.3252	0.5327
1220	711.12	6.599	0.3174	0.4797
1231	926.26	9.374	0.3111	0.2489
1251	616.93	8.975	0.2204	0.2761
1253	664.24	8.039	0.3380	0.3780
1256	637.50	5.531	0.3174	0.6175
1258	670.18	5.241	0.3247	0.5894
1259	745.40	3.455	0.3154	0.6121
1261	656.41	5.092	0.3237	0.5787
1262	673.78	4.096	0.3007	0.6206
1265	706.24	3.585	0.3195	0.7698
1266	767.56	2.879	0.3121	0.6757
1269	775.33	2.627	0.3106	0.7255
1270	790.31	2.460	0.3082	0.7229
1271	798.08	2.214	0.3028	0.7662
1272	819.10	1.971	0.3013	0.8078
1277	616.27	4.272	0.2379	0.5677
1301	500.07	7.152	0.3079	0.2265
1302	526.19	5.679	0.3083	0.2502
1303	551.31	4.869	0.3083	0.2897
1304	576.22	4.287	0.3075	0.3372
1305	555.05	4.117	0.3070	0.3773
1309	681.39	2.777	0.3030	0.5393
1312	521.29	5.729	0.3083	0.2855
1313	537.52	4.707	0.3077	0.3312
1314	564.23	4.143	0.3073	0.3627
1315	591.74	3.704	0.3068	0.3871
1316	571.26	3.616	0.3061	0.4195
1319	544.76	4.023	0.3079	0.3405
1320	562.86	3.575	0.3059	0.4224
1321	539.40	5.054	0.3088	0.2913
1322	543.50	4.815	0.3078	0.3239
1323	560.22	4.121	0.3072	0.3663
1324	582.13	3.679	0.3064	0.4040
1326	601.82	3.310	0.3049	0.4752
1327	607.73	3.367	0.3063	0.4126
1332	569.08	4.233	0.3073	0.3486
1333	595.73	3.813	0.3081	0.3197
1341	561.16	5.402	0.3090	0.2546
1342	566.14	4.498	0.3073	0.3482
1344	633.34	3.698	0.3080	0.3251
1347	596.20	3.301	0.3064	0.4087
1351	566.91	4.570	0.3077	0.3511
1357	617.59	3.428	0.3066	0.3982
1360	597.78	2.907	0.3046	0.4789
1381	808.87	3.745	0.3042	0.4928
1385	630.57	3.084	0.3055	0.4440
1386	689.10	2.583	0.3038	0.5008
1390	713.84	4.511	0.3068	0.3723
1392	592.08	4.010	0.3060	0.4264
1395	684.90	2.397	0.2993	0.6536
1401	406.98	5.896	0.3104	0.1740
1402	476.46	4.230	0.3093	0.2603
1403	506.71	3.266	0.3081	0.3310
1404	595.76	2.910	0.3061	0.4262
1405	505.62	3.870	0.3095	0.2490
1406	569.94	2.859	0.3068	0.3977
1407	445.33	5.023	0.3100	0.2188
1408	485.13	4.462	0.3093	0.2637
1419	724.09	5.248	0.3083	0.3149
1421	599.40	6.049	0.3095	0.2514
1427	534.06	3.042	0.3088	0.2979
1428	516.40	3.360	0.3084	0.3159
1430	553.81	3.168	0.3080	0.3359
1431	491.20	5.087	0.3088	0.2940
1440	531.88	5.192	0.3088	0.1493
1441	477.92	8.236	0.3036	0.1847
1442	501.26	6.305	0.3072	0.2110
1445	487.47	4.780	0.3099	0.2283
1446	540.69	3.439	0.3079	0.3395
1455	546.26	4.544	0.3078	0.3346
1459	772.33	2.441	0.3070	0.3815
1460	687.71	3.884	0.3075	0.3571
1461	659.20	4.994	0.3082	0.3227
1462	666.42	4.267	0.3072	0.3752
1465	798.60	3.907	0.3077	0.3468
1466	700.82	3.495	0.3078	0.3442
1468	517.53	4.386	0.3086	0.2998
1470	450.73	5.606	0.3106	0.1890
1471	542.25	5.466	0.3102	0.2078
1477	547.64	6.536	0.3093	0.2409
1478	498.66	6.311	0.3105	0.1968
1479	551.38	5.902	0.3101	0.1995
1480	852.39	4.454	0.3081	0.3296
1482	545.38	2.536	0.3060	0.4249
1485	721.52	4.619	0.3083	0.3157
1501	566.23	5.102	0.3110	0.1738
1502	421.50	7.097	0.3023	0.1422
1503	465.91	5.781	0.3063	0.1828
1504	427.02	6.045	0.3101	0.1722
1511	522.54	7.100	0.3101	0.1760
1521	540.70	5.956	0.3102	0.2114
1522	528.93	5.537	0.3084	0.2253
1523	579.81	6.329	0.3099	0.2190
1524	615.79	5.624	0.3094	0.2538
1527	554.39	4.863	0.3101	0.1994
1528	634.23	4.889	0.3095	0.2516
1529	653.86	5.151	0.3088	0.2908
1530	496.14	5.024	0.3107	0.1870
1534	535.50	4.477	0.3091	0.2370
1541	586.96	5.673	0.3108	0.1821
1542	630.93	5.229	0.3101	0.2162
1562	704.28	4.958	0.3085	0.3000
1571	641.76	5.277	0.3099	0.2240
1572	714.27	5.102	0.3087	0.2592
1573	707.31	5.056	0.3097	0.2351
1574	702.55	5.027	0.3093	0.2642
1580	547.33	6.288	0.3095	0.1872
1581	528.02	6.147	0.3110	0.1735
1585	510.98	5.145	0.3086	0.2123
1586	550.99	4.582	0.3096	0.2445
1587	539.25	4.469	0.3096	0.2067
1588	594.53	4.190	0.3093	0.2343
1590	684.80	4.697	0.3100	0.2227
1592	777.22	5.030	0.3101	0.2158
1599	780.72	4.832	0.3106	0.1889
1600	447.95	7.226	0.3070	0.1317
1601	390.56	4.514	0.3113	0.1621
1602	478.12	4.828	0.3111	0.1704
1604	376.51	5.672	0.3103	0.1981
1606	305.93	4.207	0.3114	0.1577
1609	425.79	3.638	0.3098	0.2326
1610	416.12	3.408	0.3045	0.3247
1611	496.87	3.833	0.3100	0.2216
1612	407.22	5.163	0.3099	0.2082
1613	324.62	6.775	0.2958	0.1716
1614	356.98	6.510	0.2862	0.2638
1615	308.46	5.907	0.3100	0.2189
1616	229.89	3.971	0.3113	0.1638
1617	382.42	5.640	0.3003	0.1916
1619	350.23	4.100	0.2928	0.2466
1620	405.40	3.644	0.3063	0.3474
1622	391.48	2.581	0.3077	0.3557
1630	310.83	4.484	0.3100	0.2221
1634	418.72	5.764	0.3095	0.1910
1640	393.33	5.112	0.2962	0.2555
1641	468.42	7.422	0.3071	0.1448
1645	509.87	6.018	0.3081	0.1827
1646	345.13	4.098	0.3076	0.2824
1650	552.49	5.229	0.3088	0.2028
1651	532.44	4.875	0.3089	0.1934
1655	590.42	4.698	0.3093	0.2331
1667	667.39	3.442	0.3071	0.3737
1672	598.30	5.569	0.3077	0.2993
1680	688.02	5.316	0.3101	0.2170
1681	540.88	7.556	0.3123	0.1159
1682	574.79	6.094	0.3110	0.1409
1683	611.11	5.311	0.3106	0.1675
1684	587.37	5.041	0.3107	0.1687
1693	424.60	3.641	0.3098	0.2352
1694	465.99	4.220	0.3093	0.2588
1696	459.05	5.816	0.3104	0.1921
1701	445.97	9.584	0.3175	0.2377
1702	450.68	6.353	0.3141	0.2452
1703	440.35	4.598	0.3107	0.1878
1704	466.33	6.579	0.3115	0.2545
1706	544.06	3.437	0.3087	0.2977
1709	522.16	3.812	0.3097	0.2399
1710	520.15	5.053	0.3296	0.2357
1711	509.91	5.639	0.3132	0.2445
1712	557.79	5.205	0.3175	0.2143
1713	579.16	4.765	0.3343	0.3300
1714	533.56	5.040	0.3208	0.2724
1718	586.44	2.784	0.3151	0.4639
1719	481.44	5.247	0.3125	0.2526
1720	766.75	2.315	0.3240	0.6403
1721	662.91	8.367	0.3188	0.2485
1724	747.21	4.747	0.2901	0.8983
1736	739.19	5.468	0.3098	0.3078
1737	728.96	5.296	0.3077	0.3778
1738	721.90	5.253	0.3070	0.3939
1741	626.99	8.562	0.3290	0.3380
1742	565.44	9.363	0.3149	0.1406
1744	622.08	2.989	0.3059	0.4334
1745	601.19	5.211	0.3096	0.2457
1748	798.02	5.297	0.3085	0.2941
1753	705.08	3.444	0.3044	0.4870
1756	844.00	4.040	0.3050	0.4670
1759	798.04	4.608	0.3079	0.3356
1760	602.82	7.158	0.2682	0.3076
1761	614.13	6.400	0.2958	0.2987
1762	630.51	5.314	0.2956	0.3085
1766	582.28	6.580	0.3225	0.2333
1769	651.31	4.815	0.3032	0.3435
1771	465.78	6.362	0.2007	0.3936
1772	542.07	4.962	0.1954	0.3961
1773	573.99	4.985	0.2560	0.3262
1774	588.23	7.727	0.3111	0.1734
1775	577.50	4.947	0.2802	0.2304
1781	902.96	6.854	0.3040	0.2638
1782	569.95	4.433	0.2810	0.3360
1783	652.32	5.194	0.3093	0.2633
1786	677.46	4.615	0.3089	0.2854
1791	631.95	6.473	0.3087	0.2227
1792	729.71	6.676	0.3175	0.2880
1793	770.99	4.102	0.3049	0.4720
1794	633.51	4.652	0.3084	0.3165
1795	727.98	5.768	0.3318	0.3444
1796	717.93	4.562	0.3083	0.3134
1797	634.48	5.354	0.3087	0.2712
1799	409.64	7.005	0.3096	0.2473
1801	477.45	7.854	0.3115	0.1273
1802	508.05	6.152	0.3106	0.1683
1803	560.92	5.532	0.3169	0.1318
1805	570.29	4.586	0.3104	0.2210
1806	564.25	4.522	0.3102	0.2197
1807	642.61	3.813	0.3092	0.3188
1808	706.55	2.904	0.3065	0.4414
1810	522.40	4.995	0.3108	0.1914
1811	687.13	4.775	0.3156	0.2023
1813	544.54	5.307	0.3100	0.2134
1814	577.18	4.661	0.3094	0.2518
1815	574.49	3.945	0.3096	0.2462
1818	573.91	4.618	0.3096	0.2368
1819	714.94	2.671	0.3049	0.4722
1820	512.51	6.303	0.3107	0.1714
1821	589.55	6.434	0.3108	0.1810
1824	659.49	4.418	0.3088	0.2839
1825	736.69	2.479	0.3041	0.5368
1826	739.11	3.076	0.3248	0.4329
1827	615.32	4.202	0.3099	0.2777
1828	620.36	5.877	0.3097	0.2080
1829	699.40	3.593	0.3076	0.3490
1839	667.21	3.451	0.3080	0.3575
1840	646.27	4.334	0.3100	0.2276
1842	719.13	5.694	0.3155	0.1661
1843	643.24	6.075	0.3101	0.1964
1844	738.30	7.105	0.2890	0.3232
1845	852.94	5.031	0.3070	0.3823
1851	516.56	5.941	0.2978	0.2620
1855	613.78	4.636	0.3096	0.2445
1856	730.28	4.915	0.3061	0.2988
1857	619.62	3.848	0.3079	0.3391
1860	572.37	5.278	0.3099	0.2211
1864	530.59	4.017	0.3075	0.3607
1876	696.06	6.118	0.2895	0.2263
1880	830.66	5.735	0.3051	0.4058
1889	705.87	6.900	0.3108	0.2390
1893	383.60	6.819	0.3145	0.0839
1894	459.79	6.072	0.3107	0.1846
1897	603.49	3.529	0.3039	0.5002
1904	333.96	9.630	0.3125	0.0884
1906	363.82	8.811	0.3146	0.0842
1907	419.56	8.239	0.3155	0.0643
1911	409.20	12.073	0.2776	0.2450
1921	649.05	22.500	0.2506	0.3383
1922	375.94	9.320	0.3165	0.0885
1925	576.23	5.749	0.3117	0.1472
1932	661.30	5.232	0.3128	0.1175
1935	457.04	5.066	0.3113	0.1611
1936	484.87	4.499	0.3107	0.1895
1937	514.78	4.063	0.3100	0.2239
1938	554.82	8.085	0.3142	0.0903
1940	322.99	4.089	0.3105	0.1957
1942	265.55	5.592	0.3068	0.3978
1950	554.18	5.958	0.3094	0.2165
1951	593.55	6.991	0.3129	0.1156
1961	456.79	4.952	0.3106	0.1923
1964	559.70	2.279	0.3057	0.4403
1965	526.04	2.171	0.3067	0.4025
1969	627.03	1.050	0.2949	0.7836
1971	561.59	3.716	0.3087	0.2602
1972	236.59	4.819	0.3130	0.1119
1980	427.05	4.299	0.3148	0.0764
1982	271.39	4.682	0.3169	0.0416
1983	293.42	4.240	0.3131	0.1093
1984	457.47	3.183	0.3101	0.2196
1987	372.34	5.730	0.3114	0.1571
1996	739.81	23.917	0.2988	0.3363
1997	664.60	27.025	0.2917	0.3105
2081	868.60	0.981	0.2774	1.2549
2082	854.87	0.750	0.2728	1.3765
2086	890.06	0.779	0.2708	1.4299
2095	626.50	2.669	0.3065	0.4086
2096	607.30	2.550	0.3057	0.4447
2097	614.94	2.599	0.3062	0.4227
2098	616.34	2.590	0.3060	0.4317
2099	616.18	2.579	0.3061	0.4264
2115	753.70	5.830	0.3273	0.3976
2181	685.68	4.410	0.3158	0.5934
2226	526.90	3.907	0.3092	0.2679
2240	535.67	3.336	0.3085	0.3112
2252	583.16	3.205	0.3083	0.3182
2259	805.29	2.061	0.3006	0.8061
2261	718.26	4.183	0.3163	0.5421
2281	819.03	5.169	0.2886	0.9600
2305	552.60	4.127	0.3073	0.3553
2321	532.36	3.388	0.3044	0.4776
2332	554.10	4.146	0.3077	0.3395
2337	564.93	3.570	0.3067	0.3865
2378	684.74	3.093	0.3009	0.6047
2384	597.64	3.443	0.3059	0.4333
2385	721.79	2.126	0.2979	0.6981
2386	711.92	3.078	0.3039	0.4984
2391	569.17	5.779	0.3083	0.3165
2414	562.85	3.719	0.3084	0.3131
2526	569.80	4.912	0.3089	0.2420
2593	754.81	4.808	0.3093	0.2588
2619	437.86	6.066	0.3070	0.2947
2627	435.38	4.218	0.3075	0.3421
2628	454.43	4.444	0.3073	0.3368
2629	385.60	3.477	0.3039	0.2874
2630	380.87	3.317	0.3065	0.3381
2631	419.98	3.941	0.3078	0.3468
2634	568.90	3.891	0.3063	0.3090
2637	615.32	7.488	0.3104	0.1958
2640	500.79	4.280	0.3084	0.2614
2647	473.46	4.257	0.3102	0.2086
2648	402.51	4.123	0.3088	0.2678
2649	484.61	4.676	0.3088	0.2056
2650	381.19	4.635	0.3030	0.3019
2651	363.11	3.272	0.3077	0.3548
2654	393.61	3.098	0.3079	0.3425
2655	492.78	3.813	0.3095	0.2525
2660	401.85	5.266	0.3103	0.2027
2686	433.68	4.698	0.3113	0.1609
2687	345.32	4.342	0.3116	0.1511
2691	387.91	4.570	0.3103	0.2068
2692	358.41	3.465	0.3099	0.2315
2693	296.67	3.310	0.3097	0.2384
2695	416.50	4.462	0.3054	0.2132
2706	602.61	3.806	0.3069	0.3847
2707	632.97	3.500	0.3067	0.3918
2708	679.28	3.884	0.3256	0.3420
2709	683.18	3.182	0.3277	0.4650
2710	702.51	3.031	0.3288	0.4956
2720	622.14	5.835	0.2954	0.2729
2729	617.01	5.841	0.3187	0.2002
2751	695.77	5.207	0.3090	0.2479
2784	823.53	5.980	0.3079	0.3312
2785	810.94	5.395	0.3086	0.2868
2793	495.50	6.090	0.2760	0.2896
2796	638.37	4.565	0.3081	0.3266
2797	661.79	5.552	0.3083	0.2609
2799	662.96	5.515	0.3078	0.2626
2812	559.52	8.062	0.3100	0.1440
2815	607.12	4.156	0.3087	0.2952
2816	594.45	3.523	0.3089	0.2887
2817	615.13	7.122	0.3104	0.1683
2844	615.00	5.432	0.3098	0.2365
2845	620.46	5.479	0.3098	0.2344
2851	811.16	12.420	0.2504	0.3726
2853	732.56	7.071	0.2709	0.6405
2855	649.22	6.156	0.3220	0.6375
2860	628.67	7.259	0.3284	0.3465
2862	676.23	4.298	0.3157	0.3104
2893	746.54	5.972	0.2968	0.4138
2894	764.44	6.524	0.3162	0.4010
2898	615.55	7.605	0.3149	0.4975
2990	567.17	1.606	0.3025	0.5543
2991	683.78	0.670	0.2844	1.0672
2994	622.40	2.764	0.3079	0.3400
2995	666.66	0.762	0.2872	0.9914
3292	648.56	2.963	0.2996	0.4878
3306	882.92	5.702	0.2969	0.3164
3309	784.62	1.477	0.2879	0.9737
3310	749.37	1.884	0.2954	0.7698
3311	770.33	1.670	0.2921	0.8601
3325	655.45	2.843	0.3029	0.5399
3605	360.61	3.846	0.3077	0.3114
3606	427.28	3.643	0.3074	0.3754
3608	367.89	3.383	0.3091	0.2819
3724	720.05	2.561	0.3043	0.5112
3728	772.31	1.937	0.3088	0.6855
3740	941.16	4.534	0.3076	0.3518
3802	628.90	2.970	0.3085	0.3120
3803	642.24	4.984	0.3092	0.2337
3811	666.57	4.236	0.3089	0.2832
3854	610.45	5.878	0.3232	0.3371
3859	703.03	3.664	0.3117	0.5168
3874	781.13	5.149	0.3055	0.3432
3925	604.00	4.380	0.3096	0.2481
3927	653.62	6.407	0.3088	0.2342
3931	691.57	0.782	0.2903	0.9093
3936	500.92	4.376	0.3102	0.1748
3937	538.27	4.025	0.3108	0.1692
3938	560.62	3.834	0.3092	0.2453
3951	411.15	8.998	0.3153	0.0671
3984	353.61	4.547	0.3137	0.0986
3985	402.82	4.030	0.3116	0.1528
3987	488.39	4.139	0.3109	0.1765
3988	506.25	3.599	0.3090	0.2489
3989	528.18	3.889	0.3091	0.2554
3991	618.04	1.218	0.2981	0.6920
3992	644.03	1.022	0.2947	0.7878
3994	567.63	3.667	0.3091	0.2602
3995	588.97	3.267	0.3058	0.4020
4863	699.54	4.104	0.3053	0.4548
4988	705.25	3.515	0.3074	0.3550
4989	708.67	3.489	0.3074	0.3569
4993	649.71	0.893	0.2918	0.8674
4994	599.11	1.268	0.2982	0.6874
5860	679.70	7.933	0.3242	0.3974
5866	616.57	5.794	0.3065	0.4091
5870	804.72	3.436	0.2644	0.6687
5875	714.55	4.039	0.2996	0.4300
5884	619.68	3.633	0.3037	0.5068
5887	673.49	4.192	0.3045	0.4390
7858	605.20	5.418	0.3068	0.3147
