     105 
       1 -0.00159
       2  0.02669
       3  0.03136
       4  0.00000
       5  0.03443
       7  0.03946
       8  0.00000
      11  0.05104
      12  0.00000
      17  0.04648
     201  0.00000
     202  0.04400
     901  0.01512
     905  0.00000
     908  0.00000
     909  0.04285
     914  0.00000
    1911  0.00100
   11921 -0.06635
    1921 -0.06635
    1922  0.00000
      27  0.04464
      46  0.04104
      56  0.04510
      63  0.02919
      64  0.05426
      65  0.04157
      66  0.02686
      67  0.01892
      68  0.02665
      69  0.04048
      70  0.08291
     137  0.07023
     155  0.01805
     501  0.07019
     502  0.03849
     504  0.03994
     507  0.01277
     820  0.01173
     509  0.02715
     516 -0.01384
     701  0.03297
     702 -0.01842
     703 -0.01639
     558  0.11487
     563  0.05955
    1051 -0.00888
    1052  0.00554
    1060  0.01681
    1053  0.03558
    1062  0.00984
    1063  0.02731
    1073  0.02002
    1101 -0.16816
    1921 -0.07670
    1080 -0.04106
    1102 -0.03374
    1103  0.21419
    1104  0.23264
    1105  0.33431
    1107  0.39045
    1106  0.37200
    1108  0.43099
    1109  0.36781
    1114 -0.00237
    1132  0.82940
    1136  0.80898
    1401  0.05717
    1407  0.16948
    1408  0.02300
    1411  0.04123
    1413  0.01622
    1405  0.05129
    1415 -0.01668
    1403  0.03751
    1760 -0.10299
    1772 -0.13991
    1252 -0.19724
    1876  0.18999
    2860 -0.42503
    1711  0.14326
    1719  0.06001
    1479  0.03961
    1791  0.06946
    1889 -0.03471
    3888  0.11367
    1864  0.02752
    1779 -0.00901
    1183  0.24705
    1938  0.01478
     234 -0.07603
     105  0.00068
     309  0.15889
     214 -0.02604
    1501  0.15827
     104  0.06415
    1003  0.11599
    1321  0.03682
    1314  0.05403
    1002 -0.08186
    1312  0.01971
    1402  0.04928
    1761  0.03324
    1181  0.02622