    3     3       44001   1.1716   2.6720  -3.8206   -2930.933   -7355.933   10093.490   -3906.525    -367024.5    2296274.5   -5969786.6    4018889.5   .0557580   148.    44.097    2    2  101    1  201  Propane.dat
    5     5      106978   1.3217   3.1754  -4.4685   -3254.435   -8080.394    5554.008    2142.357    -506820.1    2353985.8   -4910041.3    2191297.1   .0703850   170.    58.124    2    2  101    2  201  nButane.dat
    7     7       72001   1.3932   4.0262  -5.7129   -3374.063   -9903.652    5790.764    2658.453    -664434.5    2472950.7   -4276805.5    1000110.6   .0855420   211.    72.150    2    2  101    3  201  nPentane.dat
   11    11       86001   1.5100   5.1802  -7.1967   -3536.001  -11183.027    3959.071    5409.531    -803584.5    2426388.4   -3986756.1    1224379.8   .0999640   228.    86.177    2    2  101    4  201  nHexane.dat
   17    17      100001   1.6469   6.1734  -8.6466   -3692.927  -12238.374    1924.565    8146.781    -905815.8    2894144.2   -7985349.5    7172651.5   .1146470   311.   100.204    2    2  101    5  201  nHeptane.dat
   27    27      114001   1.7790   7.1153  -9.9077   -3829.521  -13220.849    -486.414   11409.042   -1078086.8    3655002.7  -11586647.8   10978888.0   .1293410   270.   114.231    2    2  101    6  201  nOctane.dat
   46    46      128001   2.1398   6.9397  -9.7671   -4395.660  -11802.869   -8167.826   18492.745   -1227845.7    3649350.0  -11388751.5   10111893.3   .1439840   283.   128.258    2    2  101    7  201  nNonane.dat
   56    56      142001   2.1651   8.5292 -11.7429   -4923.801  -10435.844  -15489.728   25060.090   -1468880.0    5815819.2  -20625870.7   19899046.5   .1586400   293.   142.285    2    2  101    8  201  nDecane.dat
   63    63      156001   2.3639   9.2895 -12.8470   -5500.329   -8846.796  -23267.890   31985.264   -1549943.8    5141289.6  -18359364.9   17613683.4   .1734780   304.   156.312    2    2  101    9  201  Undecane.dat
   64    64      170001   2.6297   9.7728 -13.3774   -6096.124   -7223.351  -31574.501   39559.310   -1912913.5    8413645.8  -30758582.9   30404354.1   .1877250   329.   170.339    2    2  101   10  201  nDodecane.dat
   65    65      184001   3.0050  10.3855 -13.5347   -7151.084   -1293.056  -56208.601   64411.143   -1881279.1    6950748.8  -26933368.7   28630773.8   .1995860   338.   184.366    2    2  101   11  201  Tridecane.dat
   66    66           0   3.2622  10.9795 -14.2923   -7834.396    1263.209  -67317.263   74612.111   -2562171.8   12772327.3  -48109839.9   52508640.6   .2138930   347.   198.393    2    2  101   12  201  Tetradecane.dat
   67    67           0   3.5725  10.9661 -14.0953   -8496.769    3477.159  -77076.986   83403.630   -2530921.3   12257231.8  -49610770.6   55748481.3   .2283080   372.   212.420    2    2  101   13  201  Pentadecane.dat
   68    68           0   3.7288  12.1207 -15.6098   -9116.734    5578.573  -87120.578   92815.418   -2610554.6   11573089.9  -49196736.1   56646396.5   .2426440   380.   226.446    2    2  101   14  201  Hexadecane.dat
   69    69           0   3.9153  12.8536 -16.4353   -9811.935    8173.528  -98183.884  102916.579   -3296939.2   19649933.1  -78955827.1   88372631.4   .2569930   386.   240.473    2    2  101   15  201  Heptadecane.dat
   70    70           0   4.0534  14.0828 -17.9413  -10504.468   10774.455 -109258.435  112910.976   -3434793.0   18952883.8  -76644699.2   86861625.9   .2712570   383.   254.500    2    2  101   16  201  nOctadecane.dat
   71    71           0   4.3525  14.3397 -18.2078  -11202.560   13357.327 -120379.241  123118.679   -3954091.6   25526732.1 -102317813.8  114383141.9   .2855270   405.   268.527    2    2  101   17  201  nNonadecane.dat
   73    73           0   4.4731  15.4241 -19.3517  -11886.324   15954.893 -131758.519  133711.928   -3856579.4   20987744.8  -83952201.5   93225402.9   .2998130   422.   282.554    2    2  101   18  201  Eicosane.dat
   74    74           0   4.8650  15.3387 -19.2885  -12600.631   18830.604 -143817.826  144799.776   -4387578.4   24996309.9  -98305871.8  109348122.7   .3141270   440.   296.581    2    2  101   19  201  nC21.dat
   75    75           0   4.9128  17.0061 -21.4303  -13283.280   21381.125 -154885.442  154980.706   -4475756.0   27057716.9 -113764495.7  131723709.5   .3284700   440.   310.608    2    2  101   20  201  nC22.dat
   76    76           0   5.1236  17.5352 -21.8503  -13950.325   23684.226 -165080.410  164193.141   -4654709.3   26653555.0 -110285466.6  126039921.0   .3427000   460.   324.635    2    2  101   21  201  nC23.dat
   77    77           0   5.3390  18.2893 -22.7241  -14617.879   25972.711 -175151.609  173261.314   -4827928.8   28630930.4 -121996933.4  142298253.8   .3569960   460.   338.662    2    2  101   22  201  nC24.dat
   78    78           0   5.5469  19.2365 -23.9756  -15320.118   28765.593 -187162.939  184444.697   -5462223.1   31858090.8 -125025368.8  138684817.8   .3712610   460.   352.688    2    2  101   23  201  nC25.dat
   79    79           0   5.6770  20.3522 -25.2902  -15975.256   31094.790 -197733.757  194242.536   -5871195.5   33625192.2 -125990365.1  134504826.7   .3854950   480.   366.715    2    2  101   24  201  nC26.dat
   80    80           0   5.9380  20.8428 -25.8218  -16680.794   33696.271 -208766.813  204267.759   -5965333.8   37298257.1 -149505457.9  166339141.2   .3997710   480.   380.742    2    2  101   25  201  nC27.dat
 2081  2081      638686   6.8163  24.1565 -27.6702  -18764.337   38703.397 -241429.530  237829.408   -7043236.3   44822824.0 -177890689.7  199270580.7   .4340090   513.   422.823    2    2  101   28  201  triacontane.dat
   23    23           0   1.6004   4.7814  -6.2752   -3602.659   -9451.770   -4331.056   12975.503    -900223.1    3525925.2   -9176424.0    7615461.2   .1181970   250.   100.205    3    4  102    1  201    2  301  24-dimethylpentane.da
   34    34      589435   1.6681   5.8108  -7.6028   -3738.598   -9956.239   -8006.395   16680.242    -988150.5    3389150.2  -11053377.2   11941206.8   .1327700   267.   114.232    4    1  101    3  102    2  201    2  301  24-dimethylhexane.dat
   35    35           0   1.7453   5.8833  -7.8478   -3759.855  -10256.048   -6849.371   16044.629    -937594.3    3179698.5  -10408912.4   11193013.6   .1329230   248.   114.232    3    4  102    2  201    2  301  25-dimethylhexane.dat
 2097  2097           0   2.1203   7.0675  -9.4257   -3957.643  -11747.316  -13241.091   23539.688   -1080289.8    2269733.3   -8817531.5    8602206.4   .1615740   271.   142.285    4    1  101    3  102    4  201    2  301  25-dimethyloctane.dat
  176   176     1072055   1.8957   7.0343  -9.4410   -3920.858  -11097.296   -9641.388   19675.046   -1089456.6    4006907.5  -15467574.3   17606687.0   .1471970   261.   128.259    3    4  102    3  201    2  301  26-dimethylheptane.da
   18    18           0   1.8925   4.3808  -5.8175   -3818.210   -9094.988   -7552.557   17334.692    -879821.6    3366934.5  -10793462.5   12017438.4   .1158410   251.   100.205    4    1  101    2  102    3  201    1  301  2-methylhexane.dat
    8     8           0   1.3747   3.5179  -4.7696   -3355.121   -8425.646    2039.720    5908.511    -591962.3    2485716.1   -5774020.3    3506882.9   .0872330   207.    72.151    4    1  101    2  102    1  201    1  301  2-methylbutane.dat
   28    28           0   1.8792   6.1563  -8.3796   -3865.166  -11173.366   -5864.103   16025.727    -950731.3    2112837.4   -5747617.3    5709901.2   .1304640   257.   114.231    4    1  101    2  102    4  201    1  301  2-methylheptane.dat
   86    86           0   2.3995   7.0656  -9.2750   -5017.191   -8006.358  -23351.501   32882.058   -1314276.5    4251524.7  -15298410.8   15758117.5   .1587450   288.   142.285    4    1  101    2  102    6  201    1  301  2-methylnonane.dat
   91    91           0   2.0152   7.2262  -9.6926   -4031.411  -12080.924   -8870.496   20139.821   -1135005.5    3927275.1  -14371766.0   14648075.2   .1445720   262.   128.258    4    1  101    2  102    5  201    1  301  2-methyloctane.dat
   12    12           0   1.5153   4.4509  -5.9264   -3522.163   -9585.086      13.761    8719.682    -732745.2    2215744.9   -3090031.3    -200248.3   .1014900   224.    86.178    4    1  101    2  102    2  201    1  301  2-methylpentane.dat
   94    94    15869804   2.1563   5.9079  -7.2875   -4083.688  -10353.225  -15328.624   25777.035   -1337288.4    6436275.0  -24631706.4   29097962.3   .1433700   305.   128.258    3    3  101    5  201    1  301  C7_3Et.dat
   20    20      617787   1.7209   4.8132  -6.0140   -3696.082   -9385.551   -6738.784   15559.764    -954542.2    4426964.2  -14246236.0   14912076.0   .1163730   300.   100.205    3    3  101    3  201    1  301  3ethylpentane.dat
   29    29           0   1.8277   6.0243  -7.9715   -3855.329  -11019.063   -6552.394   16232.165   -1060022.6    3418993.0  -10053842.9   10005577.5   .1302880   271.   114.231    4    2  101    1  102    4  201    1  301  3-methylheptane.dat
   19    19           0   1.6857   4.8493  -6.3891   -3711.786  -10010.115   -4184.184   13068.585    -856020.8    2573237.8   -6647428.6    5869768.5   .1160700   265.   100.205    4    2  101    1  102    3  201    1  301  3-methylhexane.dat
   85    85           0   2.3650   6.8591  -9.1164   -4560.665  -10351.187  -17910.427   28161.952   -1382235.3    5661430.7  -23307196.6   25929469.2   .1589240   295.   142.285    4    2  101    1  102    6  201    1  301  3-methylnonane.dat
   92    92           0   2.0420   6.7866  -9.0522   -3966.252  -11985.923   -9449.402   20213.023   -1158080.2    4308403.6  -17989523.2   21104566.9   .1446360   284.   128.258    4    2  101    1  102    5  201    1  301  3-methyloctane.dat
   13    13           0   1.4571   4.5763  -5.9117   -3543.771   -9478.555    -804.832    9314.093    -860613.9    3596933.6   -8370713.3    5910081.4   .1013800   243.    86.178    4    2  101    1  102    2  201    1  301  3-methylpentane.dat
   30    30           0   1.8832   5.6296  -7.3897   -3851.258  -10862.726   -7071.015   16682.007   -1114713.4    4178121.4  -12967169.9   13094979.0   .1300780   265.   114.231    4    2  101    1  102    4  201    1  301  4-methylheptane.dat
   87    87           0   2.1893   7.9004 -10.4788   -4559.037   -9896.161  -18983.497   28842.715   -1438666.2    5928059.7  -22979215.2   25071993.9   .1587780   288.   142.285    4    2  101    1  102    6  201    1  301  4-methylnonane.dat
   93    93           0   2.0814   6.3849  -8.4793   -4005.617  -11478.623  -10414.467   20663.264   -1333763.3    5287684.7  -17243854.4   17056774.0   .1445130   278.   128.258    4    2  101    1  102    5  201    1  301  4-methyloctane.dat
   88    88           0   2.3724   7.0155  -9.5436   -4567.401   -9832.994  -18941.970   28602.050   -1441554.3    5207814.6  -17324809.8   16654291.1   .1588770   288.   142.285    4    2  101    1  102    6  201    1  301  5-methylnonane.dat
   15    15       79298   1.3593   4.1483  -5.3673   -3454.218   -8505.873   -1922.588    9809.893    -643159.9    1574209.7   -1354983.2   -1898309.6   .1037280   225.    86.178    2    4  102    2  302  23-dimethylbutane.dat
   22    22      565593   1.4055   5.2568  -6.6545   -3630.005   -9129.305   -5362.801   13316.341    -767601.4    2248121.9   -6152363.2    5624269.8   .1178570   242.   100.205    4    1  101    3  102    1  201    2  302  23-dimethylpentane.da
   33    33      584941   1.6222   5.7908  -7.4381   -3736.836  -10088.391   -7667.454   16303.145    -935004.0    2291758.9   -6000819.9    5708956.3   .1322470   266.   114.232    4    1  101    3  102    2  201    2  302  23-dimethylhexane.dat
 2095  2095     7146603   2.0438   7.3087  -9.7040   -4026.868  -11538.225  -13567.126   23611.902   -1242927.2    3865013.8  -15422800.4   16495784.3   .1611280   276.   142.285    4    1  101    3  102    4  201    2  302  23-dimethyloctane.dat
  204   204         204   1.3371   3.0432  -4.3485   -3216.073   -7709.075    5666.753    1925.857    -488997.0    2620003.2   -6303327.8    3775493.0   .0663260   255.    56.108    4    1  101    1  201    1  701    1  801  1C4ene.dat
  209   209         209   1.5255   3.5735  -5.0151   -3478.562   -9114.790    3968.776    5134.827    -695536.9    3404591.1   -7664613.9    4127231.6   .0809140   266.    70.135    5    1  101    1  201    1  204    1  701    1  801  1C5ene.dat
  216   216         216   1.6188   4.6094  -6.3769   -3653.869  -10227.131    1568.300    8297.456    -816497.0    3393256.5   -8104988.9    5627376.3   .0954260   213.    84.162    5    1  101    2  201    1  204    1  701    1  801  1C6ene.dat
  234   234         234   1.8081   5.2659  -7.3184   -3850.674  -10862.493   -1997.828   12490.982    -952394.7    4008898.3  -12303900.2   12128557.2   .1099300   268.    98.189    5    1  101    3  201    1  204    1  701    1  801  1C7ene.dat
  250   250         250   1.9926   6.0676  -8.4789   -3975.368  -11920.538   -4450.237   15843.611   -1123640.2    4803622.1  -16024207.5   16079090.9   .1244150   274.   112.216    5    1  101    4  201    1  204    1  701    1  801  1C8ene.dat
  205   205           0   1.4983   3.1359  -4.6691   -3206.917   -8003.253    3759.255    3942.643    -550488.3    2897067.7   -7544696.8    5987103.6   .0676410   220.    56.108    2    2  122    2  801  2C4eneCs.dat
  217   217         217   1.7048   4.6591  -6.5552   -3683.089  -10269.275     461.678    9480.070    -856845.8    3803933.3  -10116119.6    8206284.8   .0966510   247.    84.162    5    1  101    1  122    1  201    1  204    2  801  2C6eneCs.dat
  235   235         235   1.8715   5.4466  -7.6367   -3845.903  -11072.523   -2868.790   13591.948    -947462.4    3183062.8   -8638280.4    7487152.7   .1111230   269.    98.189    5    1  101    1  122    2  201    1  204    2  801  2C7eneCs.dat
  276   276         276   2.0888   6.0087  -8.4413   -3996.161  -11912.428   -5941.498   17524.785   -1215806.8    5178148.5  -16013904.4   14254971.1   .1255340   356.   112.216    5    1  101    1  122    3  201    1  204    2  801  2C8eneCs.dat
  206   206         206   1.5330   2.9294  -4.4164   -3199.992   -8093.890    4138.103    3519.683    -552431.6    2648246.1   -6245191.6    4441277.8   .0676730   193.    56.108    2    2  122    2  801  2C4eneTr.dat
  218   218         218   1.6986   4.6697  -6.5404   -3674.926  -10311.354     507.508    9471.662    -807337.7    3187240.4   -8319396.0    6716657.4   .0966270   248.    84.162    5    1  101    1  122    1  201    1  204    2  801  2C6eneTr.dat
  236   236         236   1.8096   5.7700  -8.0402   -3811.347  -10906.003   -3410.483   13772.943   -1043869.3    4686706.5  -15077488.8   15343934.7   .1110950   269.    98.189    4    1  101    1  122    3  201    2  801  2C7eneTr.dat
  251   251         251   2.0774   6.0237  -8.4283   -4028.960  -11634.592   -6593.440   18010.787   -1109687.2    3668261.8  -10861421.1    9258031.1   .1255820   288.   112.216    5    1  101    1  122    3  201    1  204    2  801  2C8eneTr.dat
  303   303         303   1.5816   2.5070  -3.8647   -3245.160   -8865.566    8787.395   -1522.605    -526404.3    2605618.7   -5867771.2    3768736.0   .0610270   205.    54.092    2    2  701    2  802  Butadiene.dat
  305   305         305   1.5513   3.4485  -4.8735   -3470.441   -8506.149    -394.336    8284.931    -716519.0    3313551.0   -9742328.4    9800630.3   .0779110   226.    68.119    4    1  122    1  701    1  801    2  802  13C5dieneCs.dat
  306   306           5   1.5269   3.5563  -5.0347   -3447.580   -8642.820     -52.674    8017.879    -711852.3    2922148.9   -7449593.3    6682517.6   .0779690   226.    68.119    4    1  122    1  701    1  801    2  802  13C5dieneTr.dat
  501   501       71432   1.3628   2.8002   -.8613   -4184.042   -7658.974   -6625.849   16535.491    -886049.4    2908113.0   -3663554.6   -2007980.9   .0732870   279.    78.115    1    6  501  Benzene.dat
  502   502      108883   1.4604   3.2809  -4.2384   -4211.447   -8755.971   -7437.225   17171.682   -1127580.1    5339468.3  -17256270.2   16601416.7   .0921510   281.    92.142    3    1  104    5  501    1  601  Toluene.dat
  507   507         507   1.6436   4.2533  -5.5927   -4292.043  -11145.402   -5610.460   16206.725   -1268009.6    4922575.3  -15726743.3   14492116.5   .1092050   308.   106.169    3    2  104    4  501    2  601  XylenePara.dat
  506   506         106   2.0023   4.6684  -3.8844   -4416.937  -10992.937  -10968.044   23892.101   -1277809.4    5371237.9  -15549935.5   14465941.5   .1046180   309.   106.169    3    2  104    4  501    2  601  XyleneMeta.dat
  516   516      108678   1.9587   5.2486  -6.8085   -4370.694  -11616.134  -11507.645   23952.621   -1439375.2    6111526.7  -22031913.5   23942455.9   .1248510   351.   120.196    3    3  104    3  501    3  601  Benzene135TriMe.dat
  504   504      100414   1.8488   4.0901  -3.8336   -4389.769  -10054.884  -11593.111   23386.791   -1164850.3    3426017.0   -8235324.9    7175268.8   .1022810   309.   106.168    4    1  101    1  208    5  501    1  601  BenzeneEt.dat
  509   509         509   1.7433   4.3740  -5.7201   -4393.017   -9267.889  -15465.138   25299.648   -1387200.1    6387684.3  -26953282.3   33360865.4   .1210100   319.   120.195    5    1  101    1  201    1  208    5  501    1  601  BenzeneNPropyl.dat
  518   518      104518   2.2260   5.9491  -5.8747   -4734.113  -10970.182  -21540.171   35253.002   -1621703.9    6672726.4  -24406846.2   27181883.0   .1288980   330.   134.222    5    1  101    2  201    1  208    5  501    1  601  BenzeneNButyl.dat
  701   701           0   1.8417   3.5083  -2.7318   -5138.374   -9880.404  -23516.185   34961.363   -1843749.9    7035595.2  -29548975.9   39729998.2   .1122500   393.   128.175    2    8  501    2  605  Naphthalene.dat
  804   804      120127   1.9748   4.1929  -5.6860   -5556.992  -10624.495  -33978.538   41809.921   -2857729.6   12746221.3  -77416195.2  106339590.1   .1604620   489.   178.236    2   10  501    4  605  Anthracene.dat
  805   805       85018   1.8112   4.5908  -6.1618   -5422.843   -9761.174  -35429.510   42482.615   -2892289.1   15614481.7  -93576217.8  128606453.2   .1603440   403.   178.236    2   10  501    4  605  Phenanthrene.dat
  137   137      110827    .9783   3.1733  -4.6139   -3759.057   -7091.276   -4642.622   12055.125    -833887.0    3584006.7   -9820938.5    7405400.6   .0896240   280.    84.161    1    6  209  cyHex.dat
  138   138           0   1.1862   3.3318  -4.7073   -3815.721   -7601.001   -7000.465   14259.483    -877605.9    2843493.2   -7540047.7    5818972.1   .1069890   286.    98.189    3    1  102    5  209    1  306  CyHexMe.dat
  140   140           0   1.4373   3.9738  -5.4972   -4052.726   -9014.740   -8873.162   17484.317   -1092937.7    3400498.9  -10021200.1    9374195.4   .1218180   305.   112.215    4    1  101    5  209    1  219    1  306  CyHexEt.dat
  149   149           0   1.5980   5.1790  -6.9257   -4165.228  -10419.177  -10516.183   20053.853   -1281008.9    5117165.7  -19014247.8   21296406.3   .1352940   320.   126.242    5    1  101    1  201    5  209    1  219    1  306  CyHexNPro.dat
  152   152         152   1.9537   4.7921  -6.5348   -4381.276   -9706.954  -17701.630   27667.797   -1517162.3    7067342.5  -29587485.5   35031988.1   .1505780   334.   140.269    5    1  101    2  201    5  209    1  219    1  306  CyHexNBut.dat
  145   145           0   1.4059   3.5078  -4.8780   -3882.896   -7903.424   -9807.951   16883.177    -963592.7    3702034.8  -14542441.7   17074046.1   .1242890   299.   112.216    3    2  102    4  209    2  306  CyHex13tDiMe.dat
  147   147           0   1.3282   3.8899  -5.3037   -3890.419   -8123.169   -9189.562   16291.239   -1080282.3    4907978.2  -17994197.1   19882955.1   .1242650   295.   112.216    3    2  102    4  209    2  306  CyHex14tDiMe.dat
 1313  1313      141786   1.8545   4.4427  -5.7804   -3673.261   -8626.867   -6966.632   13595.167    -916057.5    3762213.9  -13550514.0   12054146.9   .0802820   262.    88.107    6    1  101    1  109    1  201    1  904    1 1502    1 1602  EthylAceta
 1314  1314      109604   1.9636   5.2165  -7.0202   -3806.089   -9534.390   -8989.222   16433.108   -1118687.4    6398405.0  -26813368.2   27952259.7   .0952930   275.   102.134    6    1  101    1  109    2  201    1  904    1 1502    1 1602  N-PropylAc
 1357  1357      628637   2.1673   6.5380  -8.8839   -4141.219  -10271.993  -16367.559   24731.841   -1361050.3    6372983.6  -24832584.6   17101164.0   .1241280   269.   130.187    6    1  101    1  109    4  201    1  904    1 1502    1 1602  N-PentylAc
 1363  1363      142927   2.4689   7.6898 -10.0497   -4242.438  -12125.067  -17652.081   27916.430   -1281192.0    3681031.8  -14915092.4    5270881.1   .1383500   294.   144.214    6    1  101    1  109    5  201    1  904    1 1502    1 1602  N-HexylAce
 1367  1367      112061   2.7322   8.0465 -10.5122   -4484.774  -11996.136  -22928.229   33504.794   -1383631.2    2827751.1  -10376641.4   -4509441.4   .1527650   303.   158.241    6    1  101    1  109    6  201    1  904    1 1502    1 1602  N-HeptylAc
 1368  1368      112141   2.9105   8.3493 -11.0053   -4575.387  -12907.133  -25318.428   36667.670   -1764982.2    6457937.8  -23428673.1    4235676.7   .1673280   293.   172.268    6    1  101    1  109    7  201    1  904    1 1502    1 1602  n-OctylAce
 8686  8686      143135   3.1737   8.8928 -11.4331   -4732.529  -13549.789  -29272.370   41514.273   -1910716.3    7552803.6  -29509469.5    7194840.4   .1811000   314.   186.295    6    1  101    1  109    8  201    1  904    1 1502    1 1602  N-NonylAce
 1103  1103        1103   1.3125   3.1342  -4.5276   -3372.890   -7768.969    2535.296    4469.977    -595300.4    3128130.2   -9360485.7    7710796.9   .0611510   255.    60.096    4    1  101    1  201    1  203    1 1403  nPropanol.dat
 1105  1105        1105   1.4979   3.6584  -5.2037   -3567.236   -8863.441     176.632    7713.079    -764663.6    3569222.7  -10690781.6    9258742.5   .0759350   254.    74.123    4    1  101    2  201    1  203    1 1403  nButanol.dat
 1109  1109        1109   1.5668   4.5560  -6.1682   -3780.483   -9377.198   -3954.137   12494.376    -938185.9    4387738.5  -14733817.4   14379714.7   .0901720   278.    88.150    4    1  101    3  201    1  203    1 1403  nPentanol.dat
 1114  1114        1114   1.7966   5.2991  -7.2962   -3931.671  -10352.783   -6356.709   15704.073   -1065899.8    4580097.2  -15597853.4   14847437.1   .1050280   290.   102.177    4    1  101    4  201    1  203    1 1403  nHexanol.dat
 1125  1125        1125   1.9289   6.2018  -8.4966   -4120.827  -10909.583  -10008.446   19921.550   -1327668.7    5867326.9  -20523681.3   19423255.7   .1191820   300.   116.204    4    1  101    5  201    1  203    1 1403  1-heptanol.dat
 1132  1132        1232   2.1552   6.6643  -9.0890   -4555.679  -10064.064  -16599.255   26235.109   -1375730.3    5104251.7  -17697047.4   15468593.7   .1336710   294.   130.231    4    1  101    6  201    1  203    1 1403  nOctanol.dat
 1134  1134        1134   2.3318   7.4290  -9.9556   -5079.987   -8438.673  -25633.986   34966.948   -1563168.3    6433615.5  -24476539.6   24197186.5   .1481330   301.   144.257    4    1  101    7  201    1  203    1 1403  1-nonanol.dat
 1136  1136        1136   2.5006   8.4579 -11.3290   -5541.333   -7679.928  -31693.939   40677.173   -1765984.2    8341978.8  -35082458.3   37988185.2   .1625650   308.   158.284    4    1  101    8  201    1  203    1 1403  1-decanol.dat
 1104  1104           0   1.1849   2.8103  -4.3254   -3438.026   -8036.704    4125.731    2739.899    -616338.3    2613299.8   -6188982.1    -294295.8   .0651150   275.    60.096    3    2  113    1  303    1 1404  2olC3.dat
 1107  1107        1107   1.3261   3.6205  -5.1674   -3512.764   -8745.086    1109.220    6235.588    -783715.7    3577392.7  -10109973.4    5049820.4   .0795050   270.    74.123    5    1  101    1  102    1  201    1  303    1 1404  2olC4.dat
 1110  1110           0   1.5213   4.6516  -6.3166   -3795.352  -10186.329    -803.017    9313.431    -908346.5    3375414.0   -9292328.5    4265076.1   .0932110   280.    88.150    5    1  101    1  113    2  201    1  303    1 1404  2olC5.dat
 1115  1115           0   1.7616   4.9973  -6.9725   -3949.192  -10871.846   -4215.385   13475.896   -1145885.3    4889891.7  -16312176.8   13287992.5   .1080780   315.   102.177    5    1  101    1  113    3  201    1  303    1 1404  2olC6.dat
 1126  1126           0   1.9279   6.0846  -8.1808   -4122.179  -12008.250   -6729.009   17060.219   -1353678.1    5631301.0  -17902119.8   13279730.6   .1218050   300.   116.204    5    1  101    1  113    4  201    1  303    1 1404  2olC7.dat
 1133  1133           0   2.1001   6.6912  -9.3104   -4256.924  -12498.226   -9948.193   20731.547   -1238036.0    2911358.0  -10324082.0    4920928.4   .1371840   320.   130.231    5    1  101    1  113    5  201    1  303    1 1404  2olC8.dat
 1135  1135           0   2.4961   7.0850  -9.2208   -4508.277  -13074.596  -15468.840   27859.176   -1346156.0    2169306.5   -5358961.6   -4699828.3   .1497330   325.   144.258    5    1  101    1  113    6  201    1  303    1 1404  2olC9.dat
 1120  1120           0   1.5802   4.4016  -5.7314   -3752.944   -9817.111   -1886.389   10198.278    -885564.4    3212860.0   -9329669.2    5214690.3   .0927780   245.    88.150    4    2  101    2  201    1  303    1 1404  3olC5.dat
 1116  1116           0   1.7483   4.9424  -6.6167   -3919.361  -10433.395   -4853.074   13616.962   -1161692.0    5590425.4  -19735488.4   18038867.5   .1076620   293.   102.177    4    2  101    3  201    1  303    1 1404  3olC6.dat
 1127  1127           0   1.9390   5.9470  -7.7964   -4055.910  -11760.163   -6972.128   16953.426   -1299417.3    5653636.2  -19698200.3   17275263.6   .1214190   303.   116.204    4    2  101    4  201    1  303    1 1404  3olC7.dat
 1005  1005           0   1.5077   3.6519  -5.1545   -3901.116   -9604.583     781.494    8306.435    -837102.6    3726290.0  -10473842.0    8838965.6   .0770930   331.    72.107    5    1  101    1  201    1  217    1  805    1 1606  AldehydeNC04.dat
 1007  1007           0   1.6639   4.5161  -6.2360   -4009.004  -10758.730   -1435.095   11448.671   -1035042.1    5119891.1  -17014333.5   17116839.4   .0918180   307.    86.134    5    1  101    2  201    1  217    1  805    1 1606  AldehydeNC05.dat
 1009  1009           0   1.7923   5.4170  -7.5096   -4178.636  -11543.255   -4705.416   15399.033   -1231228.2    5595802.0  -19161847.7   19292116.5   .1060240   351.   100.161    5    1  101    3  201    1  217    1  805    1 1606  AldehydeNC06.dat
 1010  1010           0   2.2162   6.7705  -9.1881   -4869.613  -10650.292  -16828.253   27962.998   -1507531.9    6297029.4  -22564235.1   21287047.5   .1352580   295.   128.215    5    1  101    5  201    1  217    1  805    1 1606  AldehydeNC08.dat
 1011  1011      142001   2.4770   7.5745 -10.0956   -4608.281  -14171.402  -13927.007   27441.933   -1488473.2    5024455.0  -19634271.5   14012490.6   .1488760   300.   142.242    5    1  101    6  201    1  217    1  805    1 1606  1-nonanal.dat
 1021  1021      170001   2.8625   9.2343 -12.0674   -4815.010  -16247.601  -19111.005   34581.709   -1740353.7    4564516.5  -15074496.1   -2014152.3   .1774330   327.   170.296    5    1  101    8  201    1  217    1  805    1 1606  1-undecanal.dat
 1025  1025      184001   3.0370   9.8500 -12.9883   -4903.444  -16882.549  -22175.021   38158.549   -2017897.7    6436855.7  -19850243.8   -4595437.5   .1925910   400.   184.322    5    1  101    9  201    1  217    1  805    1 1606  1-dodecanal.dat
 1026  1026      198001   3.3441  10.5187 -13.6094   -5096.645  -17460.533  -26768.055   43897.022   -2194553.3    5590069.0  -14893823.9  -15370111.3   .2058580   440.   198.349    5    1  101   10  201    1  217    1  805    1 1606  1-tridecanal.dat
  402   402         402   1.2435   1.9142  -3.0789   -2891.364   -5890.394     816.149    4270.831    -459575.6    2321998.2   -6430257.9    5198600.6   .0484030   200.    40.065    3    1  107    1 1101    1 1201  1Propyne.dat
  403   403         403   1.3091   3.1259  -4.6646   -3115.343   -7230.326     751.866    5664.104    -602053.8    3172693.8   -9540029.8    7995718.2   .0628230   211.    54.092    4    1  101    1  207    1 1101    1 1201  1C4yne.dat
  405   405         405   1.5060   3.6195  -5.2435   -3362.580   -7522.108   -3816.013   10880.972    -721867.3    3417485.3  -11342586.6   10912886.1   .0775120   240.    68.119    5    1  101    1  201    1  207    1 1101    1 1201  1C5yne.dat
  413   413         413   1.6625   4.4216  -6.2637   -3548.772   -8325.073   -6661.854   14352.720    -853215.9    3687370.3  -13344172.4   13912054.3   .0920260   250.    82.146    5    1  101    2  201    1  207    1 1101    1 1201  1C6yne.dat
  412   412         412   1.7964   3.3884  -5.2607   -3655.791   -9508.850     734.525    7824.693    -811024.9    4039137.5  -12844835.5   13090743.8   .0814060   240.    68.119    4    1  101    1  107    1  207    2 1201  2C5yne.dat
  407   407         407   1.9948   3.9732  -5.9302   -3831.752  -10018.645   -3424.461   12710.675    -998628.4    4783577.3  -15646740.4   16103178.5   .0960590   275.    82.146    5    1  101    1  107    1  201    1  207    2 1201  2C6yne.dat
  406   406         406   2.0385   4.1055  -6.1554   -3913.183  -10580.791    -995.013   11422.535    -994934.7    5185899.9  -16436340.7   16261006.5   .0960950   245.    82.146    3    2  101    2  207    2 1201  3C6yne.dat
 2853  2853        2853   1.2896   3.0652  -4.2754   -5618.247  -14082.930   11302.474    1217.373   -1516118.8    6886194.9  -14678979.9     530083.7   .0527350   361.    59.068    4    1  116    1  905    1 1605    1 1903  AmideNC2.dat
 8610  8610        2854   1.4301   3.6289  -4.8781   -5139.714  -13259.921    2933.507    8859.499   -1643165.0    7606511.5  -20966963.5   12096040.7   .0669810   364.    73.095    5    1  101    1  201    1  905    1 1605    1 1903  AmideNC3.dat
 8611  8611        8610   1.5493   4.3690  -5.8715   -5167.421  -13326.204   -2211.745   14434.689   -1746514.5    7612135.4  -23979291.6   17918370.8   .0817650   398.    87.122    6    1  101    1  201    1  218    1  905    1 1605    1 1903  AmideNC4.d
 8612  8612        8612   1.7503   5.1757  -6.9155   -5157.160  -14349.306   -4681.676   17570.620   -1917526.0    8836453.6  -30627535.0   25545580.9   .0962940   379.   101.149    6    1  101    2  201    1  218    1  905    1 1605    1 1903  AmideNC5.d
 8613  8613        8613   1.9284   6.0434  -8.0005   -5229.970  -15060.427   -8449.915   22223.387   -2134960.7    9799524.2  -34128229.6   27078083.5   .1105510   374.   115.176    6    1  101    3  201    1  218    1  905    1 1605    1 1903  AmideNC6.d
 8614  8614        8614   2.0762   6.9288  -9.1650   -5331.468  -15355.397  -13100.944   27553.064   -2185593.3    8860578.5  -31076055.2   20086564.1   .1251050   370.   129.203    6    1  101    4  201    1  218    1  905    1 1605    1 1903  AmideNC7.d
 2719  2719        2716   2.1045   8.2387 -10.6053   -3923.494  -11069.545  -17648.041   25992.975   -1315799.2    5243065.1  -25178780.0   30768946.0   .1556260   430.   143.273    4    3  101    3  201    3  211    1 2101  AmineTriC3.DAT
 2716  2716        2719   2.5315  11.2464 -14.4863   -5626.260   -4548.189  -46627.685   52785.462   -1646481.9    6777529.5  -35422881.0   39077110.3   .1988960   487.   185.354    4    3  101    6  201    3  211    1 2101  AmineTriC4.dat
 1710  1710        1710   1.5102   4.0897  -5.5774   -3569.461   -9038.010     -44.284    7826.838    -792064.8    3587068.6  -10233859.1    9396186.4   .0809020   248.    73.138    3    2  101    2  211    1 2001  diC2amine.dat
 1707  1707      142847   1.9112   5.4605  -7.6675   -3874.929  -10896.507   -4869.902   14237.331   -1062795.0    4702392.9  -17948019.4   20370515.5   .1099510   248.   101.192    4    2  101    2  201    2  211    1 2001  diC3amine.dat
 1744  1744      111922   2.2885   6.8804  -9.3833   -4639.645   -9739.682  -17402.745   27205.019   -1401628.0    6478577.2  -26975436.5   29501427.4   .1388530   271.   129.246    4    2  101    4  201    2  211    1 2001  diC4amine.dat
 1704  1704       75047   1.1391   2.5133  -3.5560   -3416.456   -7927.581    8771.148   -1611.420    -494821.8    2760937.4   -6803517.5    3782584.6   .0485990   210.    45.084    3    1  101    1  211    1 1901  AmineNC02.dat
 1711  1711      107108   1.2856   3.2389  -4.4167   -3644.986   -8934.170    5237.822    3248.020    -657078.5    3121020.6   -7233296.6    3942866.8   .0630900   224.    59.111    4    1  101    1  201    1  211    1 1901  AmineNC3.dat
 1712  1712       73001   1.4633   3.8010  -5.2093   -3809.948  -10028.909    2871.497    6376.635    -849425.4    3721031.5   -8916405.8    5814349.7   .0778030   239.    73.138    4    1  101    2  201    1  211    1 1901  AmineNC4.dat
 1713  1713       87001   1.6193   4.6726  -6.2456   -4000.418  -10790.269    -832.802   11026.842   -1002391.9    4137341.2  -11240442.9    9557788.9   .0921020   250.    87.165    4    1  101    3  201    1  211    1 1901  AmineNC5.dat
 2706  2706      111262   1.7878   5.5672  -7.4908   -4127.748  -11937.659   -2965.394   13972.261   -1159091.5    4754080.7  -14381130.2   13277508.9   .1065350   263.   101.192    4    1  101    4  201    1  211    1 1901  AmineNC6.dat
 2707  2707      111682   1.9581   6.4249  -8.6356   -4267.573  -12878.098   -5724.013   17582.015   -1286053.0    5000989.5  -16844641.4   16036536.1   .1208610   273.   115.219    4    1  101    5  201    1  211    1 1901  AmineNC7.dat
 2708  2708      111864   2.1868   7.1022  -9.6450   -4811.220  -11331.338  -14029.426   25315.010   -1421793.8    5201415.7  -17808854.7   16585386.3   .1354460   282.   129.246    4    1  101    6  201    1  211    1 1901  AmineNC8.dat
 2709  2709      112209   2.3563   7.7326 -10.2656   -5404.109   -9088.514  -24565.249   35172.627   -1605602.1    5828979.6  -20271648.4   19281119.4   .1500550   292.   143.273    4    1  101    7  201    1  211    1 1901  AmineNC9.dat
 1792  1792           0   1.1806   3.3773  -4.7394   -4630.174   -8472.031  -12867.045   21170.737   -1537180.7    6065269.7  -19769518.2   16558577.1   .0855340   339.    93.129    3    5  501    1  604    1 1902  Aniline_1792.dat
 1737  1737           0   1.5251   3.9840  -5.2845   -4764.160   -9349.112  -16442.459   26120.407   -1772029.1    7588680.0  -28351176.7   28194677.0   .1013580   360.   107.156    5    1  104    4  501    1  601    1  604    1 1902  AnilineMMe_1737.dat
 1736  1736           0   1.4618   3.9207  -5.1042   -4664.522   -9315.622  -16159.258   24813.518   -1604930.8    5810806.5  -23237933.0   24234650.5   .1013830   355.   107.156    5    1  104    4  501    1  601    1  604    1 1902  AnilineOMe_1736.dat
 1738  1738           0   1.5693   3.7535  -4.9887   -4750.445  -10062.721  -14547.078   24564.146   -1709897.7    6579467.4  -23785518.4   22435318.9   .1013500   350.   107.156    5    1  104    4  501    1  601    1  604    1 1902  AnilinePMe_1738.dat
 2750  2750           0   1.3908   3.7617  -5.0607   -5197.826   -9849.582  -21130.238   29647.168   -2146758.4    8346453.6  -34177939.1   32324334.8   .0936010   442.   108.144    3    4  501    2  604    2 1902  DiaminePPh_2750.dat
 4727  4727           0   1.5260   4.6008  -5.7493   -5017.459   -9664.421  -26047.862   33221.737   -2144403.4    6511693.2  -31933215.2   33078807.6   .1094820   424.   122.171    5    1  104    3  501    1  601    2  604    2 1902  Diamine26Toulene_472
 1732  1732           0   1.5862   4.7456  -6.0109   -5118.399  -10418.520  -24571.514   33132.544   -2412085.7   10830814.0  -48863666.0   50637157.9   .1094600   424.   122.171    5    1  104    3  501    1  601    2  604    2 1902  Diamine24Toluene_173
 1502  1502        1502   1.1163   2.2634  -3.0682   -3311.696   -6643.512    5884.469     234.144    -434820.4    2543367.3   -6670896.8    4920357.7   .0383670   198.    50.488    2    1  120    1 2401  1ClC1.dat
 1503  1503        1503   1.3007   2.5985  -3.5748   -3651.917   -8532.519    8302.828    -644.446    -611822.6    3730942.0   -9909919.8    7419377.5   .0530720   219.    64.514    3    1  101    1  210    1 2401  1ClC2.dat
 1585  1585        1585   1.4897   3.3350  -4.4841   -3821.308   -9884.180    6201.508    2842.406    -737706.3    3633681.5   -8595751.4    5504699.6   .0677630   252.    78.541    4    1  101    1  201    1  210    1 2401  1ClC3.dat
 1586  1586        1586   1.6553   4.0391  -5.3728   -4024.718  -10520.434    1860.962    8284.378    -931924.7    4445301.8  -11487308.8    9353206.3   .0823210   256.    92.568    4    1  101    2  201    1  210    1 2401  1ClC4.dat
 1588  1588        1588   1.8998   4.4641  -5.9263   -4166.264  -11677.248    -464.348   11521.652   -1010799.2    4073513.8  -11384757.0   10443011.0   .0967860   284.   106.595    4    1  101    3  201    1  210    1 2401  1ClC5.dat
 1530  1530        1530   1.2883   3.2199  -4.3751   -3639.855   -8565.927    4944.860    3716.444    -707632.3    3956338.8   -9514535.5    4889515.4   .0711130   273.    78.542    3    2  102    1  308    1 2402  2ClC3.dat
 1587  1587        1587   1.4503   3.9734  -5.2409   -3824.196   -9804.180    2502.995    6867.035    -871573.5    4333665.4  -10137487.5    5444057.8   .0856200   260.    92.569    5    1  101    1  102    1  201    1  308    1 2402  2ClC4.dat
 1522  1522        1522   1.3589   3.5365  -4.7049   -3668.482   -8537.829    -281.982    7389.928    -773707.2    3597042.5  -10398061.9    9228320.4   .0694790   235.    98.959    3    1  102    1  308    2 2403  11diClC2.dat
 2526  2526        2526   1.6537   3.8116  -5.0564   -3865.444   -9605.219   -2716.866   10785.778    -938041.5    4518554.2  -15194235.3   15703597.0   .0841210   266.   112.986    4    1  101    1  201    1  308    2 2403  11diClC3.dat
 1523  1523        1523   1.5641   3.9985  -5.3064   -4440.148  -11891.274    6553.946    4282.029   -1051121.8    5392784.3  -13182978.5    9935641.5   .0656040   267.    98.959    2    2  210    2 2401  12dichloroethane.dat
 1526  1526        1526   1.6251   4.1400  -5.4202   -4281.918  -11636.618    3315.313    7595.152   -1060649.3    5055219.1  -12102888.8    7243410.6   .0836580   273.   112.986    5    1  102    1  210    1  308    1 2401    1 2402  12dichloropropane.da
 2527  2527        2527   1.8268   4.2449  -5.5713   -4576.003  -12445.686    1921.803   10015.370   -1124864.2    4592232.1  -10348116.4    7506232.6   .0801750   271.   112.986    3    1  201    2  210    2 2401  13dichloropropane.dat
 8601  8601     1190223   1.7445   5.0379  -6.5139   -4401.607  -12692.421     271.733   11507.287   -1239119.2    4846999.0  -10309350.7    5360252.0   .0979460   318.   127.013    6    1  102    1  201    1  210    1  308    1 2401    1 2402  13dichloro
 1508  1508        1508   1.9275   5.2563  -6.7153   -4670.773  -13469.977   -1020.633   13926.799   -1344807.2    5849247.6  -15591340.4   13622550.2   .0946780   321.   127.013    3    2  201    2  210    2 2401  14dichlorobutane.dat
 1509  1509        1509   2.2024   5.5254  -7.1373   -4754.768  -14519.333   -3595.081   17283.827   -1509795.7    6554204.3  -19946108.2   19200304.1   .1091900   348.   141.040    3    3  201    2  210    2 2401  15dichloropentane.dat
 1521  1521        1521   1.4431   3.8101  -5.0101   -3709.495   -8423.652   -2317.831    9249.646    -776851.1    3414708.0   -9226839.3    8295805.0   .0678500   255.   119.377    2    1  308    3 2404  CCl3H.dat
 1511  1511        1511   1.3520   3.1118  -4.1029   -3803.461   -8534.747    2332.326    5363.324    -710474.0    3465068.6   -8752820.7    6981685.5   .0515470   230.    84.932    2    1  210    2 2403  diClC1.dat
 1562  1562        1562   1.7055   4.0170  -5.1684   -4646.764  -10350.413  -13178.223   22977.522   -1487757.9    5392355.6  -18346781.3   19889318.7   .1042390   309.   126.586    4    1  208    5  501    1  601    1 2405  AroClBenz.dat
 1578  1578        1578   1.7561   4.6694  -5.8950   -4362.541  -11196.646   -8915.001   18910.256   -1271595.4    4080450.4  -13427289.2   12972184.6   .1061780   297.   126.586    5    1  104    4  501    1  601    1  603    1 2405  AropClTol.dat
 1573  1573        1573   1.9431   4.5386  -5.7692   -4489.621  -10999.436  -13668.998   23213.340   -1466259.4    5682283.5  -20845183.6   23739709.3   .1038750   308.   147.004    3    4  501    2  603    2 2405  AroMdiClBenz.dat
 1574  1574        1573   1.9431   4.5386  -5.7692   -4489.621  -10999.436  -13668.998   23213.340   -1466259.4    5682283.5  -20845183.6   23739709.3   .1038750   342.   147.004    3    4  501    2  603    2 2405  AroPdiClBenz.dat
 1301  1301        1301   1.8162   3.9391  -5.0792   -3628.351  -10312.950    5949.960    2368.690    -701408.5    3223130.3   -8098541.4    5093002.0   .0433610   253.    60.053    4    1  106    1  805    1 1509    1 1606  FormateC1.dat
 1302  1302        1302   1.9205   4.3942  -5.8272   -3808.347  -11224.354    6747.376    2540.568    -859767.7    4727119.4  -14093323.9   10391720.9   .0580760   253.    74.080    5    1  101    1  201    1  805    1 1509    1 1606  FormateC2.dat
 1303  1303        1303   1.9769   5.1863  -6.7149   -3959.023  -11992.600    2726.439    7753.318    -977734.4    4989901.6  -15708987.1   12535458.1   .0726940   263.    88.107    5    1  101    2  201    1  805    1 1509    1 1606  FormateC3.dat
 1304  1304        1304   2.1797   5.5186  -7.1948   -4121.890  -12595.427   -1358.190   12574.699   -1125699.1    5040118.1  -16030525.7   12153133.5   .0872170   302.   102.134    5    1  101    3  201    1  805    1 1509    1 1606  FormateC4.dat
 1306  1306        1305   2.3217   6.2118  -8.0149   -4319.768  -12818.271   -6324.746   18108.850   -1231858.9    4276236.9  -12428827.5    6622413.5   .1016330   290.   116.160    5    1  101    4  201    1  805    1 1509    1 1606  FormateC5.dat
 2307  2307        1306   2.5176   6.8472  -8.8818   -4779.085  -11799.433  -13544.787   25034.581   -1501134.5    6603700.0  -21723613.7   16716039.9   .1160420   427.   130.187    5    1  101    5  201    1  805    1 1509    1 1606  FormateC6.dat
 2308  2308        1307   2.5767   8.0918 -10.4586   -5030.185  -11769.949  -18792.926   30706.840   -1547095.6    5977804.9  -19781300.3   13945700.3   .1305020   350.   144.214    5    1  101    6  201    1  805    1 1509    1 1606  FormateC7.dat
 1308  1308        1308   2.8530   8.5209 -11.1993   -5584.902   -9846.768  -28443.385   39696.582   -1881424.9    9149126.4  -34837104.6   33322463.7   .1448120   346.   158.241    5    1  101    7  201    1  805    1 1509    1 1606  FormateC8.dat
 1309  1309        1309   3.0208   9.3058 -12.0634   -6128.661   -8005.602  -37822.106   48481.438   -2026990.4    7777825.4  -25810394.1   20489410.5   .1592750   406.   172.268    5    1  101    8  201    1  805    1 1509    1 1606  FormateC9.dat
 1310  1310        1310   3.3816   9.1968 -11.9699   -6733.731   -5913.291  -47718.028   57679.929   -2048838.6    6245968.3  -21549594.3   17031807.7   .1736100   378.   186.295    5    1  101    9  201    1  805    1 1509    1 1606  FormateC10.dat
 1326  1326           0   2.0922   7.2167  -9.6881   -4037.888  -11597.129  -11551.169   21037.128   -1145345.4    4076090.4  -19200462.4   18328165.1   .1234970   310.   130.187    5    2  101    4  201    1  904    1 1502    1 1602  C3ateC4.dat
 1395  1395        1395   2.8202  10.1483 -12.9556   -6586.130   -1029.871  -58460.296   63223.477   -1958328.4    8715723.7  -41742725.3   44271798.3   .1808850   309.   186.295    6    1  101    1  106    8  201    1  904    1 1502    1 1602  C10ateC1.d
 1396  1396        1396   3.9938  14.0023 -17.5437  -10671.887   16666.892 -125736.449  123735.041   -3348883.5   20831266.9 -101531642.3  119740182.6   .2697500   437.   270.457    7    1  101    2  102   12  201    1  304    1  904    1 1502    1 1602
 1341  1341           0   1.5893   4.3711  -5.7300   -3603.676   -7722.574  -10113.809   15656.020    -969963.6    4727208.6  -20607882.4   25118652.7   .0760000   253.    86.091    6    1  106    1  701    1  802    1  904    1 1502    1 1602  AcrylateNC
 1342  1342           0   1.7137   5.3839  -7.2378   -3762.902   -9249.438   -8085.925   15092.724   -1030073.1    4588710.3  -19929255.3   22345394.4   .0903970   273.   100.118    7    1  101    1  201    1  701    1  802    1  904    1 1502    1 1602
 1351  1351           0   1.7002   5.0681  -6.5916   -3503.326   -7641.044  -12912.462   17263.667   -1022763.7    5442360.6  -26527324.1   31601898.5   .0910530   273.   101.126    7    1  114    1  106    1  701    1  901    1  904    1 1502    1 1602
 1352  1352           0   1.8458   6.0732  -7.9852   -3824.956   -9852.735  -11030.788   17513.931   -1143683.8    5019993.7  -22338532.9   23489315.3   .1055310   279.   115.153    8    1  101    1  103    1  201    1  701    1  901    1  904    1 1502
 1402  1402        1402   1.6651   4.3718  -6.1785   -3421.411   -8322.324    -719.065    7864.668    -685221.2    3346073.3  -10473897.1    9828200.4   .0787160   210.    74.123    3    2  101    2  201    1 1501  SatDiEtEther.dat
 1415  1415        1415   1.8473   4.9244  -7.1020   -3623.364   -9025.175   -3736.720   11854.328    -788085.7    3385432.7  -11194160.8   11177120.8   .0937770   225.    88.150    3    2  101    3  201    1 1501  SatEtProEther.dat
 1446  1446         102   1.9971   5.9055  -8.4676   -3760.841  -10204.248   -5898.447   15412.181    -986202.7    4815250.4  -18060299.0   19549742.8   .1084730   239.   102.177    3    2  101    4  201    1 1501  SatDiPropEther.dat
 1448  1448        1448   1.9968   5.5654  -7.8184   -3842.325  -10318.132   -5337.026   14517.580   -1109865.4    5696887.0  -20080789.9   20554112.4   .1077900   278.   102.177    3    2  101    4  201    1 1501  EtherEtBu.dat
 1407  1407        1407   1.5079   3.1471  -4.3354   -3121.694   -6834.576   -1687.102    7230.733    -608868.4    3280068.7  -11344558.2   11298502.6   .0639640   194.    60.096    4    1  101    1  106    1  201    1 1501  EtherMeEt.dat
 1408  1408        1408   1.6860   3.7540  -5.1792   -3351.414   -7789.796   -3984.612   10585.554    -737743.1    3213136.9  -10575954.7    9701959.2   .0786700   229.    74.123    4    1  101    1  106    2  201    1 1501  EtherMePr.dat
 1413  1413        1413   1.7531   4.9682  -6.7571   -3547.259   -8691.598   -6558.113   13958.035    -888982.6    4359094.6  -16568359.3   16906778.5   .0932120   261.    88.150    4    1  101    1  106    3  201    1 1501  EtherMeBu.dat
 1455  1455        1455   1.9135   5.2557  -7.3566   -3498.906   -8099.424  -11852.943   17606.179    -972864.5    4569621.6  -20010157.5   20938039.6   .0869220   263.    90.122    3    2  106    2  201    2 1501  EtherEt12DiMeoxy.dat
 1489  1489        1489   1.8776   5.4019  -7.4509   -3338.316   -7635.385  -13622.038   18036.028    -924602.6    4289297.3  -20960896.4   23203258.0   .1046770   293.   104.150    5    1  102    2  106    1  201    1  301    2 1501  EtherPr12DiMeoxy.dat
 8600  8600      460139   1.3644   3.4968  -4.8585   -3124.321   -7544.696    3320.207    3532.886    -524297.2    2876553.1   -8542081.9    6247930.0   .0607910   196.    62.087    4    1  101    1  201    1  224    1 2501  FluoroNC3Li.dat
 8602  8602        8602   1.5774   3.8816  -5.4104   -3385.210   -8539.234     631.524    7080.466    -705176.9    3502764.8   -9673971.1    6567814.4   .0754790   222.    76.114    4    1  101    2  201    1  224    1 2501  FluoroNC4Li.dat
 8603  8603        8603   1.7417   4.5525  -6.2301   -3590.676   -9422.274   -2464.519   11069.075    -869653.7    4074932.1  -11829511.7    9194453.0   .0900550   245.    90.141    4    1  101    3  201    1  224    1 2501  FluoroNC5Li.dat
 8604  8604        8604   1.8417   5.6753  -7.6749   -3761.082  -10439.840   -4796.884   14127.370   -1036560.6    4739396.0  -14941467.8   13061319.6   .1046000   267.   104.168    4    1  101    4  201    1  224    1 2501  FluoroNC6Li.dat
 8605  8605        8605   2.0485   6.2743  -8.4570   -3936.199  -11082.124   -8473.178   18600.822   -1149292.4    4493811.6  -13593565.7   10622274.3   .1190600   288.   118.195    4    1  101    5  201    1  224    1 2501  FluoroNC7Li.dat
 8606  8606        8606   2.1925   7.3858 -10.0114   -4238.079  -11148.401  -13029.055   23471.849   -1321366.4    5551287.6  -19997330.4   19392243.5   .1335030   307.   132.222    4    1  101    6  201    1  224    1 2501  FluoroNC8Li.dat
 8607  8607        8607   2.6838   8.3426 -11.2083   -5291.442   -8229.830  -29499.614   39089.533   -1539343.7    5937813.7  -24048746.1   24204517.2   .1624490   342.   160.275    4    1  101    8  201    1  224    1 2501  FluoroNC10Li.dat
 1051  1051           0   1.3338   3.0190  -4.1439   -3413.967  -12623.928   15119.742   -5855.038    -695400.0    3218973.7   -7187395.0    4032234.5   .0627830   241.    58.080    3    2  117    1  903    1 1601  Acetone2.dat
 1052  1052           0   1.4295   3.8468  -5.0124   -3713.105   -9980.458    1893.310    6756.668    -779281.2    3208314.2   -7728567.2    5383995.8   .0774700   254.    72.107    5    1  101    1  117    1  206    1  903    1 1601  2-Butanone.dat
 1060  1060           0   8.3764 -35.1366  44.2438   -3381.952  -15407.909   12919.421   -2360.932    -855448.6    2285902.2   -4064146.0    1241828.5   .0921110   267.    86.134    6    1  101    1  117    1  201    1  206    1  903    1 1601  2-Pentanon
 1062  1062           0   1.6748   5.4438  -7.0523   -3975.077  -11746.627   -3238.842   13016.917   -1080385.0    3420113.2   -9332953.8    8678497.3   .1064090   279.   100.161    6    1  101    1  117    2  201    1  206    1  903    1 1601  2-Hexanone
 1063  1063           0   1.8610   6.3019  -8.1758   -4119.658  -12602.835   -6260.927   16809.336   -1236207.4    4186150.0  -13556370.1   13670014.1   .1205060   290.   114.188    6    1  101    1  117    3  201    1  206    1  903    1 1601  2-Heptanon
 1083  1083           0   1.8873   8.1691 -10.8115   -3171.245  -24137.532   21132.762   -5313.960   -1347008.0    3769737.7  -11926526.9    9211316.8   .1348530   301.   128.215    6    1  101    1  117    4  201    1  206    1  903    1 1601  2-Octanone
 1074  1074           0   2.2297   7.9948 -10.4080   -5160.764   -9867.129  -21756.532   31244.183   -1560212.3    5577283.1  -20561727.3   20590315.7   .1493060   338.   142.242    6    1  101    1  117    5  201    1  206    1  903    1 1601  2-Nonanone
 1053  1053           0   1.4937   4.4865  -5.7434   -3787.092  -10159.192   -1892.687   10414.844    -892046.6    2992605.5   -7025774.0    5196446.1   .0917840   266.    86.134    4    2  101    2  206    1  903    1 1601  3-Pentanone.dat
 1059  1059           0   1.6529   5.2507  -6.7479   -3908.532  -10929.295   -4494.213   13410.794    -984476.7    3061219.8   -9191277.7    9325125.8   .1061310   262.   100.161    5    2  101    1  201    2  206    1  903    1 1601  3-Hexanone.dat
 1057  1057           0   1.7836   6.1402  -7.8702   -4047.014  -11753.354   -7424.082   17104.486   -1222431.6    4637894.1  -16517764.7   18193976.7   .1203620   315.   114.188    5    2  101    2  201    2  206    1  903    1 1601  3-Heptanone.dat
 2083  2083           0   1.7944   7.8574 -10.2182   -3194.500  -22262.503   17378.144   -3086.620   -1189983.3    2334881.6   -7816214.7    6514384.8   .1347690   304.   128.215    5    2  101    3  201    2  206    1  903    1 1601  3-Octanone.dat
 2085  2085           0   2.4592   6.0579  -7.9755   -3345.175  -24756.713   20203.773   -4450.681   -1354089.1    3145187.0  -11956152.8   10538570.6   .1489960   307.   142.242    5    2  101    4  201    2  206    1  903    1 1601  3-Nonanone.dat
 1058  1058           0   1.7773   6.1038  -7.8463   -3994.794  -11755.368   -6841.385   16208.048   -1218161.6    4605739.6  -16683248.9   18630983.5   .1206140   298.   114.188    5    2  101    2  201    2  206    1  903    1 1601  4-Heptanone.dat
 2084  2084           0   1.8232   7.6588  -9.9749   -3168.986  -22074.020   17357.254   -3367.078   -1262799.2    3310982.5  -11031973.7    9479155.0   .1348500   320.   128.215    5    2  101    3  201    2  206    1  903    1 1601  Ketone4Octa.dat
 2087  2087           0   1.9785   8.7290 -11.2970   -3356.007  -24171.709   19131.290   -3955.818   -1436449.7    4213116.0  -15158704.3   13536741.5   .1489140   330.   142.242    5    2  101    4  201    2  206    1  903    1 1601  Ketone4Nona.dat
 1073  1073           0   2.2094   7.3232  -9.4202   -4709.633  -10799.426  -18600.805   28167.860   -1507148.4    5407097.0  -21966223.9   24446399.0   .1488490   375.   142.242    5    2  101    4  201    2  206    1  903    1 1601  Ketone5Nona.dat
 1761  1761        1761   1.4251   3.7599  -5.1629   -3916.979  -15769.727   16576.574   -4558.285   -1130723.7    5180725.6  -12428518.3    6516951.8   .0624320   282.    75.067    4    1  101    1  225    2 1607    1 2103  NitroNC2.dat
 1762  1762        1762   1.4891   5.0113  -6.5435   -4352.369  -11751.369   -1615.234   12912.852   -1153511.3    3707891.4   -7442300.1    2309533.3   .0769160   272.    89.094    5    1  101    1  201    1  225    2 1607    1 2103  NitroNC3.dat
 1769  1769        1769   1.9499   5.0016  -6.6266   -4574.696  -13534.379   -2575.354   16416.108   -1334253.5    4665814.2  -12730298.8   10315421.4   .0911600   265.   103.121    5    1  101    2  201    1  225    2 1607    1 2103  NitroNC4.dat
 1886  1886        1886   1.5550   4.7869  -6.1088   -4633.514  -10013.789  -20823.388   30366.646   -1671294.3    4835120.3  -21028872.0   20968903.4   .0994260   349.   123.112    4    5  501    1  604    2 1608    1 2103  NitroBenzene.dat
 2740  2740        2740   2.1268   6.5485  -7.6959   -5070.752   -9332.118  -46807.607   55506.563   -2762410.0   11262507.8  -75765624.9   98884108.2   .1210850   405.   168.110    4    4  501    2  604    4 1608    2 2103  NitroMDiBenzene.dat
 2741  2741           0   1.7388   7.2849  -8.2809   -4971.333   -5043.500  -54001.187   56343.981   -2345630.7    8341236.2  -62262272.5   80661004.0   .1219300   458.   168.110    4    4  501    2  604    4 1608    2 2103  NitroODiBenzene.dat
 2742  2742        2742   2.0155   6.8565  -8.2206   -5169.982   -9896.390  -45706.879   55120.677   -2451893.9    3884668.9  -35392645.6   43984684.6   .1219660   450.   168.110    4    4  501    2  604    4 1608    2 2103  NitroPDiBenzene.dat
 1780  1780        1780   1.9360   5.2130  -6.4878   -4696.122  -10976.130  -23976.283   34781.496   -1950500.5    7811984.0  -36506028.3   40420038.2   .1152180   331.   137.139    6    1  104    4  501    1  601    1  604    2 1608    1 2103  NitroMTolu
 1778  1778           0   1.5510   6.0474  -7.2090   -4329.996   -7848.934  -29672.115   34632.369   -1738468.7    8041548.4  -44766073.1   58689701.8   .1156000   348.   137.139    6    1  110    4  501    1  601    1  604    2 1608    1 2103  NitroOTolu
 1779  1779        1779   1.8913   5.4654  -6.8190   -4817.322  -10995.677  -24064.092   34999.570   -1934986.3    5736027.3  -24183415.1   22521866.0   .1152430   362.   137.139    6    1  104    4  501    1  601    1  604    2 1608    1 2103  NitroPTolu
 2743  2743        2743   1.9913   8.0392  -9.2193   -4884.547   -6659.402  -56271.143   58658.023   -2482494.6   11854145.6  -90732895.0  124980427.5   .1384850   443.   183.145    5    1  110    4  501    2  604    4 1608    2 2103  Nitro24DiToluene.dat
 2749  2749        2749   2.3670   7.7114  -9.3422   -4977.871   -9402.362  -51996.178   61842.568   -2466938.2    9761353.2  -74500837.9   99580944.0   .1376940   490.   182.137    6    1  104    3  501    1  601    2  604    4 1608    2 2103  Nitro35DiT
