1061	q	EOK(K)	 b(cc/	KadNm3	eDon	eAcc	nDegree	#eDs	#eAs	idCas	Name
501	2.463	336.44	29.56	0.001	1630	0	1	1	0	71432	Benzene(CHCL3+12DCE+111TCE/3)
502	2.825	333.89	36.28	0.001	40	0	1	1	0	108883	Toluene(CHCL3+12DCE+MeOH+DCM/4)
504	3.137	333.8	42.31	0.001	1350	0	1	1	0	100414	ethylbenzene(12DCE)
505	3.1665	339.5	41.646	0.001	1350	0	1	1	0	95476	o-Xylene(EtOH)
507	3.272	327.8	43.06	0.001	2050	0	1	1	0	106423	p-xylene(12DCE)
510	3.313	334	48.12	0.001	780	0	1	1	0	98828	i-PropylBenzene(~Tol,NoAs)
518	3.811	331.8	54.23	0.001	780	0	1	1	0	104518	n-ButylBenzene(~Tol,NoAs)
840	2.537	380.7	59.89	0.001	780	0	1	1	0	80568	a-pinene(~Tol,NoAs)
902	0.563	49.27	5.36	0	0	0	1	0	0	1333740	H2
905	1.255	107.13	9.9	0.0005	0	0	1	0	0	7727379	N2(CO2)
908	1.327	109.2	10.16	0.001	0	0	1	0	0	630080	CO(CO2)
909	2.556	179.22	10.56	0.001	0	1030	1	0	1	124389	CO2(Ac=O)
910	2.761	245.41	13.82	0.001	0	0	1	0	1	7446095	SO2(Ac=O)
912	3.588	88.77	7	0.00023	624	624	1	1	1	10102439	NitricOXIDE
919	0.568	65.46	3.57	0	0	0	1	0	0	7440019	Neon
925	0.563	56.95	4.89	0	0	0	1	0	0	7782390	Deuterium
970	0.628	514.16	13.51	0	0	0	1	0	0	7440019	Radon
1001	1.927	278.33	17.21	0.0007	755	755	1	1	1	50000	FORMALDEHYDE
1002	2.802	263.82	21.1	0.0007	730	0	1	1	0	75070	ACETALDEHYDE(~C3al,NoAs)
1003	2.866	282.45	25.12	0.0007	730	0	1	1	0	123386	PROPANAL(MeOHvl)
1005	2.906	298.45	30.69	0.0007	730	0	1	1	0	123728	BUTANAL(~C3al,NoAs)
1041	3.168	373.59	36.95	0.0007	730	0	1	1	0	100527	BENZALDEHYDE(~C3al,NoAs)
1051	3.115	275.53	26.74	0.001	910	0	1	1	0	67641	ACETONE(CHCL3)
1052	3.281	284.56	31.64	0.0002	910	0	1	1	0	78933	MEK(CHCL3)
1054	3.456	299.17	42.55	0.00052	910	0	1	1	0	108101	MIBK(CHCL3)
1060	3.433	292.88	36.84	0.00029	910	0	1	1	0	107879	2-pentanone(MeOH)
1063	3.985	302.12	48.76	0.0007	910	0	1	1	0	110430	2-heptanone(MeOH)
1070	4.04	394.38	30.38	0.0008	1750	100	1	1	0	616455	2-pyrrolidone(MeOHvl)
1071	3.6198	369.23	38.27	0.0008	900	0	1	1	1	872504	NMP(pXylene; eD<0if111TCE,12DCE;eA<0ifMEK)
1080	3.104	354.7	40.47	0.0007	380	0	1	1	0	108941	cyclohexanone(111TCE)
1090	3.6897	360.53	42.24	0.0007	1610	0	1	1	0	98862	acetophenone(IPAvl)
1093	4.162	375.4	38.69	0.0007	900	0	1	1	0	502443	e-caprolactone(~ester,NoAs)
1101	1.2465	313.27	19.96	0.001	1280	3960	1	1	1	67561	METHANOL(Ac=O&CHCL3) 
1102	1.842	278.37	24.96	0.001	1320	3920	1	1	1	64175	ETHANOL(~MeOH) 
1921	1.01	427.25	9.41	0.00156	2070	3100	1	1	1	7732185	WATER92(Ac=O)
1103	2.2185	309.03	29.76	0.0004	1280	3960	1	1	1	71238	1-PROPANOL(~MeOH,CHCL3,Ac=O) 
1104	2.165	290.35	31.03	0.0004	1280	3960	1	1	1	67630	2-PROPANOL(IPA,~MeOH)
1105	2.418	320.24	35.31	0.0004	1280	3960	1	1	1	71363	1-BUTANOL(Ac=O)
1106	2.414	312.08	35.29	0.00035	1280	3960	1	1	1	78831	2-METHYL-1-PROPANOL(~MeOH)
1107	2.431	307.51	35.01	0.00025	1280	3960	1	1	1	78922	2-BUTANOL(~MeOH)
1108	2.0652	304.28	36.66	0.0003	1280	3960	1	1	1	75650	2-METHYL-2-PROPANOL
1109	2.729	320.73	40.51	0.0005	1280	3960	1	1	1	71410	1-PENTANOL(~MeOH)
1110	3.768	279.5	36.61	0.0004	1280	3960	1	1	1	6032297	2-PENTANOL
1111	3.007	294.2	37.3	0.0004	1280	3960	1	1	1	75854	2-METHYL-2-BUTANOL
1112	2.691	310.7	39.84	0.00035	1280	3960	1	1	1	137326	2-METHYL-1-BUTANOL
1114	3.041	322.75	46.09	0.00053	1280	3960	1	1	1	111273	1-HEXANOL(~MeOH)
1115	4.087	284.28	41.66	0.0004	1280	3960	1	1	1	626937	2-HEXANOL
1116	3.632	294.89	42.05	0.0004	1280	3960	1	1	1	623370	3-HEXANOL
1117	2.574	338.35	47.48	0.001	1280	3960	1	1	1	105306	2-METHYL-1-PENTANOL
1120	3.444	288	37.15	0.0004	1280	3960	1	1	1	584021	3-PENTANOL
1121	3.418	326.24	58.29	0.001	1280	3960	1	1	1	104767	2-ETHYL-1-HEXANOL
1123	2.732	310.11	39.9	0.001	1280	3960	1	1	1	123513	3-METHYL-1-BUTANOL
1124	3.275	291.42	35.87	0.0004	1280	3960	1	1	1	598754	3-METHYL-2-BUTANOL
1125	3.408	322.07	51.51	0.00055	1280	3960	1	1	1	111706	1-HEPTANOL(~MeOH)
1126	4.442	287.83	46.66	0.0004	1280	3960	1	1	1	543497	2-HEPTANOL
1130	4.102	278.28	39.04	0.0004	1280	3960	1	1	1	108112	4-METHYL-2-PENTANOL
1132	3.723	323.67	57.31	0.00055	1280	3960	1	1	1	111875	1-OCTANOL(~MeOH)
1133	4.773	291.44	51.63	0.0004	1280	3960	1	1	1	123966	2-OCTANOL
1134	4.01	324.9	63.6	0.00053	1280	3960	1	1	1	143088	1-NONANOL(~MeOH)
1135	5.054	295.24	56.6	0.0004	1280	3960	1	1	1	628999	2-NONANOL
1136	4.379	324.5	69.55	0.00053	1280	3960	1	1	1	112301	1-DECANOL(~MeOH)
1137	4.669	325.84	75.96	0.00053	1280	3960	1	1	1	112425	1-UNDECANOL(~MeOH)
1140	5.057	324.97	82.1	0.00053	1280	3960	1	1	1	112538	1-DODECANOL(~MeOH)
1141	5.43	324.48	88.34	0.00053	1280	3960	1	1	1	112709	1-TRIDECANOL(~MeOH)
1142	5.758	324.7	95.04	0.00053	1280	3960	1	1	1	112721	1-TETRADECANOL(~MeOH)
1143	6.119	324.6	101.46	0.00053	1280	3960	1	1	1	629765	1-PENTADECANOL(~MeOH)
1144	6.422	325.23	108.35	0.00053	1280	3960	1	1	1	36653824	1-HEXADECANOL(~MeOH)
1145	6.764	325.25	115.14	0.00053	1280	3960	1	1	1	1454859	1-HEPTADECANOL(~MeOH)
1146	6.984	326.79	122.7	0.00053	1280	3960	1	1	1	112925	1-OCTADECANOL(~MeOH)
1148	7.467	328.8	137.78	0.00053	1280	3960	1	1	1	629969	1-EICOSANOL(~MeOH)
1149	7.251	327.59	130.17	0.00053	1280	3960	1	1	1	1454848	1-NONADECANOL(~MeOH)
1151	2.247	394.92	41.244	0.0004	2516	2516	1	1	1	108930	CYCLOHEXANOL
1167	1.995	318.4	28.81	0.0004	2516	2516	1	1	1	107186	ALLYLALCOHOL
1170	4.261	346.04	34.42	0.0004	2013	2013	1	1	1	526750	23-XYLENOL
1172	4.238	339.4	37.57	0.0004	2013	2013	1	1	1	105679	24-XYLENOL
1174	4.583	330.09	33.06	0.0004	2013	2013	1	1	1	95874	25-XYLENOL
1176	3.784	349.77	39.17	0.0004	2013	2013	1	1	1	576261	26-XYLENOL
1177	4.746	337.24	33.1	0.0004	2013	2013	1	1	1	95658	34-XYLENOL
1178	4.113	347.39	46.68	0.0004	2013	2013	1	1	1	108689	35-XYLENOL
1180	3.2475	382.49	40.63	0.0001	1280	3960	1	1	1	100516	BENZYLALCOHOL(~MeOH)
1181	3.9836	342.03	26.67	0.0004	880	1620	1	1	1	108952	PHENOL(benzal)
1182	3.552	355.54	34.02	0.0004	2013	2013	1	1	1	95487	o-CRESOL
1183	4.02	346.17	36.44	0.001	255	2545	1	1	1	108394	m-CRESOL(~Phenol)
1184	4.117	340.79	32.26	0.0004	2013	2013	1	1	1	106445	p-CRESOL
1185	3.948	345.51	38.96	0.0004	2013	2013	1	1	1	90006	o-ETHYLPHENOL
1187	4.288	342.46	38.86	0.0004	2013	2013	1	1	1	123079	p-ETHYLPHENOL
1198	8.208	337.73	55.11	0.0004	2013	2013	1	2	2	80057	BISPHENOL A
1201	2.481	400.4	24.74	0.0004	2013	2013	1	2	2	107211	ETHYLENE GLYCOL
1202	4.166	352.25	38.95	0.0004	2013	2013	1	2	2	111466	DIETHYLENE GLYCOL
1212	3.588	351.46	28	0.0004	2013	2013	1	2	2	504632	13-PROPYLENE GLYCOL
1221	4.31	313.94	40.44	0.0004	2013	2013	1	2	2	107880	13-BUTANEDIOL
1231	3.57	424.19	28.37	0.0004	2013	2013	1	2	2	56815	GLYCEROL***
1251	3.193	315.59	24.92	0.00002	1107	1107	1	1	1	64186	FormicAcid
1252	4.357	283.54	23.47	0.00002	707	1507	1	1	1	64197	AceticAcid
1253	5.258	270.81	28.08	0.00002	1107	1107	1	1	1	79094	PropionicAcid
3853	5.055	313	29.3	0.00002	707	1507	1	1	1	79436	22ichloroAceticAcid
1254	7.229	297.22	62.77	0.00002	1107	1107	1	1	1	334485	n-DECANOIC ACID
1256	6.044	266.24	31.78	0.00002	1107	1107	1	1	1	107926	n-BUTYRIC ACID
1258	6.31	273.01	36.42	0.00002	1107	1107	1	1	1	109524	n-PENTANOIC ACID
1259	6.926	295.9	56.8	0.00002	1107	1107	1	1	1	112050	n-NONANOIC ACID
1260	5.539	268.41	35.15	0.00002	1107	1107	1	1	1	79312	ISOBUTYRIC ACID
1261	6.101	271.29	35.64	0.00002	1107	1107	1	1	1	503742	ISOVALERIC ACID
1262	6.533	279.28	40.84	0.00002	1107	1107	1	1	1	142621	n-HEXANOIC ACID
1265	6.88	289.58	50.3	0.00002	1107	1107	1	1	1	124072	n-OCTANOIC ACID
1269	7.971	298.3	73.92	0.00002	1107	1107	1	1	1	143077	n-DODECANOIC ACID
1276	9.248	311.09	110.2	0.00002	1107	1107	1	1	1	57114	n-OCTADECANOIC ACID
1291	4.154	295.12	35.17	0.0007	1700	0	1	1	0	108247	AceticAnhydride
1301	2.7736	277.02	20.52	0.0007	360	0	1	1	0	107313	METHYLFORMATE(~EtForm,NoAs)
1302	2.9632	281.25	26.79	0.0007	360	0	1	1	0	109944	ETHYLFORMATE(CHCL3)
1303	3.174	289.53	32.99	0.0007	360	0	1	1	0	110747	n-PROPYLFORMATE
1304	3.761	282.04	37.85	0.0007	360	0	1	1	0	592847	nBUTYLFORMATE
1305	3.775	277.81	33.74	0.0007	360	0	1	1	0	542552	ISOBUTYLFORMATE
1306	4.75	268.16	41.34	0.0007	360	0	1	1	0	638493	n-PENTYLFORMATE
1312	3.343	267.25	26.05	0.0004	810	0	1	1	0	79209	MeAcetate(CHCL3)
1313	3.5698	269.16	32.43	0.0004	810	0	1	1	0	141786	EtAcetate(CHCL3)
1314	3.731	278.17	38.96	0.0004	810	0	1	1	0	109604	PrAcetate(~EtAc,NoAs)
1315	4.1435	280.46	43.25	0.0004	810	0	1	1	0	123864	nBuAcetate(~EtAc)
1316	4.109	274.23	43.42	0.0004	810	0	1	1	0	110190	iBuAcetate
1320	3.818	281.49	41.91	0.0004	810	0	1	1	0	105464	secBuAcetate
1351	3.029	310.462	38.308	0.0007	0	0	1	1	0	80626	MethylMethacrylate(MeOH)
1359	4.414	333.5	50.32	0.0007	900	0	1	1	0	140114	benzyl acetate(~ester,BadAs)
1391	4.353	334.5	50.36	0.0007	990	0	1	1	0	93890	ethyl benzoate(EtOHvl)
1400	2.972	296.72	35.67	0.0004	1600	0	1	1	0	96479	2-MethylTHF
1401	2.387	242.91	19.65	0.0004	1120	0	1	1	0	115106	DiMethylEther
1402	2.961	258.24	32.02	0.0004	1120	0	1	1	0	60297	DiEthylEther(CHCL3)
1403	3.3897	262.29	42.22	0.0004	1550	0	1	1	0	108203	diisopropylEther(CHCL3)
1404	4.2216	283.14	54.96	0.0004	1140	0	1	1	0	142961	dibutylEther(CHCL3)
1405	2.757	283.37	38.26	0.0004	1120	0	1	1	0	1634044	MTBE(CHCL3)
1407	2.703	251.75	25.16	0.0004	1120	0	1	1	0	540670	MethylEthylEther
1421	2.946	325.53	28.18	0.0004	300	0	1	2	0	123911	14-Dioxane(CHCL3)
1441	2.369	285.9	16.91	0.0004	0	0	1	1	0	75218	EthyleneOxide
1446	3.6069	271.86	42.04	0.0004	1120	0	1	1	0	111433	DiPropylEther(CHCL3)
1452	2.523	338.81	30.76	0.0004	1000	0	1	1	0	142687	TetrahydroPyran-oxane
1457	8.445	279.1	68.52	0.00012	1120	0	5	1	0	143248	tetraglyme(MeOH)
1461	3.4336	336.97	36.84	0.0004	1120	0	1	1	0	100663	Anisole(12DCEvl)
1475	3.934	436.67	96.02	0.0007	2516	2516	1	1	1	80433	DICUMYLPEROXIDE 
1479	2.509	320.8	26.72	0.001	2000	0	1	1	0	109999	THF(CHCL3)
1501	2.3321	341.35	31.65	0.001	0	0	1	0	0	56235	CarbonTet(Def)
1511	2.378	310.13	21.7	0.001	0	350	1	0	1	75092	dichloromethane(Ac=O)
1521	2.505	318.69	25.18	0.001	0	1550	1	0	1	67663	CHLOROFORM(Ac=O)
1522	2.63	304.3	26.33	0.001	0	800	1	0	1	75343	11-dichloroethane(MEK)
1523	2.897	313.58	26.23	0.001	0	660	1	0	1	107062	12-dichloroethane(Ac=O)
1527	2.518	323.2	32.57	0.001	0	1600	1	0	1	71556	111-trichloroethane(Ac=O)
1541	2.614	332.99	28.51	0.001	0	1650	1	0	1	79016	TRICHLOROETHENE(ACN)
1571	2.746	361.2	35.47	0.001	240	0	1	1	0	108907	chlorobenzene(CHCL3)
1586	2.727	308.9	36.77	0.001	0	990	1	0	1	109693	1-chlorobutane(Ac=O)
1604	2.525	218.75	19.08	0.001	0	550	1	0	1	75456	CHLORODIFLUOROMethane-R22(NA)
1615	2.849	168.19	15.64	0.001	0	1550	1	0	1	75467	TRIFLUOROMethane
1645	2.425	303.8	23.39	0.001	0	0	1	0	1	74964	bromoethane(Benz)
1646	3.15	183.14	23.16	0.001	0	1580	1	0	1	354336	PENTAFLUOROETHANE
1680	2.751	382.5	37.58	0.001	240	0	1	0	1	108861	bromobenzene(~1571,NoAs)
1681	2.08	342	21.06	0.001	0	1000	1	0	1	74884	iodomethane(Ac=O)
1682	2.156	352.7	30.84	0.001	0	0	1	0	1	75036	iodoethane(MeOH)
1692	1.966	497.1	36.13	0.001	0	0	1	0	1	75116	diiodomethane(~1682,NoAs)
1696	2.299	277.08	22.85	0.001	650	650	1	1	1	75434	DICHLOROFLUOROMETHANE-R21(NoDs)
1701	1.036	359.93	17.85	0.001	2140	860	1	1	1	74895	METHYLAMINE
1702	2.848	243.26	20.9	0.0004	1315	305	1	1	1	124403	DIMETHYLAMINE
1706	3.228	286.2	43.3	0.0008	1940	0	1	1	0	121448	TriEtAmine(CHCL3)
1710	2.981	273.15	33.54	0.0004	1010	1010	1	1	1	109897	DIETHYLAMINE(ACN,TEA)
1707	4.037	269.17	41.23	0.0004	1010	1010	1	1	1	142847	DI-n-PROPYLAMINE
1744	4.7933	279.238	52.523	0.0004	1010	1010	1	1	1	111922	DI-n-BUTYLAMINE
1745	2.6366	344.094	32.688	0.0004	1010	1010	1	1	1	110894	piperidine
3796	4.0402	343.11	45.675	0.0004	1010	1010	1	1	1	103695	NEthylANILINE
1756	4.8623	377.257	57.311	0.0004	1010	1010	1	1	1	122394	DiPhenylAmine
2752	3.9767	314.021	27.24	0.0008	1010	1010	1	1	1	110850	PIPERAZINE
1721	3.0194	350.096	24.491	0.0004	1010	1010	1	1	1	109977	PYRROLE
1766	2.777	321.782	25.752	0.0004	1010	1010	1	1	1	123751	PYRROLIDINE 
1704	2.2071	280.55	21.875	0.001	730	1470	1	1	1	75047	ETHYLAMINE
1711	2.5175	289.94	27.502	0.001	730	1470	1	1	1	107108	n-PROPYLAMINE
1712	2.9451	291.91	32.121	0.001	730	1470	1	1	1	109739	n-BUTYLAMINE
1713	3.6682	280.627	37.41	0.001	730	1470	1	1	1	110587	n-PENTYLAMINE
2706	4.0442	285.646	43.204	0.001	730	1470	1	1	1	111262	n-HEXYLAMINE
2707	4.3897	288.965	49.016	0.001	730	1470	1	1	1	111682	n-HEPTYLAMINE
2708	5.0243	285.858	53.9	0.001	730	1470	1	1	1	111864	n-OCTYLAMINE
1719	2.6729	270.546	26.698	0.0004	730	1470	1	1	1	75310	2-PROPYLAMINE
1714	3.3247	270.248	29.947	0.0004	730	1470	1	1	1	78819	ISOBUTYLAMINE
1726	2.768	291.295	32.717	0.0004	730	1470	1	1	1	13952846	secBUTYLAMINE
1717	2.953	359.083	11.221	0.0004	730	1470	1	1	1	302012	HYDRAZINE
1792	3.617	357	31.66	0.0004	730	1470	1	1	1	62533	ANILINE(CHCL3,Ac=O,MeOH)
1733	3.688	346.97	37.893	0.0004	730	1470	1	1	1	100469	BenzylAmine
1859	3.8984	359.021	37.156	0.0004	730	1470	1	1	1	95512	oChloroANILINE
3860	3.9248	374.1	38.73	0.0004	730	1470	1	1	1	106478	pChloroANILINE
1736	3.6237	365.855	36.625	0.0004	730	1470	1	1	1	95534	oTOLUIDINE
1737	4.0301	347.446	38.709	0.0004	730	1470	1	1	1	108441	mTOLUIDINE
1738	4.3397	332.047	39.868	0.0004	730	1470	1	1	1	106490	pTOLUIDINE
1729	3.3368	323.727	35.851	0.0004	730	1470	1	1	1	108918	CYCLOHEXYLAMINE
1765	3.3728	323.768	28.295	0.0004	730	1470	1	1	1	110918	MORPHOLINE
3951	1.4235	321.665	12.494	0.0008	400	400	1	1	1	7783075	HydrogenSelenide
1723	3.233	353.55	24.12	0.0004	2013	2013	1	1	1	141435	MONOETHANOLAMINE
1724	7.835	294.99	33.61	0.0004	2013	2013	1	1	1	111422	DIETHANOLAMINE
1725	8.587	299.16	42.93	0.0001	2013	2013	1	3	3	102716	TRIETHANOLAMINE
1741	3.7254	295.586	22.938	0.0004	730	1470	1	2	2	107153	ETHYLENEDIAMINE
1748	3.455	407.4	39.04	0.0008	1600	0	1	1	0	91225	quinoline(MeOH)
1760	3.463	306.11	22.59	0.001	0	2850	1	0	1	75525	NitroMethane(Ac=O,Benz,TCE)
1761	3.708	300.9	27.44	0.001	0	2700	1	0	1	79243	nitroethane(Benz)
1762	3.953	299.9	32.72	0.001	0	2370	1	0	1	108032	1-nitropropane(PhCL)
1763	3.732	300.6	31.83	0.001	0	2510	1	0	1	79469	2-nitropropane(Benz)
1771	3.452	235.41	20.81	0.0005	1107	1107	1	1	1	74908	HYDROGENCYANIDE
1772	3.2926	289.36	27.52	0.0007	1090	0	1	1	0	75058	ACETONITRILE(CHCL3)
1773	3.3931	294.31	32.03	0.0007	990	0	1	1	0	107120	PROPIONITRILE(~ACN,NoAs)
1774	3.187	290.11	28.54	0.0007	990	0	1	1	0	107131	ACRYLONITRILE(~ACN,NoAs)
1781	5.432	349.1	53.73	0.0007	0	1250	1	2	0	544138	glutaronitrile(EtOH)
1782	3.4925	303.59	36.46	0.0007	990	0	1	1	0	109740	BUTYRONITRILE(~ACN,NoAs)
1783	3.906	303.74	40.16	0.0007	990	0	1	1	0	110598	VALERONITRILE(~ACN,NoAs)
1790	3.407	367.66	40.47	0.0007	990	0	1	1	0	100470	BENZONITRILE
1791	2.668	358.4	28.01	0.0008	740	0	1	1	0	110861	PYRIDINE(CHCL3)
1801	2.105	302.47	17.07	0.001	0	300	1	1	1	74931	METHYLMERCAPTAN(MeThiol)
1802	2.189	313.03	24.02	0.001	0	300	1	1	1	75081	ETHYLMERCAPTAN(EtThiol)
1841	2.876	319.26	36.06	0.001	0	2680	1	0	1	109795	n-BUTYLThiol(Toluene)
1844	3.0887	396.58	31.97	0.0004	750	0	1	1	0	67685	DMSO(CHCL3)
1845	3.299	460.17	38.89	0.001	0	900	1	0	1	126330	sulfolane(PyridineHE,kij=0)
1876	3.281	345.04	35.98	0.0004	2250	0	1	1	0	68122	DMF(CHCL3)
1886	4.106	351.58	38.04	0.001	0	1550	1	0	1	98953	NitroBenzene(DMSO)
1889	3.427	346.79	29.1	0.0007	755	755	1	2	2	98011	FURFURAL
1901	1.539	313.25	51.56	0.0008	2768	2768	1	1	1	7664939	SulfuricAcid
1904	1.179	270.97	11.2	0.0008	755	755	1	1	1	7647010	HydrogenChloride
1905	1.539	313.25	21.56	0.0008	1761	1761	1	1	1	7664393	HydrogenFluoride
1906	1.168	312.5	11.76	0.0008	654	654	1	1	1	10035106	HydrogenBromide
1907	1.113	380.8	13.79	0.0008	604	604	1	1	1	10034852	HydrogenIodide
1911	0.9937	337.3	11.42	0.001	1250	1400	1	1	1	7664417	AMMONIA(CHCL3)
1912	2.7059	233.08	9.12	0.001	2400	0	1	1	1	7664418	AMMONIA24(H2O)
1920	1.5288	399.01	9.24	0.00156	2100	2100	1	1	1	7732185	WATER23
1921	1.01	427.25	9.41	0.00156	2070	3100	1	1	1	7732185	WATER92(Ac=O)
1922	1.567	276.54	11.32	0.0008	400	400	1	1	1	7783064	HydrogenSulfide(DMFvl,DMSOvl)
1938	1.758	388.7	18.63	0.001	0	1800	1	1	1	75150	CS2(Ac=O)
1969	6.986	255.85	148.3	0	0	0	1	0	0	141639	DODECAMETHYLPENTASILOXANE
1997	1.134	402.55	9.39	0.00156	2587	2587	1	1	1	7789200	DeuteriumOxide
2112	4.315	341.74	8.8	0.0005	2013	2013	1	1	1	620177	m-ETHYLPHENOL
2260	7.12	278.8	48.37	0.00002	1107	1107	1	1	1	149575	2-EtHexanoicAcid
2261	6.764	283.8	45.06	0.00002	1107	1107	1	1	1	111148	n-HEPTANOIC ACID
2375	5.715	341.12	73.14	0.0007	600	0	1	1	0	84662	DIETHYLPHTHALATE(MeOHvl)
2391	3.6706	278.96	29.1	0.0007	230	0	1	1	0	616386	DiMeCarbonate(111TCE)
2640	2.928	275.84	31.71	0.001	0	1600	1	0	1	151677	Halothane(Ac=O)
2796	3.446	325.3	40.37	0.0008	1600	0	1	1	0	108485	26-dimethylpyridine(MeOHvl)
2851	1.614	474	20.2	0.001	3300	3300	1	1	1	75127	FORMAMIDE(Ac=O)
2852	3.844	360.41	30.4	0.0008	1420	780	1	1	1	123397	N-methylformamide(MeOH)
2853	3.511	389.38	28.26	0.0008	880	2640	1	1	1	60355	ACETAMIDE
2856	3.582	338.2	39.29	0.0008	1750	0	1	1	0	127195	NN-dimethylacetamide(CH2CL2)
2857	5.231	321.59	39.34	0.0007	2013	2013	1	2	2	103902	ACETAMINOPHEN
2860	1.817	380.11	33.2	0.0007	2960	2072	1	1	1	109864	MethOXYETHANOL
2861	4.368	285.94	32.81	0.001	1000	150	1	2	1	110805	2-ethoxyethanol(intraHB)
2862	2.963	338.89	50.52	0.0007	2016	3016	1	1	1	111762	2-BUTOXYETHANOL
2900	3.7778	392.55	36.42	0.0004	1000	0	1	0	0	4394858	N-formylMorpholine(CO2)
2990	5.231	250.1	93.5	0	0	0	1	0	0	107517	OCTAMETHYLTRISILOXANE
2991	7.904	279.71	235.7	0	0	0	1	0	0	556694	OCTADECAMETHYLOCTASILOXANE
2995	7.631	273	206.5	0	0	0	1	0	0	541015	HEXADECAMETHYLHEPTASILOXANE
3854	2.876	315.35	36.75	0.0007	1513	2513	1	1	1	107982	ProGlyMeEther
3951	1.034	381.83	12.6	0.0008	755	755	1	1	1	7783075	HydrogenSelenide
4993	7.375	263.29	177.2	0	0	0	1	0	0	107528	TETRADECAMETHYLHEXASILOXANE
4994	5.981	256.81	121.6	0	0	0	1	0	0	141628	DECAMETHYLTETRASILOXANE
5883	5.152	274.51	35.75	0.00012	2013	2013	1	1	1	97643	EthylLACTATE(OHintra)
6854	4.247	346.43	33.36	0.0008	1600	700	1	1	1	79163	N-methylacetamide(MeOH)
6862	4.164	300.07	28.76	0.0007	2013	2013	1	1	1	109831	METHYLETHANOLAMINE
8003	3.905	382.95	23.36	0.0008	2200	1600	1	1	1	79050	PROPANAMIDE
9855	3.7942	370.2	40.06	0.0004	1700	0	1	1	0	2687914	N-ETHYL-2-PYRROLIDONE(~NMP,NoTDE)
9858	8.1354	286.3	89.74	0.0004	900	0	1	1	0	126738	TRI-n-BUTYLPHOSPHATE(NoTDE)
51028	988.092	296.55	7858.6	0.0004	900	0	146	1	0	25038599	PET28k
926	1.0976	343.55	14.985	0	900	0	1	1	0	7784421	ARSINE                        
1703	2.3853	263.11	27.531	0.0001	1940	0	1	1	0	75503	TRIMETHYLAMINE                
1708	3.2938	285.34	44.919	0.0001	1940	0	1	1	0	927628	NN-DIMETHYL-n-BUTYLAMINE      
1709	3.1593	273.09	37.401	0.0001	1940	0	1	1	0	616397	NN-DIETHYLMETHYLAMINE         
1751	3.1068	454.27	56.293	0.0001	1940	0	1	1	0	100970	HEXAMETHYLENETETRAMINE        
1753	4.0232	345.71	57.623	0.0001	740	0	1	1	0	91667	NN-DIETHYLANILINE             
1754	2.5565	359.21	32.743	0.0001	740	0	1	1	0	96548	N-METHYLPYRROLE               
1755	2.4676	374.44	29.351	0.0001	740	0	1	1	0	290379	PYRAZINE                      
1794	3.3483	328.86	35.628	0.0001	740	0	1	1	0	111499	HEXAMETHYLENEIMINE            
1796	3.8709	343.12	44.7	0.0001	740	0	1	1	0	121697	NN-DIMETHYLANILINE            
1797	3.0783	338.28	33.472	0.0001	740	0	1	1	0	109068	2-METHYLPYRIDINE              
1972	1.871	159.56	13.921	0.0001	1940	0	1	1	0	7783542	NITROGENTRIFLUORIDE           
2712	7.157	287.28	73.612	0.0001	1940	0	1	1	0	124221	n-DODECYLAMINE                
2713	3.5146	287.65	42.189	0.0001	1940	0	1	1	0	18328900	N-ETHYL-2-METHYLALLYLAMINE    
2715	4.6357	277.8	54.324	0.0001	1940	0	1	1	0	102705	TRIALLYLAMINE                 
2716	5.9516	279.74	75.301	0.0001	1940	0	1	1	0	102829	TRI-n-BUTYLAMINE              
2726	2.7427	308.45	24.947	0.0001	1940	0	1	1	0	75558	PROPYLENEIMINE                
2738	6.9551	347.28	58.378	0.0001	740	0	1	1	0	119755	o-NITRODIPHENYLAMINE          
2759	2.4554	463.97	36.315	0.0001	740	0	1	1	0	289805	PYRIDAZINE                    
2763	2.4623	381.99	29.923	0.0001	740	0	1	1	0	289952	PYRIMIDINE                    
2785	3.1001	436.27	38.993	0.0001	740	0	1	1	0	119653	ISOQUINOLINE                  
2795	3.6401	333.43	46.953	0.0001	740	0	1	1	0	108758	246-TRIMETHYLPYRIDINE         
2797	3.0566	352.36	34.365	0.0001	740	0	1	1	0	108996	3-METHYLPYRIDINE              
2799	3.0868	351.59	34.361	0.0001	740	0	1	1	0	108894	4-METHYLPYRIDINE              
3711	4.0143	292.42	38.727	0.0001	1940	0	1	1	0	109557	3-(NN-DIMETHYLAMINO)PROPYL    
3715	3.4859	408.43	44.241	0.0001	740	0	1	1	0	611325	8-METHYLQUINOLINE             
3723	7.5111	269.28	86.221	0.0001	1940	0	1	1	0	621772	TRIAMYLAMINE                  
3730	3.7945	286.18	47.863	0.0001	1940	0	1	1	0	110189	TETRAMETHYLETHYLENEDIAMINE    
3740	4.074	443.73	57.989	0.0001	740	0	1	1	0	260946	ACRIDINE                      
5869	2.6238	322.56	22.353	0.0001	740	0	1	1	0	288426	OXAZOLE                       
5892	2.7785	335.22	24.433	0.0001	740	0	1	1	0	288142	ISOXAZOLE                     
7885	3.3289	325.9	40.892	0.0001	740	0	1	1	0	100743	N-ETHYLMORPHOLINE             
7896	4.3883	320.11	48.95	0.0001	740	0	1	1	0	10220232	4-(2-METHOXYETHYL)MORPHOLINE  
9854	3.5829	385.18	42.149	0.0001	740	0	1	1	0	80739	13-DIMETHYL-2-IMIDAZOLIDINO   
9877	2.7659	376.29	34.172	0.0001	1940	0	1	1	0	62759	N-NITROSODIMETHYLAMINE        
1406	4.194	271.33	51.167	0.0004	1120	0	1	1	0	6863587	DI-sec-BUTYLETHER             
1408	2.8801	266.57	31.452	0.0004	1120	0	1	1	0	557175	METHYLn-PROPYLETHER           
1409	3.9005	273.37	47.22	0.0004	1120	0	1	1	0	1860271	ISOPROPYLBUTYLETHER           
1410	3.0974	270.06	36.094	0.0004	1120	0	1	1	0	625445	METHYLISOBUTYLETHER           
1411	2.8515	261.04	31.046	0.0004	1120	0	1	1	0	598538	METHYLISOPROPYLETHER          
1412	6.0974	283.83	75.71	0.0004	1120	0	1	1	0	112583	DI-n-HEXYLETHER               
1413	3.2063	274.84	37.416	0.0004	1120	0	1	1	0	628284	METHYLn-BUTYLETHER            
1414	3.2786	246	26.675	0.0004	1120	0	1	1	0	109933	DIVINYLETHER                  
1418	9.3855	284.17	102.852	0.0004	1120	0	1	1	0	2456271	DINONYLETHER                  
1419	3.6612	356.68	39.064	0.0004	1120	0	1	1	0	496140	PHTHALAN                      
1420	4.3005	347.92	57.375	0.0004	1120	0	1	1	0	104461	ANETHOLE                      
1422	3.4199	315.74	25.189	0.0004	1120	0	1	1	0	110883	TRIOXANE                      
1423	3.1456	297.03	58.457	0.0004	1120	0	1	1	0	6163662	DI-tert-BUTYLETHER            
1424	9.1045	274.9	90.135	0.0004	1120	0	1	1	0	629823	DI-n-OCTYLETHER               
1425	5.606	274.98	63.746	0.0004	1120	0	1	1	0	693652	DI-n-PENTYLETHER              
1426	3.2848	264.41	35.746	0.0004	1120	0	1	1	0	6795875	METHYLsec-BUTYLETHER          
1427	3.0919	290.38	43.516	0.0004	1120	0	1	1	0	994058	METHYLtert-PENTYLETHER        
1428	3.2576	271.34	42.568	0.0004	1120	0	1	1	0	637923	tert-BUTYLETHYLETHER          
1429	3.4261	285.48	43.586	0.0004	1120	0	1	1	0	628808	METHYLn-PENTYLETHER           
1430	3.382	286.64	48.48	0.0004	1120	0	1	1	0	919948	ETHYLtert-PENTYLETHER         
1431	3.0476	262.86	30.225	0.0004	1120	0	1	1	0	109875	METHYLAL                      
1432	4.408	257.55	38.332	0.0004	1120	0	1	1	0	105577	ACETAL                        
1433	3.6928	272.75	45.936	0.0004	1120	0	1	1	0	78448336	ISOPROPYLISOBUTYLETHER        
1434	3.5083	268.8	41.213	0.0004	1120	0	1	1	0	627021	ETHYLISOBUTYLETHER            
1435	5.5306	319.6	52.482	0.0004	1120	0	1	1	0	122601	12-EPOXY-3-PHENOXYPROPANE     
1436	5.3284	262.64	47.509	0.0004	1120	0	1	1	0	122510	TRIETHYLORTHOFORMATE          
1439	4.0076	351.97	51.964	0.0004	1120	0	1	1	0	10410352	35-DIMETHYLBENZOFURAN         
1440	2.1575	331.42	29.28	0.0004	1120	0	1	1	0	558305	12-EPOXY-2-METHYLPROPANE      
1442	2.7984	273.18	24.73	0.0004	1120	0	1	1	0	75569	12-PROPYLENEOXIDE             
1443	2.3793	316.15	23.397	0.0004	1120	0	1	1	0	503300	13-PROPYLENEOXIDE             
1445	2.8833	265.83	29.3	0.0004	1120	0	1	1	0	109922	ETHYLVINYLETHER               
1447	3.716	271.62	40.943	0.0004	1120	0	1	1	0	111342	BUTYLVINYLETHER               
1448	3.7436	268.36	42.253	0.0004	1120	0	1	1	0	628819	BUTYLETHYLETHER               
1449	5.2099	348.37	84.604	0.0004	1120	0	1	1	0	93969	BIS(alpha-METHYLBENZYL)ETHE   
1453	2.9828	303.78	42.93	0.0004	1120	0	1	1	0	557404	ALLYLETHER                    
1454	7.1995	268.28	55.931	0.0004	1120	0	1	1	0	112492	TRIETHYLENEGLYCOLDIMETHYL     
1455	3.4322	279.89	33.591	0.0004	1120	0	1	1	0	110714	12-DIMETHOXYETHANE            
1456	5.2978	273.6	46.301	0.0004	1120	0	1	1	0	111966	DIETHYLENEGLYCOLDIMETHYLE     
1458	5.9906	270.54	55.306	0.0004	1120	0	1	1	0	112367	DIETHYLENEGLYCOLDIETHYLET     
1460	4.2183	320.68	49.223	0.0004	1120	0	1	1	0	539300	BENZYLETHYLETHER              
1462	3.964	320.39	44.425	0.0004	1120	0	1	1	0	103731	PHENETOLE                     
1464	3.9148	312.76	40.244	0.0004	1120	0	1	1	0	106923	ALLYLGLYCIDYLETHER            
1465	4.0808	375.75	58.042	0.0004	1120	0	1	1	0	101848	DIPHENYLETHER                 
1466	4.273	323.12	54.379	0.0004	1120	0	1	1	0	19177049	1-METHYL-3-(METHYLETHOXY)BEN  
1467	3.6404	376.87	47.765	0.0004	1120	0	1	1	0	106538389	23452'3'4'5'-OCTAHYDR         
1468	3.2111	272.01	33.094	0.0004	1120	0	1	1	0	534156	11-DIMETHOXYETHANE            
1469	10.8602	287.79	79.678	0.0004	1120	0	1	1	0	1191873	PENTAETHYLENEGLYCOLDIMETHY    
1470	2.7408	249.73	23.693	0.0004	1120	0	1	1	0	107255	METHYLVINYLETHER              
1471	2.6419	305.37	30.523	0.0004	1120	0	1	1	0	106887	12-EPOXYBUTANE                
1477	2.1462	345.63	25.823	0.0004	1120	0	1	1	0	1708298	25-DIHYDROFURAN               
1478	2.4448	294.39	22.969	0.0004	1120	0	1	1	0	110009	FURAN                         
1480	3.7994	414.2	53.677	0.0004	1120	0	1	1	0	132649	DIBENZOFURAN                  
1482	3.7776	275.54	52.369	0.0004	1120	0	1	1	0	110054	DI-t-BUTYLPEROXIDE            
1485	3.4385	363.61	46.422	0.0004	1120	0	1	1	0	4265252	2-METHYLBENZOFURAN            
1486	8.4953	320.16	61.145	0.0004	1120	0	1	1	0	98497	p-DIISOPROPYLBENZENEHYDROPE   
1487	3.8624	281.32	46.178	0.0004	1120	0	1	1	0	39972786	ALLYL-TERT-BUTYLPEROXIDE      
1488	5.8347	318.67	101.125	0.0004	1120	0	1	1	0	1243297100	1-tert-BUTOXY-2-[2-(tert-BUT  
1489	3.4877	281.75	38.085	0.0004	1120	0	1	1	0	7778850	12-DIMETHOXYPROPANE           
1490	3.4719	290.78	52.853	0.0004	1120	0	1	1	0	32970459	sec-BUTYL-tert-BUTYLETHER     
1491	3.4412	291.16	52.842	0.0004	1120	0	1	1	0	33021022	ISOBUTYL-tert-BUTYLETHER      
1494	3.4412	291.16	52.842	0.0004	1120	0	1	1	0	33021022	ISOBUTYL-tert-BUTYLETHER      
1715	2.9962	280.1	22.051	0.0004	1010	1010	1	1	1	765300	CYCLOPROPYLAMINE              
1718	4.4563	275.76	51.469	0.0004	1010	1010	1	1	1	110963	DIISOBUTYLAMINE               
1759	3.5375	396.85	55.306	0.0004	1010	1010	1	1	1	91634	QUINALDINE                    
1795	4.31	337.34	31.031	0.0004	1010	1010	1	1	1	100618	N-METHYLANILINE               
1861	2.8643	292.28	26.026	0.0004	1120	0	1	1	0	107302	CHLOROMETHYLMETHYLETHER       
1866	3.7285	337.09	44.179	0.0004	1120	0	1	1	0	111444	DI(2-CHLOROETHYL)ETHER        
1897	4.4597	284.2	45.308	0.0004	1120	0	1	1	0	108656	PROPYLENEGLYCOLMONOMETHYL     
1899	3.6001	307.12	36.584	0.0004	1120	0	1	1	0	4454051	METHOXYDIHYDROPYRAN           
2415	3.6576	249.25	34.299	0.0004	1120	0	1	1	0	625547	ETHYLISOPROPYLETHER           
2417	4.6294	273.7	53.517	0.0004	1120	0	1	1	0	5756434	ETHYLn-HEXYLETHER             
2422	3.0246	323.68	28.5	0.0004	1120	0	1	1	0	505226	13-DIOXANE                    
2432	3.9595	259.52	37.516	0.0004	1120	0	1	1	0	462953	ETHYLAL                       
2456	4.4422	266.99	43.698	0.0004	1120	0	1	1	0	629141	12-DIETHOXYETHANE             
2478	2.5858	307.03	24.351	0.0004	1120	0	1	1	0	1191997	23-DIHYDROFURAN               
2522	3.9794	329.26	58.506	0.0004	1120	0	1	1	0	18970440	1-ETHYL-2-ISOPROPYLBENZENE    
2728	5.6409	276.11	61.94	0.0004	1010	1010	1	1	1	4062606	NN'-DI-tert-BUTYLETHYLENEDIAMI
2731	3.7232	314.98	42.457	0.0004	1010	1010	1	1	1	100607	N-METHYLCYCLOHEXYLAMINE       
2739	4.0275	273.72	39.168	0.0004	1010	1010	1	1	1	124027	DIALLYLAMINE                  
2766	2.9782	405.22	27.747	0.0004	1010	1010	1	1	1	288131	PYRAZOLE                      
2784	3.7101	400.57	43.801	0.0004	1010	1010	1	1	1	120729	INDOLE                        
2789	4.5982	423	62.383	0.0004	1010	1010	1	1	1	86748	DIBENZOPYRROLE                
2858	3.5387	216.86	23.948	0.0004	1120	0	1	1	0	1691174	BIS(DIFLUOROMETHYL)ETHER      
2870	4.4295	408.77	32.828	0.0004	400	6200	1	1	1	123568	SUCCINIMIDE                   
2887	4.6117	354.43	47.742	0.0004	1010	1010	1	1	1	156434	p-PHENETIDINE                 
3719	4.2931	406.77	18.436	0.0004	1010	1010	1	1	1	288324	IMIDAZOLE                     
3722	6.2688	273.47	62.456	0.0004	1010	1010	1	1	1	2050922	DIAMYLAMINE                   
4887	4.2923	344.28	35.1	0.0004	1010	1010	1	1	1	100641	CYCLOHEXANONEOXIME            
5857	3.2301	309.43	31.049	0.0004	1120	0	1	1	0	542881	BIS(CHLOROMETHYL)ETHER        
5858	7.0447	324.54	55.291	0.0004	1120	0	1	1	0	1656480	BIS(CYANOETHYL)ETHER          
5866	4.0853	293.9	31.076	0.0004	1120	0	1	1	0	96344	METHYLCHLOROACETATE           
5868	3.0973	477.64	71.842	0.0004	1010	1010	1	1	1	102012	ACETOACETANILIDE              
5870	5.08	375.91	48.712	0.0004	1010	1010	1	1	1	103844	ACETANILIDE                   
5885	6.2449	282.76	56.577	0.0004	1120	0	1	1	0	112152	DIETHYLENEGLYCOLETHYLETHE     
6852	4.2063	335.54	44.982	0.0004	400	6200	1	1	1	2425743	tert-BUTYLFORMAMIDE           
6885	4.4033	296.45	53.407	0.0004	1120	0	1	1	0	763699	ETHYL-3-ETHOXYPROPIONATE      
7851	4.6424	326.55	51.24	0.0004	1120	0	1	1	0	111911	DI-(2-CHLOROETHOXY)METHANE    
7852	5.5323	429.68	36.357	0.0004	1010	1010	1	1	1	81072	SACCHARIN                     
7870	8.1507	277.22	42.824	0.0004	1120	0	1	1	0	64001065	4-[(TETRAHYDRO-2-FURANYL)OXY  
7874	9.9329	312.84	133.614	0.0004	1120	0	1	1	0	94280	TRIETHYLENEGLYCOLBIS(2-ETH    
7881	5.3365	353.2	35.109	0.0004	1010	1010	1	1	1	96311	13-DIMETHYLUREA               
9874	3.7904	468.14	40.226	0.0004	1010	1010	1	1	1	497256	2-OXAZOLIDONE                 
899	2.1473	197.37	11.196	0.001	0	90	1	0	1	10024972	NitrousOxide                  
904	4.2214	205.82	14.057	0.001	0	90	1	0	1	10544737	NitrogenTrioxide              
911	4.4784	232.99	13.618	0.001	900	0	1	1	0	7446119	SulfurTrioxide                
1004	3.5866	336.33	39.047	0.001	730	0	1	1	0	100505	1236-TETRAHYDROBENZALDEHY     
1006	3.529	261.9	29.812	0.001	730	0	1	1	0	78842	2-METHYLPROPANAL              
1007	3.3076	299.76	35.986	0.001	730	0	1	1	0	110623	PENTANAL                      
1008	3.8711	309.54	46.317	0.001	730	0	1	1	0	111717	HEPTANAL                      
1009	3.5883	304.93	41.237	0.001	730	0	1	1	0	66251	HEXANAL                       
1010	4.3812	305.51	49.441	0.001	730	0	1	1	0	124130	OCTANAL                       
1011	4.6421	308.87	55.446	0.001	730	0	1	1	0	124196	NONANAL                       
1012	3.6912	324.82	42.642	0.001	730	0	1	1	0	2043610	CYCLOHEXANECARBOXALDEHYDE     
1013	4.047	304.31	53.994	0.001	730	0	1	1	0	123057	2-ETHYLHEXANAL                
1016	4.3849	283.01	47.569	0.001	730	0	1	1	0	925542	2-METHYLHEXANAL               
1017	4.3198	285.92	47.997	0.001	730	0	1	1	0	19269284	3-METHYLHEXANAL               
1018	3.4275	315.97	45.019	0.001	730	0	1	1	0	623369	2-METHYL-2-PENTENAL           
1019	4.2504	307.29	55.604	0.001	730	0	1	1	0	645625	2-ETHYL-2-HEXENAL             
1020	4.9126	310.39	57.619	0.001	730	0	1	1	0	112312	DECANAL                       
1021	6.1618	296.74	60.059	0.001	730	0	1	1	0	112447	UNDECANAL                     
1025	5.8157	308.35	64.403	0.001	730	0	1	1	0	112549	DODECANAL                     
1026	6.854	300.63	64.851	0.001	730	0	1	1	0	10486198	TRIDECANAL                    
1031	3.6628	276.73	33.92	0.001	730	0	1	1	0	96173	2-METHYLBUTYRALDEHYDE         
1032	3.7231	275.1	33.798	0.001	730	0	1	1	0	590863	3-METHYLBUTYRALDEHYDE         
1033	6.8115	254.84	18.522	0.001	730	0	1	1	0	141468	GLYCOLALDEHYDE                
1034	3.0668	276.05	25.11	0.001	730	0	1	1	0	107028	ACROLEIN                      
1035	3.2839	294.17	29.544	0.001	730	0	1	1	0	15798648	cis-CROTONALDEHYDE            
1036	3.3476	297.79	35.595	0.001	730	0	1	1	0	123739	trans-CROTONALDEHYDE          
1037	2.7222	303.75	31.611	0.001	730	0	1	1	0	78853	METHACROLEIN                  
1039	3.6822	352.87	45.161	0.001	730	0	1	1	0	529204	o-TOLUALDEHYDE                
1040	3.5797	367.79	43.862	0.001	730	0	1	1	0	104870	p-TOLUALDEHYDE                
1043	5.558	374.09	36.318	0.0004	880	1620	1	1	0	123080	p-HYDROXYBENZALDEHYDE         
1044	5.3047	332.23	43.816	0.001	730	0	1	1	0	623278	TEREPHTHALDEHYDE              
1045	4.1192	337.5	43.795	0.001	730	0	1	1	0	620235	m-TOLUALDEHYDE                
1046	5.0253	291.84	56.399	0.001	730	0	1	1	0	7786290	2-METHYLOCTANAL               
1047	4.5165	286.7	51.328	0.001	730	0	1	1	0	16630914	2-METHYLHEPTANAL              
1050	4.1453	282.18	38.42	0.001	730	0	1	1	0	123637	PARALDEHYDE                   
1053	3.4448	292.45	36.35	0.001	910	0	1	1	0	96220	3-PENTANONE                   
1055	3.6951	290.97	41.185	0.001	910	0	1	1	0	565617	3-METHYL-2-PENTANONE          
1056	4.0179	289.12	40.234	0.001	910	0	1	1	0	109499	5-HEXEN-2-ONE                 
1057	3.9071	301.87	48.936	0.001	910	0	1	1	0	106354	3-HEPTANONE                   
1058	3.9069	299.58	48.568	0.001	910	0	1	1	0	123193	4-HEPTANONE                   
1059	3.6806	296.39	41.93	0.001	910	0	1	1	0	589388	3-HEXANONE                    
1061	3.2564	294.82	35.709	0.001	910	0	1	1	0	563804	METHYLISOPROPYLKETONE         
1062	3.7201	297.65	42.594	0.001	910	0	1	1	0	591786	2-HEXANONE                    
1064	3.7144	304.61	48.232	0.001	910	0	1	1	0	110123	5-METHYL-2-HEXANONE           
1065	3.321	317.24	42.974	0.001	910	0	1	1	0	141797	MESITYLOXIDE                  
1066	3.3017	298.83	41.533	0.001	910	0	1	1	0	75978	33-DIMETHYL-2-BUTANONE        
1068	4.7144	287.21	55.786	0.001	910	0	1	1	0	108838	DIISOBUTYLKETONE              
1069	3.8824	287.27	44.995	0.001	910	0	1	1	0	565800	DIISOPROPYLKETONE             
1072	4.0376	303.48	52.884	0.001	910	0	1	1	0	624420	ETHYLISOAMYLKETONE            
1073	4.7628	297.69	61.828	0.001	910	0	1	1	0	502567	5-NONANONE                    
1074	4.571	307.62	61.343	0.001	910	0	1	1	0	821556	2-NONANONE                    
1075	5.9439	391.06	60.156	0.001	910	0	1	1	0	84651	ANTHRAQUINONE                 
1077	3.9261	351.52	53.884	0.001	910	0	1	1	0	78591	ISOPHORONE                    
1079	3.0054	343.49	33.814	0.001	910	0	1	1	0	120923	CYCLOPENTANONE                
1083	4.2034	306.87	55.469	0.001	910	0	1	1	0	111137	2-OCTANONE                    
1092	3.575	375.78	34.255	0.001	910	0	1	1	0	96480	gamma-BUTYROLACTONE           
1094	3.5529	374.6	36.158	0.001	910	0	1	1	0	108292	gamma-VALEROLACTONE           
1095	3.767	285.9	40.575	0.001	910	0	1	1	0	565695	ETHYLISOPROPYLKETONE          
1096	2.9426	314.01	36.383	0.001	910	0	1	1	0	814788	METHYLISOPROPENYLKETONE       
1098	13.8688	243.19	18.065	0.001	910	0	1	1	0	106514	QUINONE                       
1099	3.6913	312.91	24.67	0.001	910	0	1	1	0	674828	DIKETENE                      
1100	1.9742	245.66	16.827	0.001	910	0	1	1	0	463514	KETENE                        
1113	5.3168	248.29	29.472	0.001	1280	3960	1	1	1	75843	22-DIMETHYL-1-PROPANOL        
1118	6.5645	248.42	35.333	0.001	1280	3960	1	1	1	589355	3-METHYL-1-PENTANOL           
1119	4.1234	281.04	38.027	0.001	1280	3960	1	1	1	77747	3-METHYL-3-PENTANOL           
1122	6.8461	248.66	39.628	0.001	1280	3960	1	1	1	624226	2-METHYL-1-HEXANOL            
1127	4.8842	279.32	43.857	0.001	1280	3960	1	1	1	589822	3-HEPTANOL                    
1129	6.6111	255.11	40.705	0.001	1280	3960	1	1	1	627985	5-METHYL-1-HEXANOL            
1139	5.3949	302.65	61.239	0.001	1280	3960	1	1	1	55505265	8-METHYL-1-NONANOL            
1147	5.6814	260.47	35.705	0.001	1280	3960	1	1	1	97950	2-ETHYL-1-BUTANOL             
1150	6.7402	255.25	43.163	0.001	1280	3960	1	1	1	60435703	2-METHYL-1-HEPTANOL           
1153	6.0701	265.45	33.93	0.001	1280	3960	1	1	1	7443701	cis-2-METHYLCYCLOHEXANOL      
1155	6.2475	267.89	34.231	0.001	1280	3960	1	1	1	5454795	cis-3-METHYLCYCLOHEXANOL      
1156	6.2456	268.61	34.318	0.001	1280	3960	1	1	1	7443552	trans-3-METHYLCYCLOHEXANOL    
1157	6.2053	266.96	34.111	0.001	1280	3960	1	1	1	7731284	cis-4-METHYLCYCLOHEXANOL      
1158	6.6043	262.35	33.467	0.001	1280	3960	1	1	1	7731295	trans-4-METHYLCYCLOHEXANOL    
1159	6.6463	277.05	49.417	0.001	1280	3960	1	1	1	2216515	L-MENTHOL                     
1160	9.2816	369.94	155.644	0.001	1280	3960	1	1	1	83465	SITOSTEROL                    
1162	6.2194	289.52	47.526	0.001	1280	3960	1	1	1	98555	alpha-TERPINEOL               
1163	6.2107	285.43	45.892	0.001	1280	3960	1	1	1	138874	beta-TERPINEOL                
1164	10.1243	258.68	66.027	0.001	1280	3960	1	1	1	51655573	2-BUTYL-NONAN-1-OL            
1165	9.6441	255.52	61.265	0.001	1280	3960	1	1	1	10522266	2-METHYL-1-UNDECANOL          
1168	5.2924	296.92	41.177	0.001	1280	3960	1	1	1	617947	2-PHENYL-2-PROPANOL           
1169	9.1752	258.99	62.948	0.001	1280	3960	1	1	1	3913028	2-BUTYL-OCTAN-1-OL            
1171	4.8152	344.23	42.168	0.001	540	1660	1	1	1	4286231	p-ISOPROPENYLPHENOL           
1173	5.6558	285.57	42.666	0.001	1280	3960	1	1	1	34885035	4-METHYL-CYCLOHEXANE-METHANO  
1175	5.3948	311.24	43.157	0.001	1280	3960	1	1	1	536505	palpha-DIMETHYLBENZYLALCOH    
1179	3.2934	312.3	23.27	0.001	1280	3960	1	1	1	107197	PROPARGYLALCOHOL              
1186	4.6091	394.37	32.191	0.001	540	1660	1	1	1	123319	p-HYDROQUINONE                
1197	4.4462	349.25	50.149	0.001	540	1660	1	1	1	98544	p-tert-BUTYLPHENOL            
1199	6.8471	321.6	75.007	0.001	540	1660	1	1	1	25154523	NONYLPHENOL                   
1204	5.9074	346.08	64.746	0.001	1280	3960	1	1	1	112607	TETRAETHYLENEGLYCOL           
1205	5.8119	291.99	64.751	0.001	1280	3960	1	1	1	79808303	13-DI-TERT-BUTYLGLYCERIN      
1206	8.0888	376.75	30.31	0.001	1280	3960	1	1	1	87990	XYLITOL                       
1207	5.5644	344.01	42.471	0.001	1280	3960	1	1	1	93561	STYRENEGLYCOL                 
1210	5.1879	316.64	48.286	0.001	1280	3960	1	1	1	3010966	2244-TETRAMETHYL-13-CYCL      
1218	6.7189	307.3	57.172	0.001	1280	3960	1	1	1	115844	2-BUTYL-2-ETHYL-13-PROPANED   
1219	6.2679	298.3	26.996	0.001	1280	3960	1	1	1	2163420	2-METHYL-13-PROPANEDIOL       
1220	5.6812	299.43	27.848	0.001	1280	3960	1	1	1	584032	12-BUTANEDIOL                 
1223	7.7063	253.84	24.191	0.001	1280	3960	1	1	1	558430	ISOBUTYLENEGLYCOL             
1234	6.6233	339.48	43.59	0.001	1280	3960	1	1	1	1948330	MONO-TERT-BUTYLHYDROQUINONE   
1235	6.572	327.77	42.042	0.001	1280	3960	1	1	1	98293	p-tert-BUTYLCATECHOL          
1236	5.3721	312.54	55.961	0.001	1280	3960	1	1	1	144194	224-TRIMETHYL-13-PENTANED     
1242	13.2742	241.63	25.99	0.001	1280	3960	1	1	1	111295	15-PENTANEDIOL                
1244	6.0858	329.73	21.326	0.001	1280	3960	1	1	1	120809	12-BENZENEDIOL                
1245	6.2364	347.16	22.444	0.001	1280	3960	1	1	1	108463	13-BENZENEDIOL                
1248	8.628	326.85	17.616	0.001	1280	3960	1	1	1	87661	123-BENZENETRIOL              
1292	5.0937	283.88	41.969	0.001	900	0	1	1	0	123626	PROPIONICANHYDRIDE            
1295	4.513	383.97	27.394	0.001	900	0	1	1	0	108305	SUCCINICANHYDRIDE             
1296	4.6502	392.84	32.588	0.001	900	0	1	1	0	108554	GLUTARICANHYDRIDE             
1308	5.3183	289.74	60.192	0.001	900	0	1	1	0	112323	n-OCTYLFORMATE                
1309	6.2716	280.71	63.51	0.001	900	0	1	1	0	5451923	n-NONYLFORMATE                
1310	6.4157	285.9	69.528	0.001	900	0	1	1	0	5451525	n-DECYLFORMATE                
1311	3.0035	274.23	24.735	0.001	900	0	1	1	0	692455	VINYLFORMATE                  
1318	3.6935	283.91	36.252	0.001	900	0	1	1	0	591877	ALLYLACETATE                  
1319	3.6166	272.33	38.777	0.001	900	0	1	1	0	108214	ISOPROPYLACETATE              
1321	3.4765	269.69	31.723	0.001	900	0	1	1	0	108054	VINYLACETATE                  
1322	3.4242	277.24	32.155	0.001	900	0	1	1	0	554121	METHYLPROPIONATE              
1323	3.7675	275.3	38.583	0.001	900	0	1	1	0	105373	ETHYLPROPIONATE               
1324	4.2037	275.77	43.007	0.001	900	0	1	1	0	106365	n-PROPYLPROPIONATE            
1326	4.3575	284.87	48.712	0.001	900	0	1	1	0	590012	n-BUTYLPROPIONATE             
1327	4.1553	289.1	50.662	0.001	900	0	1	1	0	105668	n-PROPYLn-BUTYRATE            
1331	3.6497	278.53	35.504	0.001	900	0	1	1	0	105384	VINYLPROPIONATE               
1332	3.635	283.29	38.24	0.001	900	0	1	1	0	623427	METHYLn-BUTYRATE              
1333	3.8175	286.53	45.846	0.001	900	0	1	1	0	105544	ETHYLn-BUTYRATE               
1336	4.3641	277.43	46.777	0.001	900	0	1	1	0	644495	n-PROPYLISOBUTYRATE           
1339	5.6618	286.07	65.444	0.001	900	0	1	1	0	106321	ETHYLCAPRYLATE                
1341	3.3402	282.74	30.763	0.001	900	0	1	1	0	96333	METHYLACRYLATE                
1342	3.5976	283.61	36.075	0.001	900	0	1	1	0	140885	ETHYLACRYLATE                 
1343	4.0641	279.21	40.855	0.001	900	0	1	1	0	925600	n-PROPYLACRYLATE              
1344	4.4126	285.27	46.985	0.001	900	0	1	1	0	141322	n-BUTYLACRYLATE               
1346	5.2805	283.17	58.817	0.001	900	0	1	1	0	591684	n-BUTYLVALERATE               
1347	3.854	294.02	48.928	0.001	900	0	1	1	0	108645	ETHYLISOVALERATE              
1352	3.4111	301.92	43.115	0.001	900	0	1	1	0	97632	ETHYLMETHACRYLATE             
1353	3.819	300.54	48.75	0.001	900	0	1	1	0	2210288	n-PROPYLMETHACRYLATE          
1357	4.389	286.69	49.584	0.001	900	0	1	1	0	628637	n-PENTYLACETATE               
1360	3.9915	297.25	54.052	0.001	900	0	1	1	0	97858	ISOBUTYLISOBUTYRATE           
1361	5.0819	290.22	63.763	0.001	900	0	1	1	0	659701	ISOPENTYLISOVALERATE          
1363	4.966	283.63	53.923	0.001	900	0	1	1	0	142927	n-HEXYLACETATE                
1365	5.1855	327.78	61.215	0.001	900	0	1	1	0	136607	n-BUTYLBENZOATE               
1366	3.7434	407.35	28.326	0.001	900	0	1	1	0	96491	ETHYLENECARBONATE             
1367	5.4259	284.43	59.116	0.001	900	0	1	1	0	112061	n-HEPTYLACETATE               
1368	5.8385	284.8	64.188	0.001	900	0	1	1	0	112141	n-OCTYLACETATE                
1369	6.1973	283.81	69.066	0.001	900	0	1	1	0	143135	n-NONYLACETATE                
1381	4.9796	356.47	62.375	0.001	900	0	1	1	0	120616	DIMETHYLTEREPHTHALATE         
1382	10.4591	322.24	128.902	0.001	900	0	1	1	0	4654266	DI-n-OCTYLTEREPHTHALATE       
1383	9.9215	291.3	122.639	0.001	900	0	1	1	0	123955	n-BUTYLSTEARATE               
1384	9.806	293.58	104.089	0.001	900	0	1	1	0	109433	DIBUTYLSEBACATE               
1385	4.4818	292.32	55.232	0.001	900	0	1	1	0	109217	n-BUTYLn-BUTYRATE             
1386	6.0857	282.69	66.155	0.001	900	0	1	1	0	103117	2-ETHYLHEXYLACRYLATE          
1387	4.2942	314.39	48.651	0.001	900	0	1	1	0	111557	ETHYLENEGLYCOLDIACETATE       
1388	3.9895	302.3	53.73	0.001	900	0	1	1	0	97869	ISOBUTYLMETHACRYLATE          
1389	4.2242	299.99	54.473	0.001	900	0	1	1	0	97881	n-BUTYLMETHACRYLATE           
1390	3.9646	343.07	45.317	0.001	900	0	1	1	0	93583	METHYLBENZOATE                
1392	4.4191	274.64	38.834	0.001	900	0	1	1	0	105588	DIETHYLCARBONATE              
1394	5.6581	287.89	50.177	0.001	900	0	1	1	0	105533	DIETHYLMALONATE               
1395	4.9595	315.35	78.409	0.001	900	0	1	1	0	110429	METHYLDECANOATE               
1397	5.7514	323.29	62.895	0.001	900	0	1	1	0	94600	DIMETHYL-14-CYCLOHEXANEDICA   
1700	4.0453	356.02	57.42	0.001	990	0	1	1	0	4538378	14-BUTANEDIISOCYANATE         
1705	3.2571	280.2	35.237	0.001	730	1470	1	1	1	594398	2-METHYL-2-AMINOBUTANE        
1720	8.4014	286.15	82.059	0.001	730	1470	1	1	1	2016424	n-TETRADECYLAMINE             
1722	5.6111	327.88	38.186	0.001	1280	3960	1	1	1	105599	METHYLDIETHANOLAMINE          
1730	6.7298	362.13	102.917	0.001	730	1470	1	1	1	1446613	DEHYDROABIETYLAMINE           
1732	5.2542	362.52	40.05	0.001	730	1470	1	1	1	95807	24-DIAMINOTOLUENE             
1734	4.3254	314.61	38.5	0.001	730	1470	1	1	1	280579	TRIETHYLENEDIAMINE            
1735	5.5557	374.79	64.161	0.001	730	1470	1	1	1	136356	13-DIPHENYLTRIAZENE           
1739	8.8707	280.88	41.954	0.001	730	1470	1	1	1	112243	TRIETHYLENETETRAMINE          
1740	3.2869	268.06	23.906	0.001	730	1470	1	1	1	107119	ALLYLAMINE                    
1742	2.4663	321.27	20.181	0.001	730	1470	1	1	1	151564	ETHYLENEIMINE                 
1747	6.2209	371.85	56.448	0.001	730	1470	1	1	1	101542	p-AMINODIPHENYLAMINE          
1750	5.0231	324.99	41.46	0.001	730	1470	1	1	1	140318	N-AMINOETHYLPIPERAZINE        
1752	4.4832	278.53	25.364	0.001	730	1470	1	1	1	78900	12-PROPANEDIAMINE             
1757	4.8602	351.66	34.549	0.001	730	1470	1	1	1	100630	PHENYLHYDRAZINE               
1769	4.2118	301.95	38.33	0.001	0	90	1	0	1	627054	1-NITROBUTANE                 
1775	3.008	304.61	35.558	0.001	990	0	1	1	0	126987	METHACRYLONITRILE             
1776	5.0661	351.16	47.941	0.001	990	0	1	1	0	110612	SUCCINONITRILE                
1777	6.0318	337.94	57.851	0.001	990	0	1	1	0	111693	ADIPONITRILE                  
1778	4.462	342.18	43.198	0.001	990	0	1	1	0	88722	o-NITROTOLUENE                
1779	4.0024	366.58	54.267	0.001	990	0	1	1	0	99990	p-NITROTOLUENE                
1785	4.647	335.25	39.925	0.001	990	0	1	1	0	109773	MALONONITRILE                 
1786	4.0901	310.33	44.751	0.001	990	0	1	1	0	628739	HEXANENITRILE                 
1787	3.3488	297.75	36.633	0.001	990	0	1	1	0	78820	ISOBUTYRONITRILE              
1789	3.6095	300.17	36.23	0.001	990	0	1	1	0	627269	trans-CROTONITRILE            
1793	5.8736	316.16	50.395	0.001	990	0	1	1	0	584849	24-TOLUENEDIISOCYANATE        
1798	3.5063	294.13	35.342	0.001	990	0	1	1	0	1190767	cis-CROTONITRILE              
1799	2.9024	223.26	16.932	0.001	990	0	1	1	0	460195	CYANOGEN                      
1803	2.5884	314.28	29.618	0.001	0	2680	1	0	1	107039	n-PROPYLMERCAPTAN             
1804	2.3557	323.69	33.819	0.001	0	2680	1	0	1	75661	tert-BUTYLMERCAPTAN           
1805	2.7376	319.61	34.868	0.001	0	2680	1	0	1	513440	ISOBUTYLMERCAPTAN             
1806	2.7184	317.7	34.596	0.001	0	2680	1	0	1	513531	sec-BUTYLMERCAPTAN            
1807	3.6102	319.07	48.518	0.001	0	2680	1	0	1	111319	n-HEXYLMERCAPTAN              
1808	4.9577	312.72	65.369	0.001	0	2680	1	0	1	1455216	n-NONYLMERCAPTAN              
1809	4.2183	323.22	61.228	0.001	0	2680	1	0	1	111886	n-OCTYLMERCAPTAN              
1810	2.4546	309.96	28.037	0.001	0	2680	1	0	1	75332	ISOPROPYLMERCAPTAN            
1811	2.8307	374.31	42.11	0.001	0	2680	1	0	1	1569693	CYCLOHEXYLMERCAPTAN           
1812	3.1937	385.4	43.528	0.001	0	2680	1	0	1	100538	BENZYLMERCAPTAN               
1823	3.3432	394.96	45.666	0.001	0	2680	1	0	1	149304	2-MERCAPTOBENZOTHIAZOLE       
1825	5.9778	308.01	75.371	0.001	0	2680	1	0	1	5332525	UNDECYLMERCAPTAN              
1826	5.4469	310.38	70.57	0.001	0	2680	1	0	1	143102	n-DECYLMERCAPTAN              
1827	3.2423	319.11	42.293	0.001	0	2680	1	0	1	110667	n-PENTYLMERCAPTAN             
1838	3.5884	321.87	58.148	0.001	0	2680	1	0	1	141593	tert-OCTYLMERCAPTAN           
1839	4.0121	317.96	54.509	0.001	0	2680	1	0	1	1639094	n-HEPTYLMERCAPTAN             
1840	1.7749	457.76	51.813	0.001	0	2680	1	0	1	592881	DIALLYLSULFIDE                
1842	2.876	386.01	36.513	0.001	0	2680	1	0	1	108985	PHENYLMERCAPTAN               
1847	4.0225	402.38	45.079	0.001	900	0	1	1	0	872935	3-METHYLSULFOLANE             
1848	6.7322	320.14	49.733	0.001	900	0	1	1	0	598038	DI-n-PROPYLSULFONE            
1849	6.1794	329.59	62.843	0.001	900	0	1	1	0	598049	DI-n-BUTYLSULFONE             
1850	3.0499	162.39	12.807	0.001	910	0	1	1	0	353504	CARBONYLFLUORIDE              
1851	3.1484	274.25	21.847	0.001	910	0	1	1	0	75365	ACETYLCHLORIDE                
1853	3.5144	300.6	27.437	0.001	910	0	1	1	0	79049	CHLOROACETYLCHLORIDE          
1854	3.1761	314.75	31.274	0.001	910	0	1	1	0	79367	DICHLOROACETYLCHLORIDE        
1855	2.9217	336.08	35.006	0.001	910	0	1	1	0	76028	TRICHLOROACETYLCHLORIDE       
1868	3.9532	322.08	37.981	0.001	730	0	1	1	0	3268493	3-(METHYLMERCAPTO)PROPANAL    
1871	12.2597	242.49	31.913	0.001	1280	3960	1	1	1	4048333	6-AMINOHEXANOL                
1880	3.8325	410	41.9	0.001	540	1660	1	1	1	105602	epsilon-CAPROLACTAM           
1881	2.6185	358.39	32.016	0.001	910	0	1	1	0	106898	alpha-EPICHLOROHYDRIN         
1882	9.9317	236.34	25.984	0.001	910	0	1	1	0	75865	ACETONECYANOHYDRIN            
1888	7.1543	255.93	26.861	0.001	1280	3960	1	1	1	107891	ACETALDOL                     
1894	2.3552	277.91	20.776	0.001	910	0	1	1	0	75445	PHOSGENE                      
1896	6.0294	298.16	53.5	0.001	900	0	1	1	0	2274115	ETHYLENEGLYCOLDIACRYLATE      
1981	1.2563	275.45	13.228	0.001	730	1470	1	1	1	7803512	PHOSPHINE                     
1986	2.8413	248.03	12.158	0.001	0	90	1	0	1	2696926	NITROSYLCHLORIDE              
2043	4.9388	303.43	40.804	0.001	730	0	1	1	0	111308	GLUTARALDEHYDE                
2083	4.0936	307.25	54.078	0.001	910	0	1	1	0	106683	3-OCTANONE                    
2084	4.1655	303.5	53.514	0.001	910	0	1	1	0	589639	4-OCTANONE                    
2085	4.3469	310.76	60.644	0.001	910	0	1	1	0	925780	3-NONANONE                    
2087	4.4355	306.53	59.919	0.001	910	0	1	1	0	4485090	4-NONANONE                    
2088	3.1606	368.84	37.219	0.001	910	0	1	1	0	930687	2-CYCLOHEXENE-1-ONE           
2089	5.8023	288.15	70.906	0.001	910	0	1	1	0	123182	268-TRIMETHYL-4-NONANONE      
2115	6.6139	288.39	35.567	0.001	540	1660	1	1	1	60128	2-PHENYLETHANOL               
2117	7.3151	247.47	46.691	0.001	540	1660	1	1	1	108827	26-DIMETHYL-4-HEPTANOL        
2181	4.112	341.6	43.143	0.001	540	1660	1	1	1	98851	alpha-METHYLBENZYLALCOHOL     
2184	6.7883	285.09	35.215	0.001	540	1660	1	1	1	587031	m-TOLUALCOHOL                 
2195	5.8016	334.78	71.151	0.001	540	1660	1	1	1	140669	p-tert-OCTYLPHENOL            
2196	5.1448	341.29	55.383	0.001	540	1660	1	1	1	80466	p-tert-AMYLPHENOL             
2197	6.215	357.79	60.582	0.001	540	1660	1	1	1	599644	p-CUMYLPHENOL                 
2198	8.6463	355.02	135.916	0.001	540	1660	1	1	1	1323655	DINONYLPHENOL                 
2248	8.9121	291.91	65.471	0.001	1280	3960	1	1	1	112470	DECAN-110-DIOL                
2305	3.4514	284.43	36.945	0.001	900	0	1	1	0	589402	sec-BUTYLFORMATE              
2306	3.0789	292.53	37.194	0.001	900	0	1	1	0	762754	tert-BUTYLFORMATE             
2307	4.1987	294.51	50.189	0.001	900	0	1	1	0	629334	n-HEXYLFORMATE                
2308	7.4128	256.84	48.613	0.001	900	0	1	1	0	112232	n-HEPTYLFORMATE               
2311	2.9574	357.1	45.777	0.001	900	0	1	1	0	4351546	CYCLOHEXYLFORMATE             
2321	3.5524	280.83	41.389	0.001	900	0	1	1	0	540885	tert-BUTYLACETATE             
2332	3.5633	278.3	37.901	0.001	900	0	1	1	0	547637	METHYLISOBUTYRATE             
2337	4.0583	271.58	42.478	0.001	900	0	1	1	0	97621	ETHYLISOBUTYRATE              
2343	3.7203	283.66	40.311	0.001	900	0	1	1	0	689123	ISOPROPYLACRYLATE             
2350	3.9942	344.63	45.563	0.001	900	0	1	1	0	104574	BENZYLFORMATE                 
2354	3.7592	302.77	47.224	0.001	900	0	1	1	0	96059	ALLYLMETHACRYLATE             
2355	6.2128	378.89	73.836	0.001	900	0	1	1	0	840653	DIMETHYL-26-NAPHTHALENEDICA   
2364	4.0162	319.35	48.611	0.001	900	0	1	1	0	622457	CYCLOHEXYLACETATE             
2370	8.0387	281.01	57.563	0.001	900	0	1	1	0	102761	GLYCERYLTRIACETATE            
2373	8.584	360.6	172.17	0.001	900	0	1	1	0	65185899	n-NONYLn-UNDECYLPHTHALATE     
2374	9.8449	318.92	138.139	0.001	900	0	1	1	0	28553120	DIISONONYLPHTHALATE           
2376	9.2541	302.52	81.472	0.001	900	0	1	1	0	84742	DI-n-BUTYLPHTHALATE           
2377	5.8193	334.92	58.378	0.001	900	0	1	1	0	131113	DIMETHYLPHTHALATE             
2378	6.4398	281.61	53.856	0.001	900	0	1	1	0	123251	DIETHYLSUCCINATE              
2379	10.5769	288.37	101.211	0.001	900	0	1	1	0	110338	DIHEXYLADIPATE                
2380	4.8977	289.03	44.419	0.001	900	0	1	1	0	542109	ETHYLIDENEDIACETATE           
2381	7.0779	286.88	59.349	0.001	900	0	1	1	0	999213	DIALLYLMALEATE                
2382	8.2125	285.61	71.75	0.001	900	0	1	1	0	105760	DIBUTYLMALEATE                
2384	4.2777	282.99	45.854	0.001	900	0	1	1	0	106638	ISOBUTYLACRYLATE              
2385	6.1484	306.39	89.94	0.001	900	0	1	1	0	111820	METHYLDODECANOATE             
2386	5.496	302.42	56.124	0.001	900	0	1	1	0	141059	DIETHYLMALEATE                
2387	4.857	311.98	46.738	0.001	900	0	1	1	0	624486	DIMETHYLMALEATE               
2388	7.1195	285.61	62.559	0.001	900	0	1	1	0	2432635	DIPROPYLMALEATE               
2389	4.1848	281.75	45.251	0.001	900	0	1	1	0	2998085	sec-BUTYLACRYLATE             
2390	3.7754	280.13	44.756	0.001	900	0	1	1	0	3377922	VINYLPIVALATE                 
2405	4.0678	275.73	51.833	0.001	900	0	1	1	0	628557	DIISOBUTYLETHER               
2709	5.8396	283.04	58.116	0.001	730	1470	1	1	1	112209	n-NONYLAMINE                  
2710	6.1213	285.67	63.474	0.001	730	1470	1	1	1	2016571	n-DECYLAMINE                  
2720	3.6124	299.05	36.1	0.001	990	0	1	1	0	109751	VINYLACETONITRILE             
2721	5.9022	303.49	48.215	0.001	730	1470	1	1	1	2432748	AMINOCAPRONITRILE             
2722	4.9731	260.56	36.578	0.001	990	0	1	1	0	111364	n-BUTYLISOCYANATE             
2723	4.8089	293.51	40.78	0.001	990	0	1	1	0	3173533	CYCLOHEXYLISOCYANATE          
2724	4.4394	335.15	42.971	0.001	730	1470	1	1	1	578541	o-ETHYLANILINE                
2725	5.0489	356.55	33.262	0.001	730	1470	1	1	1	95545	o-PHENYLENEDIAMINE            
2727	4.8902	380.02	35.401	0.001	730	1470	1	1	1	108452	m-PHENYLENEDIAMINE            
2729	3.3234	308.67	30.733	0.001	730	1470	1	1	1	1003038	CYCLOPENTYLAMINE              
2732	9.6214	267.98	28.187	0.001	1280	3960	1	1	1	111411	N-AMINOETHYLETHANOLAMINE      
2733	1.471	616.56	72.243	0.001	990	0	1	1	0	2141584	cis-DICYANO-1-BUTENE          
2735	5.9794	327.51	53.79	0.001	990	0	1	1	0	1119853	14-DICYANO-2-BUTENE           
2750	4.8899	367.12	34.199	0.001	730	1470	1	1	1	106503	p-PHENYLENEDIAMINE            
2751	3.8792	325.79	37.953	0.001	990	0	1	1	0	103719	PHENYLISOCYANATE              
2771	5.0806	320.77	41.566	0.001	990	0	1	1	0	928530	MALEONITRILE                  
2772	5.0755	299.47	38.805	0.001	990	0	1	1	0	764421	FUMARONITRILE                 
2773	6.4664	310.13	42.385	0.001	990	0	1	1	0	628875	22'-IMINOBIS-ACETONITRILE     
2774	8.4416	325.8	58.721	0.001	990	0	1	1	0	7327608	22'2''-NITRILOTRIS-ACETONI    
2781	6.5849	359.23	39.298	0.001	730	1470	1	1	1	100016	p-NITROANILINE                
2782	6.8053	340.96	37.252	0.001	730	1470	1	1	1	99092	m-NITROANILINE                
2783	1.0141	909.5	79.088	0.001	730	1470	1	1	1	122667	HYDRAZOBENZENE                
2786	5.6957	385.92	64.481	0.001	730	1470	1	1	1	60093	p-AMINOAZOBENZENE             
2787	2.878	485.43	66.16	0.001	730	1470	1	1	1	92671	p-AMINODIPHENYL               
2788	6.6406	344.53	61.229	0.001	990	0	1	1	0	3173726	15-NAPHTHALENEDIISOCYANATE    
2790	4.0048	346.74	39.957	0.001	990	0	1	1	0	100549	NICOTINONITRILE               
2793	3.1078	264.82	22.039	0.001	990	0	1	1	0	624839	METHYLISOCYANATE              
2794	7.5489	260.11	27.693	0.001	990	0	1	1	0	5809596	ACROLEINCYANOHYDRIN           
2798	5.7249	326.02	54.853	0.001	990	0	1	1	0	4553622	METHYLGLUTARONITRILE          
2801	6.0874	330.14	63.463	0.001	990	0	1	1	0	4098719	ISOPHORONEDIISOCYANATE        
2812	2.122	350.73	21.169	0.001	0	2680	1	0	1	420122	THIACYCLOPROPANE              
2838	5.0513	315.42	81.949	0.001	0	2680	1	0	1	25103586	tert-DODECYLMERCAPTAN         
2839	4.2313	318.87	65.07	0.001	0	2680	1	0	1	25360105	tert-NONYLMERCAPTAN           
2850	3.3624	373.05	57.76	0.001	910	0	1	1	0	76222	CAMPHOR                       
2855	6.6455	266.12	24.043	0.001	1280	3960	1	1	1	98000	FURFURYLALCOHOL               
2865	5.0874	334.75	27.425	0.001	1280	3960	1	1	1	929066	2-AMINOETHOXYETHANOL          
2866	3.7551	311.98	38.769	0.001	910	0	1	1	0	105395	ETHYLCHLOROACETATE            
2871	0.5357	1467.07	50.884	0.001	730	0	1	1	0	619669	4-CARBOXYBENZALDEHYDE         
2874	7.3157	297.38	63.406	0.001	900	0	1	1	0	21282973	2-ACETOACETOXYETHYLMETHACR    
2875	4.8468	280.89	31.99	0.001	900	0	1	1	0	547648	METHYLLACTATE                 
2876	4.392	281.13	34.186	0.001	1280	3960	1	1	1	1589475	2-METHOXYPROPANOL-1           
2879	4.1547	336.01	49.588	0.001	540	1660	1	1	1	7775384	alpha-METHYLBENZYLALCOHOLF    
2881	7.4224	245.05	26.294	0.001	1280	3960	1	1	1	25714710	4-HYDROXYBUTYRALDEHYDE        
2882	4.5609	350.08	42.268	0.001	0	90	1	0	1	121733	m-CHLORONITROBENZENE          
2884	6.9399	357.89	38.804	0.001	540	1660	1	1	1	99934	4-HYDROXYACETOPHENONE         
2885	4.6876	344.12	36.65	0.001	540	1660	1	1	1	2628173	4-HYDROXYSTYRENE              
2892	3.9636	334.19	31.695	0.001	540	1660	1	1	1	95578	o-CHLOROPHENOL                
2893	4.385	348.5	31.381	0.001	540	1660	1	1	1	108430	m-CHLOROPHENOL                
2894	4.3863	352.76	31.766	0.001	540	1660	1	1	1	106489	p-CHLOROPHENOL                
2895	4.5823	286.88	34.473	0.001	540	1660	1	1	1	771619	PENTAFLUOROPHENOL             
2898	5.7195	257.09	21.043	0.001	1280	3960	1	1	1	107073	2-CHLOROETHANOL               
2899	5.7507	336.97	49.034	0.001	900	0	1	1	0	99638	ISOPHTHALOYLCHLORIDE          
3051	5.2338	281.6	57.636	0.001	730	0	1	1	0	2570970	3-ETHYLHEPTANAL               
3052	5.3941	303.47	71.609	0.001	910	0	1	1	0	927491	DIAMYLKETONE                  
3053	3.5984	280.46	29.946	0.001	910	0	1	1	0	431038	DIACETYL                      
3054	3.1167	254.87	27.462	0.001	910	0	1	1	0	598265	DIMETHYLKETENE                
3056	4.0686	388.9	63.064	0.001	910	0	1	1	0	1502223	2-CYCLOHEXENYLCYCLOHEXANONE   
3101	10.5516	266.18	72.013	0.001	1280	3960	1	1	1	21078819	2-BUTYL-1-DECANOL             
3102	10.5561	266.19	72.012	0.001	1280	3960	1	1	1	32480163	2-METHYL-1-TRIDECANOL         
3103	10.1265	259.05	66.119	0.001	1280	3960	1	1	1	22663612	2-METHYL-DODECAN-1-OL         
3104	8.0461	253.03	48.677	0.001	1280	3960	1	1	1	38514033	4-METHYL-1-OCTANOL            
3105	8.04	253.76	48.82	0.001	1280	3960	1	1	1	38514055	6-METHYL-1-OCTANOL            
3106	7.9291	255.97	48.099	0.001	1280	3960	1	1	1	3525255	3-ETHYL-1-HEPTANOL            
3107	6.5606	295.05	41.867	0.001	1280	3960	1	1	1	89838	THYMOL                        
3108	5.3202	326.45	46.367	0.001	1280	3960	1	1	1	3228033	1-METHYL-3-HYDROXY-5-ISOPROP  
3109	5.324	324.45	46.083	0.001	1280	3960	1	1	1	3228022	1-METHYL-3-HYDROXY-6-ISOPROP  
3111	7.6843	334.06	154.785	0.001	1280	3960	1	1	1	661198	1-DOCOSANOL                   
3240	9.8766	265.37	42.078	0.001	1280	3960	1	1	1	565480	cis-18-TERPIN                 
3241	9.874	268.39	42.561	0.001	1280	3960	1	1	1	565504	trans-18-TERPIN               
3292	5.4222	282	50.225	0.001	900	0	1	1	0	97723	ISOBUTYRICANHYDRIDE           
3302	4.1402	285.42	41.037	0.001	900	0	1	1	0	628080	n-CROTYLACETATE               
3303	3.8442	282.07	40.297	0.001	900	0	1	1	0	6737117	sec-BUTENYLACETATE            
3306	4.8026	385.44	36.47	0.001	900	0	1	1	0	87412	PHTHALIDE                     
3307	4.0575	282.59	39.565	0.001	900	0	1	1	0	999553	ALLYLACRYLATE                 
3308	6.5238	334.76	77.237	0.001	900	0	1	1	0	131179	DIALLYLPHTHALATE              
3309	7.0535	323.65	143.941	0.001	900	0	1	1	0	112618	METHYLSTEARATE                
3310	6.7418	310.87	105.688	0.001	900	0	1	1	0	124107	METHYLMYRISTATE               
3311	6.62	321.28	125.763	0.001	900	0	1	1	0	112390	METHYLPALMITATE               
3312	5.0483	320.54	54.293	0.001	900	0	1	1	0	101973	ETHYLPHENYLACETATE            
3313	5.7572	349.97	176.834	0.001	900	0	1	1	0	1120281	METHYLEICOSANOATE             
3315	9.3941	287.35	95.541	0.001	900	0	1	1	0	1120258	METHYLPALMITOLEATE            
3319	5.195	289.18	48.842	0.001	900	0	1	1	0	869294	ALLYLIDENEDIACETATE           
3321	8.8657	302.4	130.304	0.001	900	0	1	1	0	111626	ETHYLOLEATE                   
3322	8.1853	310.27	145.288	0.001	900	0	1	1	0	111615	ETHYLSTEARATE                 
3325	4.6655	304.71	61.51	0.001	900	0	1	1	0	111115	METHYLCAPRYLATE               
3326	6.8419	336.79	173.35	0.001	900	0	1	1	0	1120349	METHYLERUCATE                 
3327	7.7633	309.88	136.246	0.001	900	0	1	1	0	142916	ISOPROPYLPALMITATE            
3328	5.6262	304.16	82.457	0.001	900	0	1	1	0	110383	ETHYLCAPRATE                  
3329	6.2266	307.32	97.351	0.001	900	0	1	1	0	106332	ETHYLLAURATE                  
3330	7.0245	306.41	111.683	0.001	900	0	1	1	0	124061	ETHYLMYRISTATE                
3331	8.7527	306.03	126.174	0.001	900	0	1	1	0	1191419	ETHYLLINOLENATE               
3332	8.9462	303.67	127.465	0.001	900	0	1	1	0	544354	ETHYLLINOLEATE                
3333	11.0573	301	157.084	0.001	900	0	1	1	0	37910773	ETHYLERUCATE                  
3334	11.2397	316.77	245.555	0.001	900	0	1	1	0	538238	TRICAPRYLIN                   
3335	12.6369	318.05	314.84	0.001	900	0	1	1	0	621716	TRICAPRIN                     
3343	6.106	326.17	84.555	0.001	900	0	1	1	0	5444757	2-ETHYLHEXYLBENZOATE          
3344	9.0531	306.48	85.477	0.001	900	0	1	1	0	1962750	DIBUTYLTEREPHTHALATE          
3366	4.4161	362.04	36.153	0.001	900	0	1	1	0	4427967	VINYLETHYLENECARBONATE        
3377	5.9029	286.07	42.26	0.001	900	0	1	1	0	106650	DIMETHYLSUCCINATE             
3700	7.6383	304.5	64.47	0.001	730	1470	1	1	1	7209383	14-BIS(3-AMINOPROPYL)PIPERA   
3701	5.1848	352.74	29.73	0.001	400	6200	1	1	1	6228735	CYCLOPROPANECARBOXAMIDE       
3702	3.3534	327.56	33.969	0.001	990	0	1	1	0	5500210	CYCLOPROPYLCYANIDE            
3703	6.2707	345.68	48.429	0.001	730	1470	1	1	1	373046	6-AMINOHEXANAMIDE             
3706	5.767	281.45	36.514	0.001	730	1470	1	1	1	462942	15-PENTANEDIAMINE             
3712	6.2502	302.81	51.447	0.001	730	1470	1	1	1	20207130	4-[2-(2-AMINOETHOXY)ETHYL]MO  
3713	6.7278	305.86	51.084	0.001	540	1660	1	1	1	3603450	2-(N-MORPHOLINO)-2'-HYDROXYD  
3717	5.4535	271.26	31.249	0.001	1280	3960	1	1	1	96297	2-BUTOXIME                    
3724	5.2068	308.37	73.85	0.001	730	1470	1	1	1	7307553	UNDECYLAMINE                  
3728	7.4508	300.07	114.494	0.001	730	1470	1	1	1	1120485	DI-n-OCTYLAMINE               
3729	8.5198	277.28	89.675	0.001	730	1470	1	1	1	106207	DI-2-ETHYLHEXYLAMINE          
3742	4.775	282.57	26.597	0.001	730	1470	1	1	1	109762	13-PROPANEDIAMINE             
3750	6.6162	391.65	57.376	0.001	730	1470	1	1	1	92875	BENZIDINE                     
3790	4.1137	366.01	60.098	0.001	990	0	1	1	0	91087	26-TOLUENEDIISOCYANATE        
3798	0.7854	961.02	38.328	0.001	730	1470	1	1	1	461585	DICYANDIAMIDE                 
3804	2.9756	322.69	41.234	0.001	0	2680	1	0	1	2084197	2-PENTANETHIOL                
3806	5.2571	416.12	50.328	0.001	0	2680	1	0	1	92842	PHENOTHIAZINE                 
3852	6.4346	283.37	61.486	0.001	1280	3960	1	1	1	132739312	DIPROPYLENEGLYCOLt-BUTYLEther 
3856	4.3608	287.7	50.647	0.001	1280	3960	1	1	1	57018527	PROPYLENEGLYCOL1-tert-BUTY    
3857	10.7646	246.09	52.165	0.001	1280	3960	1	1	1	25498491	TRIPROPYLENEGLYCOLMONOMETH    
3858	4.528	284.04	50.152	0.001	1280	3960	1	1	1	94023151	PROPYLENEGLYCOL2-tert-BUTY    
3859	5.5376	301.67	48.679	0.001	1280	3960	1	1	1	6881943	DIETHYLENEGLYCOLMONOPROPYL    
3863	4.4657	292.98	41.635	0.001	1280	3960	1	1	1	21460366	PROPYLENEGLYCOLMONOALLYLE     
3866	10.5327	257.4	49.51	0.001	1280	3960	1	1	1	112594	2-(2-HEXOXYETHOXY)ETHANOL     
3870	8.179	270.88	62.747	0.001	1280	3960	1	1	1	124174	DIETHYLENEGLYCOLMONOBUTYL     
3871	7.0959	254.42	26.714	0.001	1280	3960	1	1	1	38433806	3-HYDROXY-2-METHYLPROPIONAL   
3872	5.8672	289.63	23.666	0.001	1280	3960	1	1	1	107164	HYDROXYACETONITRILE           
3873	4.3461	305.91	26.92	0.001	730	1470	1	1	1	540614	AMINOACETONITRILE             
3874	4.3519	350.83	48.542	0.001	990	0	1	1	0	140294	PHENYLACETONITRILE            
3875	6.3862	241.39	28.289	0.001	1280	3960	1	1	1	3710847	NN-DIETHYLHYDROXYLAMINE       
3876	3.5653	418.88	32.633	0.001	900	0	1	1	0	625229	DI-n-BUTYLSULFATE             
3879	5.05	293.94	41.938	0.001	1280	3960	1	1	1	52458045	CROTYLGLYCOLETHER             
3881	2.9155	604.8	101.121	0.001	1280	3960	1	1	1	57501	SUCROSE                       
3882	7.0253	271.44	32.401	0.001	0	90	1	0	1	628966	ETHYLENEGLYCOLDINITRATE       
3892	11.0935	247.13	56.284	0.001	1280	3960	1	1	1	75899693	TRIPROPYLENEGLYCOLMONOETHY    
3894	6.7608	235.01	30.292	0.001	1280	3960	1	1	1	1569024	1-ETHOXY-2-PROPANOL           
3895	8.5731	272.09	56.208	0.001	1280	3960	1	1	1	58797583	1-tert-BUTOXY-2-[2-(HYDROXY)  
3896	0.5299	1089.76	36.988	0.001	1280	3960	1	1	1	4439207	NN'-BIS(2-HYDROXYETHYL)ETHY   
3899	3.8388	294.62	51.031	0.001	900	0	1	1	0	585079	tert-BUTYLMETHACRYLATE        
4487	7.228	303.6	38.571	0.001	540	1660	1	1	1	3071327	ETHYLBENZENEHYDROPEROXIDE     
4849	7.0293	325.98	43.064	0.001	540	1660	1	1	1	498022	ACETOVANILLONE                
4850	7.3853	318.08	38.142	0.001	540	1660	1	1	1	121335	VANILLIN                      
4858	4.053	368.89	38.208	0.001	730	1470	1	1	1	108429	m-CHLOROANILINE               
4865	3.3388	298.09	31.253	0.001	730	0	1	1	0	75876	TRICHLOROACETALDEHYDE         
4867	3.3084	293.85	25.26	0.001	730	0	1	1	0	107200	CHLOROACETALDEHYDE            
4868	3.5894	284.88	26.93	0.001	730	0	1	1	0	79027	DICHLOROACETALDEHYDE          
4872	4.8922	383.66	60.305	0.001	730	0	1	1	0	100107	p-DIMETHYLAMINOBENZALDEHYDE   
4873	7.127	209.97	22.483	0.001	900	0	1	1	0	541413	ETHYLCHLOROFORMATE            
4876	3.7663	264.72	23.269	0.001	900	0	1	1	0	79221	METHYLCHLOROFORMATE           
4879	4.4347	381.02	44.451	0.001	730	1470	1	1	1	95761	34-DICHLOROANILINE            
4889	4.1741	251.36	16.242	0.001	400	6200	1	1	1	463729	CARBAMYLCHLORIDE              
5859	7.0606	268.84	23.564	0.001	1280	3960	1	1	1	156876	3-AMINO-1-PROPANOL            
5860	7.1032	253.94	21.584	0.001	1280	3960	1	1	1	78966	1-AMINO-2-PROPANOL            
5867	3.0784	321.69	35.932	0.001	900	0	1	1	0	625605	ETHYLTHIOLACETATE             
5871	4.7631	366.52	40.507	0.001	540	1660	1	1	1	148243	8-HYDROXYQUINOLINE            
5872	7.0032	267.1	25.612	0.001	990	0	1	1	0	78977	LACTONITRILE                  
5875	3.6307	382.82	27.691	0.001	900	0	1	1	0	64675	DIETHYLSULFATE                
5884	5.1702	275.2	42.041	0.001	900	0	1	1	0	111159	2-ETHOXYETHYLACETATE          
5887	5.0328	293.8	43.412	0.001	900	0	1	1	0	141979	ETHYLACETOACETATE             
5888	4.8653	317.36	40.183	0.001	900	0	1	1	0	105340	METHYLCYANOACETATE            
5889	5.2952	305.42	44.258	0.001	900	0	1	1	0	105566	ETHYLCYANOACETATE             
5890	4.3041	306.93	40.439	0.001	990	0	1	1	0	110678	3-METHOXYPROPIONITRILE        
5894	4.5641	404.23	21.631	0.001	900	0	1	1	0	540829	ETHYLHYDROGENSULFATE          
5895	6.0033	327.49	41.54	0.001	900	0	1	1	0	100209	TEREPHTHALOYLCHLORIDE         
6851	3.5603	351.13	34.62	0.001	900	0	1	1	0	594445	ETHANESULFONYLCHLORIDE        
6856	3.5194	441.58	25.031	0.001	730	1470	1	1	1	62566	THIOUREA                      
6857	4.0002	355.34	45.72	0.001	0	2680	1	0	1	2150029	DIMERCAPTOETHYLETHER          
6860	2.7168	380.3	31.365	0.001	0	2680	1	0	1	540636	12-ETHANEDITHIOL              
6863	6.4257	243.04	28.407	0.001	1280	3960	1	1	1	108010	DIMETHYLETHANOLAMINE          
6866	4.0481	383.3	36.905	0.001	540	1660	1	1	1	103764	N-(2-HYDROXYETHYL)PIPERAZINE  
6867	4.016	270.04	31.358	0.001	730	1470	1	1	1	37143547	3-METHOXYISOPROPYLAMINE       
6872	9.8169	285.87	40.91	0.001	540	1660	1	1	1	121324	ETHYLVANILLIN                 
6884	6.7534	278.11	42.793	0.001	1280	3960	1	1	1	923262	2-HYDROXYPROPYLMETHACRYLATE   
7853	3.8752	275.6	31.173	0.001	900	0	1	1	0	108225	1-METHYLVINYLACETATE          
7855	5.643	282.91	45.15	0.001	1280	3960	1	1	1	6196583	2-PENTOXYETHANOL              
7857	4.473	307.71	29.184	0.001	400	6200	1	1	1	354381	TRIFLUOROACETAMIDE            
7858	3.5351	301.53	33.412	0.001	910	0	1	1	0	5878193	METHOXYACETONE                
7860	10.1908	361.44	147.905	0.001	1280	3960	1	1	1	83487	STIGMASTEROL                  
7861	6.2222	302.46	58.514	0.001	1280	3960	1	1	1	18912817	2-(2-PENTOXYETHOXY)ETHANOL    
7862	5.5775	336.3	51.412	0.001	600	0	1	1	0	1571080	METHYL-4-FORMYLBENZOATE       
7865	3.6388	366.88	54.13	0.001	600	0	1	1	0	99752	METHYLpara-TOLUATE            
7871	4.5875	294.23	51.639	0.001	1280	3960	1	1	1	5131668	PROPYLENEGLYCOLn-BUTYLETH     
7872	9.8207	247.29	55.207	0.001	1280	3960	1	1	1	29911282	DIPROPYLENEGLYCOLn-BUTYLE     
7873	4.145	433.36	27.137	0.001	900	0	1	1	0	15507138	MONOBUTYLSULFATE              
7876	9.2956	307.2	52.621	0.001	540	1660	1	1	1	88857	46-DINITRO-o-sec-BUTYLPHENOL  
7878	5.3233	285.84	49.896	0.001	900	0	1	1	0	1694311	t-BUTYLACETOACETATE           
7882	5.2493	377.28	28.736	0.001	730	1470	1	1	1	598505	MONOMETHYLUREA                
7883	5.5559	290.71	31.855	0.001	730	1470	1	1	1	2752172	BIS-(2-AMINOETHYL)ETHER       
7888	3.8417	322.43	38.795	0.001	900	0	1	1	0	2935902	METHYL-3-MERCAPTOPROPIONATE   
7890	4.6976	285.8	52.883	0.001	900	0	1	1	0	148462571	1-METHOXY-2-PROPANOLPROPANOATE
7891	6.4558	338.63	52.714	0.001	540	1660	1	1	1	1679647	MONOMETHYLTEREPHTHALATE       
7892	5.5368	295.58	48.968	0.001	900	0	1	1	0	539888	ETHYLLEVULINATE               
9850	5.0285	284.02	38.764	0.001	1280	3960	1	1	1	53951432	24-DIMETHYL-13-DIOXOLANE-2-MET
9851	5.3861	271.79	29.487	0.001	1280	3960	1	1	1	513860	ACETOIN                       
9863	5.6025	274.06	34.381	0.001	1280	3960	1	1	1	124685	2-AMINO-2-METHYL-1-PROPANOL   
9866	3.9084	366.22	40.889	0.001	730	1470	1	1	1	90040	o-ANISIDINE                   
9867	5.6791	363.45	45.388	0.001	540	1660	1	1	1	122963	NN'-DI(2-HYDROXYETHYL)PIPER   
9868	10.456	271.38	48.415	0.001	1280	3960	1	1	1	23783428	TETRAETHYLENEGLYCOLMONOMET    
9869	8.2523	291.38	58.871	0.001	1280	3960	1	1	1	5650204	TETRAETHYLENEGLYCOLMONOETH    
9870	7.5826	502.19	61.48	0.001	1280	3960	1	1	1	16462445	CELLOBIOSE                    
9871	5.782	338.06	30.665	0.001	1280	3960	1	1	1	13027888	alpha-HYDROXYISOBUTYRAMIDE    
9872	4.9823	268.24	37.144	0.001	1280	3960	1	1	1	2110783	METHYLalpha-HYDROXYISOBUTYR   
9873	4.0119	290.51	47	0.001	900	0	1	1	0	17860398	METHYLalpha-METHOXYISOBUTYR   
9875	5.9039	327.5	41.926	0.001	1280	3960	1	1	1	91101	SYRINGOL                      
9878	5.5084	369.15	33.131	0.001	1280	3960	1	1	1	7331524	3-HYDROXYBUTYROLACTONE        
9879	8.8707	347.03	33.977	0.001	1280	3960	1	1	1	1116547	N-NITROSODIETHANOLAMINE       
9881	7.1972	316.41	39.174	0.001	540	1660	1	1	1	51285	24-DINITROPHENOL              
9882	7.3373	315.79	38.901	0.001	540	1660	1	1	1	573568	26-DINITROPHENOL              
9884	2.1731	552.43	77.034	0.001	1280	3960	1	1	1	1137991	4-((2-HYDROXYETHOXY)CARBONYL  
1257	5.0932	292.75	36.379	0.00002	707	1507	1	1	1	116530	2-METHYLBUTYRICACID           
1263	6.261	285.12	44.39	0.00002	707	1507	1	1	1	4536236	2-METHYLHEXANOICACID          
1264	23.0219	268.64	28.311	0.00002	707	1507	1	1	1	619829	14-CYCLOHEXANEDICARBOXYLIC    
1266	7.4945	298.71	68.666	0.00002	707	1507	1	1	1	112378	n-UNDECANOICACID              
1267	5.5719	313.58	41.965	0.00002	707	1507	1	1	1	1123008	CYCLOPENTYLACETICACID         
1268	8.2116	263.04	36.057	0.00002	707	1507	1	1	1	19201344	DILACTICACID                  
1270	8.0338	302.44	80.733	0.00002	707	1507	1	1	1	638539	n-TRIDECANOICACID             
1271	8.5321	301.47	87.386	0.00002	707	1507	1	1	1	544638	n-TETRADECANOICACID           
1272	9.3667	303.23	95.777	0.00002	707	1507	1	1	1	57103	n-HEXADECANOICACID            
1273	5.1661	293.24	30.175	0.00002	707	1507	1	1	1	503640	cis-CROTONICACID              
1274	5.164	301.91	31.067	0.00002	707	1507	1	1	1	107937	trans-CROTONICACID            
1275	7.1696	286.32	54.297	0.00002	707	1507	1	1	1	3004931	2-METHYLOCTANOICACID          
1277	4.8762	283.87	24.197	0.00002	707	1507	1	1	1	79107	ACRYLICACID                   
1279	11.1622	290.3	95.992	0.00002	707	1507	1	1	1	112801	OLEICACID                     
1280	10.5372	292.39	96.145	0.00002	707	1507	1	1	1	60333	LINOLEICACID                  
1281	5.5639	332.76	36.064	0.00002	707	1507	1	1	1	65850	BENZOICACID                   
1282	6.0186	325.16	40.813	0.00002	707	1507	1	1	1	118901	o-TOLUICACID                  
1283	5.6612	341.82	43.587	0.00002	707	1507	1	1	1	99945	p-TOLUICACID                  
1284	7.6358	299.94	27.781	0.00002	707	1507	1	1	1	69727	SALICYLICACID                 
1285	7.1299	347.47	45.25	0.00002	707	1507	1	1	1	124049	ADIPICACID                    
1286	0.5289	1171.46	30.466	0.00002	707	1507	1	1	1	110167	MALEICACID                    
1287	9.6144	307.19	36.487	0.00002	707	1507	1	1	1	88993	PHTHALICACID                  
1288	9.6461	386.38	45.875	0.00002	707	1507	1	1	1	121915	ISOPHTHALICACID               
1289	10.9989	329.45	43.535	0.00002	707	1507	1	1	1	100210	TEREPHTHALICACID              
1749	3.4343	404.313	47.413	0.0004	400	6200	1	1	1	103708	Formanalide    
1852	4.952	315.11	26.323	0.00002	707	1507	1	1	1	79118	CHLOROACETICACID              
1870	4.8093	227.78	33.707	0.00002	707	1507	1	1	1	76051	TRIFLUOROACETICACID           
1873	5.3287	327.31	31.562	0.00002	707	1507	1	1	1	107960	3-MERCAPTOPROPIONICACID       
1874	5.9308	344.39	41.407	0.00002	707	1507	1	1	1	118912	o-CHLOROBENZOICACID           
1875	8.1138	306.99	37.588	0.00002	707	1507	1	1	1	104018	4-METHOXYPHENYLACETICACID     
1887	9.4732	237.33	15.259	0.00002	707	1507	1	1	1	79141	GLYCOLICACID                  
1890	9.2809	257.03	24.613	0.00002	707	1507	1	1	1	594616	alpha-HYDROXYISOBUTYRICACID   
2255	11.4487	288.4	91.693	0.00002	707	1507	1	1	1	463401	LINOLENICACID                 
2257	8.3319	335.45	58.766	0.00002	707	1507	1	1	1	123999	AZELAICACID                   
2259	9.0453	301.4	90.708	0.00002	707	1507	1	1	1	1002842	n-PENTADECANOICACID           
2262	5.7205	286.96	40.776	0.00002	707	1507	1	1	1	595379	NEOHEXANOICACID               
2264	8.3116	329.23	89.657	0.00002	707	1507	1	1	1	1740198	DEHYDROABIETICACID            
2268	8.887	301.48	28.659	0.00002	707	1507	1	1	1	110178	FUMARICACID                   
2269	6.955	350.19	51.509	0.00002	707	1507	1	1	1	111160	PIMELICACID                   
2270	8.2553	335.54	53.866	0.00002	707	1507	1	1	1	505486	SUBERICACID                   
2271	6.3229	340.26	46.53	0.00002	707	1507	1	1	1	140103	CINNAMICACID                  
2274	6.3053	326.62	36.605	0.00002	707	1507	1	1	1	13831306	ACETOXYACETICACID             
2275	9.12	328.42	62.015	0.00002	707	1507	1	1	1	111206	SEBACICACID                   
2277	8.2864	329.69	37.062	0.00002	707	1507	1	1	1	498237	CITRACONICACID                
2278	3.9112	408.4	45.604	0.00002	707	1507	1	1	1	97654	ITACONICACID                  
2279	5.5884	289.85	41.179	0.00002	707	1507	1	1	1	88095	2-ETHYLBUTYRICACID            
2281	7.1675	346.6	39.1	0.00002	707	1507	1	1	1	110941	GLUTARICACID                  
2283	9.2374	296.64	46.929	0.00002	707	1507	1	1	1	15687271	IBUPROFEN                     
2289	10.816	338.26	51.215	0.00002	707	1507	1	1	1	1141384	26-NAPHTHALENEDICARBOXYLIC    
2872	5.035	334.93	26.53	0.00002	707	1507	1	1	1	68111	THIOGLYCOLICACID              
2880	7.2993	317	39.827	0.00002	707	1507	1	1	1	119675	2-FORMYLBENZOICACID           
2886	7.5328	311.59	45.76	0.00002	707	1507	1	1	1	50782	ACETYLSALICYLICACID           
2983	1.4349	495.6	43.759	0.00002	707	1507	1	1	1	7601903	PERCHLORICACID                
3252	6.3288	289.6	29.846	0.00002	707	1507	1	1	1	541504	ACETOACETICACID               
3253	5.9928	326.86	40.596	0.00002	707	1507	1	1	1	99047	m-TOLUICACID                  
3254	6.2701	342.14	49.643	0.00002	707	1507	1	1	1	7403227	OCTAHYDRO-PENTALENE-1-CARBOX  
3255	9.5786	325.51	71.065	0.00002	707	1507	1	1	1	693232	DODECANEDIOICACID             
3264	5.3519	300.84	24.294	0.00002	707	1507	1	1	1	1759531	CYCLOPROPANECARBOXYLICACID    
3266	12.3217	295.03	130.707	0.00002	707	1507	1	1	1	112867	ERUCICACID                    
3268	0.5238	1241.13	25.952	0.00002	707	1507	1	1	1	141822	MALONICACID                   
3390	8.3876	325.79	66.459	0.00002	707	1507	1	1	1	2459101	BENZENE-124-TRICARBOXYLIC     
4851	3.4251	428.41	45.014	0.00002	707	1507	1	1	1	110996	DIGLYCOLICACID                
4852	5.531	327.59	39.474	0.00002	707	1507	1	1	1	123762	LEVULINICACID                 
4866	5.0046	315	31.634	0.00002	707	1507	1	1	1	76039	TRICHLOROACETICACID           
5882	34.2946	212.62	20.48	0.00002	707	1507	1	1	1	6064637	HYDROXYCAPROICACID            
5896	7.1948	218.46	39.701	0.00002	707	1507	1	1	1	375224	PERFLUOROBUTANOICACID         
5897	8.5796	230.04	52.683	0.00002	707	1507	1	1	1	375859	TRIDECAFLUOROHEPTANOICACID    
5899	7.1909	300.92	42.116	0.00002	707	1507	1	1	1	24615847	ACRYLOXYPROPIONICACID         
9876	9.0758	348.28	36.837	0.00002	707	1507	1	1	1	3238402	FURAN25-DICARBOXYLICACID      
9883	7.6423	334.81	42.292	0.00002	707	1507	1	1	1	121346	VanillicAcid                  
9886	7.1797	343.33	61.828	0.00002	707	1507	1	1	1	3645009	14-BENZENEDICARBOXYLICACID    
1438	4.3988	267.42	19.471	0.001	427	1320	1	1	1	3031741	ETHYLHYDROPEROXIDE            
1437	4.43	269.69	13.988	0.001	427	1320	1	1	1	3031730	METHYLHYDROPEROXIDE           
1996	3.5389	376.78	8.107	0.001	427	1320	1	1	1	7722841	HYDROGENPEROXIDE              
1483	7.7497	228.46	21.016	0.001	427	1320	1	1	1	4813507	n-BUTYLHYDROPEROXIDE          
1473	5.9094	240.28	26.828	0.001	427	1320	1	1	1	75912	t-BUTYLHYDROPEROXIDE          
1476	8.1127	284.21	46.006	0.001	427	1320	1	1	1	80477	p-MENTHANEHYDROPEROXIDE       
1474	6.73	287.44	32.986	0.001	427	1320	1	1	1	766074	CYCLOHEXYLHYDROPEROXIDE       
1450	8.1085	298.75	43.367	0.001	427	1320	1	1	1	60956334	n-PROPYLBENZENEHYDROPEROXID   
1451	8.723	299.48	48.247	0.001	427	1320	1	1	1	99172631	n-BUTYLBENZENEHYDROPEROXIDE   
1727	2.4925	284.026	33.037	0.001	730	1470	1	1	1	75649	tert-BUTYLAMINE               
2867	2.3011	303.562	27.266	0.001	1280	3960	1	1	1	107299	ACETALDOXIME                  
2878	2.9538	439.589	42.696	0.001	400	6200	1	1	1	55210	BENZAMIDE                     
906	7.2514	177.28	8.555	0	1280	3960	1	1	1	10544726	NITROGENTETROXIDE             
1085	4.638	389.42	55.889	0	910	0	1	1	0	119619	BENZOPHENONE                  
1166	6.2187	274.08	28.482	0.001	1280	3960	1	1	1	97994	TETRAHYDROFURFURYLALCOHOL     
1208	9.7851	281.49	77.746	0.001	1280	3960	1	1	1	24800257	TETRAPROPYLENEGLYCOL          
1211	10.3282	235.88	18.584	0.001	1280	3960	1	1	1	57556	12-PROPYLENEGLYCOL            
1213	5.4114	315.11	45.145	0.001	1280	3960	1	1	1	25265718	DIPROPYLENEGLYCOL             
1216	7.7921	289.64	54.736	0.001	1280	3960	1	1	1	24800440	TRIPROPYLENEGLYCOL            
1222	10.949	231.76	26.642	0.001	1280	3960	1	1	1	107415	HEXYLENEGLYCOL                
1241	8.4863	274.05	24.136	0.001	1280	3960	1	1	1	110634	14-BUTANEDIOL                 
1293	5.6942	283.39	52.013	0.001	900	0	1	1	0	106310	BUTYRICANHYDRIDE              
1297	6.2467	339.05	34.785	0.001	600	0	1	1	0	85449	PHTHALICANHYDRIDE             
1317	4.8543	267.66	46.779	0.001	900	0	1	1	0	123922	ISOPENTYLACETATE              
1364	5.6021	362.59	68.09	0.001	600	0	1	1	0	120514	BENZYLBENZOATE                
1370	6.3258	289.42	83.894	0.001	900	0	1	1	0	112174	n-DECYLACETATE                
1371	8.8613	355.3	168.247	0.001	600	0	1	1	0	26761400	DIISODECYLPHTHALATE           
1375	4.9449	360.29	91.551	0.001	600	0	1	1	0	131168	DI-n-PROPYLPHTHALATE          
1393	5.4943	274.87	62.214	0.001	600	0	1	1	0	95921	DIETHYLOXALATE                
1415	3.1092	271.39	38.086	0.0004	1120	0	1	1	0	628320	ETHYLPROPYLETHER              
1459	8.3768	269.69	72.966	0.0004	1120	0	1	1	0	112732	DIETHYLENEGLYCOLDI-n-BUTYL    
1463	5.2519	350.39	66.23	0.0004	1120	0	1	1	0	103504	DIBENZYLETHER                 
1495	3.1357	300.64	34.341	0.0004	1120	0	1	1	0	625865	25-DIMETHYLFURAN              
1496	3.3513	284.59	22.632	0.0004	1120	0	1	1	0	646060	13-DIOXOLANE                  
1617	2.4878	223.67	19.19	0	1120	0	1	1	0	353366	ETHYLFLUORIDE                 
1650	2.8338	301.76	29.447	0	1120	0	1	1	0	106945	1-BROMOPROPANE                
1651	2.5824	311.9	24.683	0	1120	0	1	1	0	75263	2-BROMOPROPANE                
1655	3.1087	309.5	34.932	0	1120	0	1	1	0	109659	1-BROMOBUTANE                 
1667	4.2216	312.9	51.563	0	1120	0	1	1	0	629049	1-BROMOHEPTANE                
1672	2.176	397.88	27.248	0	1120	0	1	1	0	557915	11-DIBROMOETHANE              
1673	2.4733	388.47	30.544	0	1120	0	1	1	0	106934	12-DIBROMOETHANE              
1678	3.1018	413.29	40.431	0	1120	0	1	1	0	108361	m-DIBROMOBENZENE              
1683	2.5457	345.89	36.179	0	1120	0	1	1	0	107084	n-PROPYLIODIDE                
1684	2.5045	343.45	28.994	0	1120	0	1	1	0	75309	ISOPROPYLIODIDE               
1691	2.7206	413.41	40.455	0	1120	0	1	1	0	591504	IODOBENZENE                   
1697	3.4878	427.54	53.826	0	1120	0	1	1	0	90119	1-BROMONAPHTHALENE            
1731	5.4053	296.6	43.613	0.001	730	1470	1	1	1	124094	HEXAMETHYLENEDIAMINE          
1743	5.7808	216.52	34.742	0	1280	3960	1	1	1	108189	DIISOPROPYLAMINE              
1767	2.5233	325.74	33.596	0.0001	1940	0	1	1	0	120945	N-METHYLPYRROLIDINE           
1768	6.7068	226.81	40.893	0.001	0	90	1	0	1	509148	TETRANITROMETHANE             
1780	3.971	358.7	55.782	0	1120	0	1	1	0	99081	m-NITROTOLUENE                
1856	3.9467	345.58	40.343	0	910	0	1	1	0	98884	BENZOYLCHLORIDE               
1862	11.592	238.98	20.799	0.001	1280	3960	1	1	1	96242	3-CHLORO-12-PROPANEDIOL       
1872	6.1282	439.78	31.605	0	1280	3960	1	1	1	56406	GLYCINE                       
1883	2.2406	464.44	97.417	0	910	0	1	1	0	688744	TRI-n-BUTYLBORATE             
1891	5.0117	357.85	45.976	0	1120	0	1	1	0	91236	o-NITROANISOLE                
1898	6.5179	273.89	58.36	0.001	1280	3960	1	1	1	88917220	DIPROPYLENEGLYCOLMONOMETHYLETH
1903	6.2211	223.02	15.674	0	1280	3960	1	1	1	7697372	NITRICACID                    
1977	2.1045	308.32	39.881	0	1940	0	1	1	0	12135761	AMMONIUMSULFIDE               
2118	6.0756	292.33	40.577	0.001	540	1660	1	1	1	93549	1-PHENYL-1-PROPANOL           
2121	4.4624	347.87	48.233	0.001	540	1660	1	1	1	122974	3-PHENYL-1-PROPANOL           
2182	6.3364	290.56	38.961	0.001	540	1660	1	1	1	589184	p-TOLUALCOHOL                 
2249	9.9463	275.95	36.508	0.001	1280	3960	1	1	1	105088	14-CYCLOHEXANEDIMETHANOL      
2250	7.9071	326.67	93.605	0	1280	3960	1	1	1	471772	NEOABIETICACID                
2367	3.8303	382.27	43.601	0.001	900	0	1	1	0	108327	PROPYLENECARBONATE            
2392	3.0417	388.63	67.862	0.001	600	0	1	1	0	2315686	n-PROPYLBENZOATE              
2719	6.2078	247.83	53.821	0.0001	1940	0	1	1	0	102692	TRIPROPYLAMINE                
2730	4.4938	349.43	66.557	0	540	1660	1	1	1	101837	DICYCLOHEXYLAMINE             
2740	3.9961	394.93	76.512	0	600	0	1	1	0	99650	m-DINITROBENZENE              
2741	6.0414	359.77	45.264	0	600	0	1	1	0	528290	o-DINITROBENZENE              
2742	6.0878	346.53	43.601	0	600	0	1	1	0	100254	p-DINITROBENZENE              
2747	5.8203	347.58	55.404	0	1280	3960	1	1	1	118967	246-TRINITROTOLUENE           
2779	10.7504	254.77	39.252	0.001	0	90	1	0	1	55630	NITROGLYCERINE                
2854	6.5364	255.97	35.372	0.001	1280	3960	1	1	1	123422	DIACETONEALCOHOL              
2859	4.7449	354.4	34.353	0.001	540	1660	1	1	1	150765	p-METHOXYPHENOL               
2863	4.4326	320.08	41.817	0.001	1280	3960	1	1	1	111773	2-(2-METHOXYETHOXY)ETHANOL    
2864	10.9528	250.03	19.534	0.001	1280	3960	1	1	1	929066	2-AMINOETHOXYETHANOL          
2883	4.1179	345.35	52.031	0.001	1280	3960	1	1	1	118934	2-HYDROXYACETOPHENONE         
2890	10.2391	299.12	83.356	0	1010	1010	1	1	1	17990113	ISOAGATHOLAL                  
3057	2.9226	352.28	40.69	0.001	910	0	1	1	0	1757422	3-METHYLCYCLOPENTANONE        
3112	3.9622	306.5	29.661	0.001	1280	3960	1	1	1	96413	CYCLOPENTANOL                 
3119	4.3626	335.21	42.34	0.001	540	1660	1	1	1	88697	o-ISOPROPYLPHENOL             
3317	0.5431	910.18	52.715	0.001	900	0	1	1	0	540181	n-PENTYLn-BUTYRATE            
3318	0.5427	888.09	50.664	0.001	900	0	1	1	0	106274	ISOPENTYLBUTYRATE             
3346	4.7772	224.9	39.13	0.001	900	0	1	1	0	1119400	DIMETHYLGLUTARATE             
3394	1.4008	495.53	46.262	0.001	900	0	1	1	0	108598	DIMETHYLMALONATE              
3704	9.1726	347.47	39.405	0	730	1470	1	1	1	121824	RDX                           
3705	10.5838	387.2	71.747	0	730	1470	1	1	1	2691410	HMX                           
3708	3.171	380.06	49.358	0.001	730	1470	1	1	1	95681	24-DIMETHYLANILINE            
3709	4.4233	375.45	54.328	0	730	1470	1	1	1	99127	13-DIMETHYL-5-NITROBENZENE    
3726	3.1012	463.83	60.933	0	730	1470	1	1	1	63912	L-PHENYLALANINE               
3855	7.8918	246.33	40.653	0.001	1280	3960	1	1	1	34590948	DIPROPYLENEGLYCOLMONOMETHYLETH
3865	8.038	253.78	46.294	0.001	1280	3960	1	1	1	112254	2-HEXOXYETHANOL               
3868	9.6352	241.41	47.179	0.001	1280	3960	1	1	1	29911271	DIPROPYLENEGLYCOLn-PROPYLETHER
3869	4.1824	293.94	46.733	0.001	1280	3960	1	1	1	1569013	PROPYLENEGLYCOLn-PROPYLETHER  
3878	22.4	264.34	348.7	0.001	00	0	1	3	0	122327	Triolein
3888	2.6552	503.33	51.194	0	0	90	1	0	1	10441573	N-METHYLTHIOPYRROLIDONE       
4854	5.0531	316.02	33.937	0.001	1280	3960	1	1	1	90051	GUAIACOL                      
4855	7.191	239.37	31.584	0.001	1280	3960	1	1	1	2807309	ETHYLENEGLYCOLMONOPROPYLETHER 
4857	9.8599	249.7	45.619	0.001	1280	3960	1	1	1	112345	2-(2-BUTOXYETHOXY)ETHANOL     
4859	5.4718	305.5	54.001	0	730	1470	1	1	1	121175	4-CHLORO-3-NITROBENZOTRIFLUO  
4860	4.0399	359.14	50.066	0	730	1470	1	1	1	102363	34-DICHLOROPHENYLISOCYANAT    
4863	4.909	307.5	53.008	0	730	1470	1	1	1	98464	3-NITROBENZOTRIFLUORIDE       
4870	6.5389	344.18	47.696	0	730	0	1	1	0	97007	1-CHLORO-24-DINITROBENZENE    
4880	4.8699	350.05	46.911	0	730	1470	1	1	1	99547	12-DICHLORO-4-NITROBENZENE    
4882	4.5272	358.03	43.201	0	730	1470	1	1	1	88733	o-CHLORONITROBENZENE          
4883	4.132	366.41	43.857	0	730	1470	1	1	1	100005	p-CHLORONITROBENZENE          
4884	3.6207	387.31	26.531	0	730	1470	1	1	1	78400	TRIETHYLPHOSPHATE             
4885	4.0722	357.49	20.316	0	1280	3960	1	1	1	512561	TRIMETHYLPHOSPHATE            
5873	9.0695	319.72	42.785	0	990	0	1	1	0	56871	LYSINE                        
5874	3.8934	356.76	24.082	0.001	900	0	1	1	0	77781	DIMETHYLSULFATE               
6855	12.1031	267.24	26.301	0.001	1280	3960	1	1	1	111488	THIODIGLYCOL                  
6861	6.0089	256.44	46.883	0.001	1280	3960	1	1	1	100378	DIETHYLETHANOLAMINE           
6864	13.2016	241.52	29.978	0.001	1280	3960	1	1	1	110974	DIISOPROPANOLAMINE            
6870	3.8976	316.77	60.449	0.001	1280	3960	1	1	1	112072	ETHYLENEGLYCOLMONOBUTYLETHERAC
7863	7.3313	292.93	53.643	0.001	427	1320	1	1	1	1115204	HYDROXYPIVALYLHYDROXYPIVALATE 
7877	3.8192	251.72	33.125	0	540	1660	1	1	1	121437	TRIMETHYLBORATE               
9887	3.8633	340.76	34.252	0.0004	1120	0	1	1	0	620020	5-METHYLFURFURAL              
9894	5.221	359.84	66.498	0.001	600	0	1	1	0	102090	DIPHENYLCARBONATE             
