419  ID        TcEos        PcEos        ZcEos       AcenEos
    925    .43189E+02   .18570E+01   .36922E+00  -.29515E+00
   1231    .93984E+03   .94764E+01   .36462E+00   .16042E+00
   2707    .65982E+03   .45605E+01   .35481E+00   .30913E+00
   1680    .72475E+03   .79629E+01   .38628E+00   .17242E+00
   1682    .59406E+03   .81150E+01   .33747E+00   .13057E+00
   1586    .58633E+03   .68404E+01   .37246E+00   .17671E+00
   1304    .61005E+03   .66192E+01   .38038E+00   .28298E+00
    309    .52908E+03   .77410E+01   .42547E+00   .10942E+00
   1542    .67306E+03   .80688E+01   .40387E+00   .14252E+00
   1761    .66876E+03   .99252E+01   .36694E+00   .15636E+00
   8662    .59573E+03   .61390E+01   .37793E+00   .31074E+00
   8661    .69339E+03   .34066E+01   .36060E+00   .44327E+00
   8660    .65402E+03   .44280E+01   .38429E+00   .38267E+00
   3366    .86419E+03   .12820E+02   .45603E+00   .16376E+00
   2367    .92167E+03   .15221E+02   .46184E+00   .57068E-01
   1366    .93874E+03   .18796E+02   .44486E+00   .67308E-01
   2391    .59471E+03   .67650E+01   .36932E+00   .20046E+00
   1392    .61756E+03   .54319E+01   .36820E+00   .32050E+00
   2414    .59463E+03   .56817E+01   .38255E+00   .25243E+00
   1997    .56677E+03   .29607E+02   .35097E+00   .39153E+00
   1920    .58196E+03   .33585E+02   .36478E+00   .32325E+00
   1921    .71471E+03   .42515E+02   .37653E+00   .17826E+00
   1471    .56162E+03   .74679E+01   .37380E+00   .18351E+00
    413    .55582E+03   .60197E+01   .37379E+00   .22317E+00
   1622    .42815E+03   .45019E+01   .44100E+00   .20486E+00
   1448    .57078E+03   .50386E+01   .36593E+00   .86000E+02
   1821    .62653E+03   .96898E+01   .38444E+00   .12208E+00
   1894    .47867E+03   .79717E+01   .34920E+00   .15087E+00
   1771    .52001E+03   .99415E+01   .30709E+00   .15031E-01
   1717    .69117E+03   .15338E+02   .32748E+00   .86000E+02
   1986    .47357E+03   .11762E+02   .35935E+00   .14604E+00
   2629    .42287E+03   .61266E+01   .42540E+00   .15174E+00
   2631    .46149E+03   .67526E+01   .44401E+00   .17070E+00
   2648    .43055E+03   .64850E+01   .39589E+00   .18507E+00
   2649    .51244E+03   .67199E+01   .37198E+00   .14401E+00
   2655    .52266E+03   .53668E+01   .38234E+00   .16369E+00
   2695    .44486E+03   .69360E+01   .38013E+00   .14636E+00
   2851    .84086E+03   .18314E+02   .34524E+00   .18204E-01
   2868    .47360E+03   .46953E+01   .36354E+00   .10707E+00
   1202    .77984E+03   .76290E+01   .30866E+00   .60040E+00
   1276    .89598E+03   .17880E+01   .35238E+00   .38546E+00
   1125    .68273E+03   .58670E+01   .40232E+00   .44912E+00
     12    .54168E+03   .54766E+01   .39041E+00   .18844E+00
    101    .42713E+03   .85300E+01   .36809E+00   .62694E-01
   1442    .53051E+03   .88878E+01   .36045E+00   .13838E+00
   1602    .50145E+03   .65707E+01   .36614E+00   .12370E+00
   1609    .45380E+03   .55283E+01   .39254E+00   .16159E+00
   1629    .32212E+03   .73538E+01   .37630E+00   .14067E+00
   1634    .44500E+03   .85914E+01   .37848E+00   .13013E+00
   1673    .68569E+03   .80126E+01   .34171E+00   .16326E+00
   1694    .49780E+03   .65387E+01   .39686E+00   .17929E+00
   1723    .71240E+03   .13358E+02   .40611E+00   .86000E+02
   1724    .84199E+03   .93016E+01   .39801E+00   .45427E+00
   1972    .24931E+03   .68526E+01   .34662E+00   .76721E-01
   2627    .48088E+03   .80376E+01   .44789E+00   .19886E+00
   2628    .51246E+03   .92948E+01   .47938E+00   .15081E+00
    913    .37572E+01   .14144E+00   .36991E+00  -.24706E+00
    301    .41767E+03   .87680E+01   .36844E+00   .10598E+00
    911    .35667E+03   .42952E+01   .46374E+00   .24366E+01
    924    .28152E+03   .90376E+01   .34599E+00   .12998E+00
      1    .19835E+03   .56109E+01   .34398E+00  -.32614E-01
      2    .32134E+03   .66739E+01   .34476E+00   .55572E-01
      3    .39186E+03   .63350E+01   .35230E+00   .11214E+00
      4    .44109E+03   .61590E+01   .38338E+00   .11128E+00
      5    .46043E+03   .65777E+01   .38382E+00   .13239E+00
      7    .51016E+03   .63196E+01   .39705E+00   .18913E+00
      8    .50193E+03   .59744E+01   .39074E+00   .13608E+00
      9    .47365E+03   .55658E+01   .39470E+00   .10160E+00
     11    .55201E+03   .59539E+01   .40526E+00   .23695E+00
     13    .54599E+03   .54884E+01   .37879E+00   .19561E+00
     14    .52499E+03   .48821E+01   .37290E+00   .14929E+00
     15    .54550E+03   .55685E+01   .39129E+00   .15059E+00
     17    .57170E+03   .41179E+01   .34120E+00   .27367E+00
     18    .57488E+03   .48283E+01   .38103E+00   .22827E+00
     19    .58184E+03   .50424E+01   .38336E+00   .21757E+00
     20    .58530E+03   .49534E+01   .38104E+00   .20611E+00
     21    .56032E+03   .45456E+01   .37850E+00   .19519E+00
     22    .58579E+03   .51451E+01   .38946E+00   .17885E+00
     23    .56545E+03   .49835E+01   .38963E+00   .20864E+00
     24    .57361E+03   .45347E+01   .36876E+00   .17652E+00
     25    .57174E+03   .47108E+01   .37199E+00   .15502E+00
     27    .62064E+03   .47165E+01   .39163E+00   .27522E+00
     28    .60552E+03   .43957E+01   .37535E+00   .27016E+00
     29    .60984E+03   .44897E+01   .37412E+00   .26570E+00
     30    .60892E+03   .45960E+01   .38032E+00   .26815E+00
     31    .61041E+03   .45044E+01   .37354E+00   .25889E+00
     32    .59313E+03   .42472E+01   .37965E+00   .23198E+00
     33    .61140E+03   .46359E+01   .38092E+00   .23480E+00
     34    .59698E+03   .43442E+01   .37841E+00   .24207E+00
     35    .59885E+03   .44797E+01   .38769E+00   .23769E+00
     36    .60205E+03   .41557E+01   .36405E+00   .21687E+00
     37    .61487E+03   .45804E+01   .37710E+00   .22955E+00
     38    .61186E+03   .45253E+01   .36903E+00   .22517E+00
     41    .58789E+03   .42557E+01   .37790E+00   .19250E+00
     42    .61452E+03   .43490E+01   .36690E+00   .18726E+00
     43    .61422E+03   .46760E+01   .38050E+00   .20331E+00
     44    .59150E+03   .35935E+01   .34713E+00   .17458E+00
     46    .64342E+03   .40677E+01   .37188E+00   .32146E+00
     47    .61422E+03   .38648E+01   .38305E+00   .23214E+00
     51    .65210E+03   .39805E+01   .37529E+00   .16712E+00
     52    .63851E+03   .41250E+01   .37500E+00   .19533E+00
     53    .62045E+03   .39493E+01   .37969E+00   .18887E+00
     54    .64957E+03   .40515E+01   .36304E+00   .20122E+00
     56    .66774E+03   .38429E+01   .37674E+00   .36653E+00
     58    .62868E+03   .38205E+01   .39675E+00   .26171E+00
     63    .68551E+03   .35037E+01   .36801E+00   .42034E+00
     64    .70361E+03   .31709E+01   .35998E+00   .46111E+00
     65    .71324E+03   .25933E+01   .34618E+00   .50194E+00
     66    .71683E+03   .21587E+01   .31328E+00   .58800E+00
     67    .74025E+03   .20911E+01   .34185E+00   .57548E+00
     68    .75320E+03   .19309E+01   .34982E+00   .60898E+00
     69    .76491E+03   .17835E+01   .33702E+00   .65309E+00
     70    .77583E+03   .16092E+01   .33990E+00   .67451E+00
     71    .78447E+03   .15561E+01   .33429E+00   .73553E+00
     73    .79689E+03   .14164E+01   .33730E+00   .74574E+00
     74    .80201E+03   .12767E+01   .33212E+00   .79653E+00
     75    .81975E+03   .12741E+01   .34506E+00   .77216E+00
     76    .82464E+03   .11946E+01   .34080E+00   .83762E+00
     77    .84501E+03   .11613E+01   .34672E+00   .79166E+00
     91    .64198E+03   .42981E+01   .39778E+00   .27777E+00
     96    .62255E+03   .38695E+01   .37325E+00   .26136E+00
    104    .55850E+03   .80009E+01   .39176E+00   .10871E+00
    105    .58084E+03   .67519E+01   .38948E+00   .13576E+00
    107    .62017E+03   .60758E+01   .38656E+00   .17140E+00
    111    .60052E+03   .57650E+01   .38840E+00   .15205E+00
    112    .58679E+03   .48518E+01   .35217E+00   .17401E+00
    137    .61809E+03   .81939E+01   .42616E+00   .92864E-01
    138    .62845E+03   .64179E+01   .39906E+00   .13342E+00
    147    .63929E+03   .51390E+01   .37757E+00   .15854E+00
    154    .76141E+03   .61196E+01   .41044E+00   .16961E+00
    159    .66345E+03   .70317E+01   .40362E+00   .13601E+00
    160    .71423E+03   .68976E+01   .41215E+00   .14375E+00
    201    .30231E+03   .76407E+01   .35179E+00   .30410E-01
    204    .45446E+03   .67816E+01   .37870E+00   .11508E+00
    205    .46960E+03   .70861E+01   .37499E+00   .13723E+00
    206    .45990E+03   .66270E+01   .36407E+00   .15158E+00
    207    .44490E+03   .61260E+01   .35488E+00   .14159E+00
    209    .50496E+03   .63368E+01   .38542E+00   .15919E+00
    211    .51498E+03   .67330E+01   .39564E+00   .17579E+00
    212    .50591E+03   .63593E+01   .38453E+00   .16515E+00
    213    .48823E+03   .58229E+01   .38242E+00   .13482E+00
    214    .51108E+03   .58945E+01   .35815E+00   .17812E+00
    216    .54822E+03   .57259E+01   .38300E+00   .19570E+00
    223    .53764E+03   .58399E+01   .39547E+00   .16898E+00
    234    .58608E+03   .53633E+01   .38430E+00   .22781E+00
    250    .61764E+03   .48404E+01   .38808E+00   .26173E+00
    259    .64011E+03   .42281E+01   .37241E+00   .31695E+00
    260    .66113E+03   .36260E+01   .36175E+00   .35384E+00
    262    .70146E+03   .30331E+01   .35604E+00   .42919E+00
    269    .55167E+03   .81234E+01   .38167E+00   .10183E+00
    270    .64200E+03   .95181E+01   .45652E+00   .34537E-01
    302    .48654E+03   .72666E+01   .35979E+00   .11373E+00
    303    .44801E+03   .63105E+01   .33835E+00   .15792E+00
    401    .32861E+03   .87504E+01   .35773E+00   .97245E-01
    402    .44096E+03   .10517E+02   .39929E+00   .13033E+00
    403    .48122E+03   .87231E+01   .40430E+00   .16119E+00
    405    .51688E+03   .64168E+01   .36871E+00   .18023E+00
    501    .62263E+03   .96739E+01   .41068E+00   .11412E+00
    502    .65122E+03   .78010E+01   .39617E+00   .15558E+00
    504    .67282E+03   .65457E+01   .38266E+00   .20013E+00
    505    .69210E+03   .69931E+01   .38915E+00   .18936E+00
    506    .67716E+03   .65897E+01   .38976E+00   .19978E+00
    507    .67566E+03   .65465E+01   .38352E+00   .20185E+00
    509    .69176E+03   .54922E+01   .37278E+00   .22744E+00
    510    .68732E+03   .57730E+01   .38164E+00   .21542E+00
    516    .70219E+03   .61385E+01   .39699E+00   .25166E+00
    518    .71422E+03   .49173E+01   .37519E+00   .26934E+00
    519    .70143E+03   .48218E+01   .36611E+00   .24745E+00
    520    .71468E+03   .54709E+01   .39429E+00   .22493E+00
    527    .71479E+03   .49911E+01   .37308E+00   .27239E+00
    558    .84113E+03   .59348E+01   .37545E+00   .26246E+00
    559    .96758E+03   .42081E+01   .40562E+00   .44243E+00
    563    .83733E+03   .50060E+01   .37863E+00   .28301E+00
    601    .70003E+03   .78762E+01   .40772E+00   .18827E+00
    701    .80864E+03   .66321E+01   .36451E+00   .19205E+00
    702    .84218E+03   .65199E+01   .38115E+00   .21537E+00
    703    .83319E+03   .62895E+01   .37002E+00   .22603E+00
    706    .79184E+03   .68337E+01   .38605E+00   .19929E+00
    804    .98384E+03   .52374E+01   .38607E+00   .19902E+00
    805    .97561E+03   .54332E+01   .39193E+00   .21106E+00
    820    .73638E+03   .63241E+01   .35176E+00   .20500E+00
    899    .33225E+03   .11368E+02   .38456E+00   .75724E-01
    900    .49318E+03   .18786E+02   .38527E+00   .86000E+02
    901    .16392E+03   .69637E+01   .36846E+00  -.29323E-01
    902    .36644E+02   .16411E+01   .36864E+00  -.29032E+00
    905    .13228E+03   .44764E+01   .35367E+00   .12367E-02
    908    .13593E+03   .40929E+01   .32450E+00   .41179E-01
    909    .32311E+03   .11117E+02   .34081E+00   .16257E+00
    910    .46873E+03   .14453E+02   .39541E+00   .16636E+00
    912    .20168E+03   .13613E+02   .45053E+00   .31807E+00
    914    .15769E+03   .62079E+01   .35470E+00  -.42191E-01
    917    .15363E+03   .72701E+01   .36703E+00  -.77166E-02
    918    .43346E+03   .10120E+02   .34328E+00   .53291E-01
    919    .54524E+02   .45915E+01   .37570E+00  -.23915E+00
    920    .21897E+03   .68151E+01   .35226E+00  -.49171E-01
    922    .60599E+03   .13225E+02   .35944E+00   .92612E-01
    959    .31064E+03   .77885E+01   .36628E+00  -.84826E-01
    970    .42223E+03   .11376E+02   .43512E+00  -.12907E+00
   1002    .52541E+03   .93558E+01   .33988E+00   .86000E+02
   1003    .55335E+03   .85157E+01   .35488E+00   .12884E+00
   1005    .58605E+03   .74270E+01   .36609E+00   .15636E+00
   1041    .76124E+03   .82709E+01   .37185E+00   .18205E+00
   1050    .57847E+03   .98626E+01   .38266E+00   .20387E+00
   1051    .56260E+03   .87763E+01   .36314E+00   .15093E+00
   1052    .60368E+03   .86465E+01   .40416E+00   .14753E+00
   1060    .61880E+03   .70746E+01   .37751E+00   .20541E+00
   1054    .63441E+03   .63660E+01   .39260E+00   .21038E+00
   1053    .61876E+03   .72044E+01   .39156E+00   .20212E+00
   1062    .64815E+03   .63746E+01   .38878E+00   .24374E+00
   1059    .64076E+03   .62634E+01   .38797E+00   .23381E+00
   1065    .65999E+03   .70917E+01   .39293E+00   .22265E+00
   1071    .81129E+03   .95358E+01   .38441E+00   .19094E+00
   1079    .70866E+03   .10409E+02   .41338E+00   .12989E+00
   1080    .68512E+03   .60264E+01   .33692E+00   .12264E+00
   1090    .77765E+03   .70813E+01   .38606E+00   .18088E+00
   1101    .55057E+03   .14347E+02   .35349E+00   .44033E+00
   1102    .55742E+03   .12260E+02   .40089E+00   .49696E+00
   1103    .58978E+03   .11635E+02   .44641E+00   .45734E+00
   1104    .55644E+03   .83279E+01   .37471E+00   .37978E+00
   1105    .61130E+03   .93325E+01   .43125E+00   .46634E+00
   1106    .60325E+03   .10274E+02   .47852E+00   .44760E+00
   1107    .58048E+03   .71089E+01   .37216E+00   .35816E+00
   1108    .56022E+03   .88017E+01   .46680E+00   .41469E+00
   1109    .63249E+03   .72519E+01   .39985E+00   .45109E+00
   1110    .60852E+03   .62600E+01   .37548E+00   .34580E+00
   1111    .56747E+03   .50864E+01   .33668E+00   .38768E+00
   1112    .62343E+03   .92408E+01   .47776E+00   .47797E+00
   1114    .65345E+03   .59722E+01   .38391E+00   .44725E+00
   1115    .63602E+03   .51546E+01   .36192E+00   .31878E+00
   1116    .62428E+03   .51795E+01   .36321E+00   .33517E+00
   1117    .63899E+03   .52784E+01   .36287E+00   .40706E+00
   1120    .60042E+03   .60291E+01   .36849E+00   .34547E+00
   1121    .68752E+03   .50462E+01   .39762E+00   .41640E+00
   1123    .62857E+03   .89821E+01   .46851E+00   .45641E+00
   1124    .58688E+03   .60481E+01   .35602E+00   .40506E+00
   1126    .66179E+03   .49585E+01   .37084E+00   .34749E+00
   1130    .63353E+03   .42009E+01   .35595E+00   .18763E+00
   1132    .69567E+03   .48015E+01   .38234E+00   .47273E+00
   1133    .68663E+03   .46850E+01   .38143E+00   .35418E+00
   1134    .71135E+03   .43486E+01   .37696E+00   .50593E+00
   1135    .71841E+03   .50606E+01   .42376E+00   .36729E+00
   1136    .72729E+03   .35453E+01   .36762E+00   .48698E+00
   1137    .72793E+03   .35580E+01   .36803E+00   .59765E+00
   1140    .76243E+03   .28238E+01   .36792E+00   .47895E+00
   1145    .80530E+03   .18867E+01   .34918E+00   .71105E+00
   1146    .81537E+03   .16574E+01   .33998E+00   .72979E+00
   1148    .87040E+03   .15307E+01   .34909E+00   .58480E+00
   1151    .67873E+03   .86420E+01   .42567E+00   .43787E+00
   1167    .58349E+03   .91588E+01   .37315E+00   .42027E+00
   1170    .80983E+03   .83775E+01   .43738E+00   .20571E+00
   1172    .77656E+03   .69408E+01   .39072E+00   .25502E+00
   1174    .77506E+03   .71264E+01   .39325E+00   .26090E+00
   1176    .76087E+03   .60065E+01   .37142E+00   .20995E+00
   1177    .79333E+03   .72414E+01   .38348E+00   .30789E+00
   1178    .79404E+03   .69679E+01   .39047E+00   .26584E+00
   1181    .76167E+03   .94848E+01   .37824E+00   .20659E+00
   1182    .76407E+03   .78927E+01   .38208E+00   .20472E+00
   1183    .78239E+03   .84110E+01   .39281E+00   .22838E+00
   1184    .78830E+03   .90640E+01   .40697E+00   .22699E+00
   1187    .79671E+03   .86045E+01   .43752E+00   .28756E+00
   1201    .75179E+03   .12313E+02   .37369E+00   .43638E+00
   1212    .78315E+03   .96474E+01   .37011E+00   .32808E+00
   1221    .75817E+03   .69009E+01   .36355E+00   .29604E+00
   1251    .61561E+03   .10964E+02   .26441E+00   .41865E+00
   1252    .60654E+03   .86394E+01   .27627E+00   .54508E+00
   1253    .59755E+03   .58184E+01   .26980E+00   .71031E+00
   1254    .71470E+03   .30958E+01   .36068E+00   .10376E+01
   1256    .60777E+03   .50989E+01   .28295E+00   .85947E+00
   1258    .63009E+03   .53079E+01   .31550E+00   .95941E+00
   1259    .69507E+03   .32073E+01   .35463E+00   .10497E+01
   1260    .60905E+03   .63005E+01   .30282E+00   .80738E+00
   1261    .62162E+03   .52143E+01   .30956E+00   .90743E+00
   1262    .64624E+03   .45956E+01   .32768E+00   .10346E+01
   1265    .67323E+03   .35854E+01   .34773E+00   .11119E+01
   1269    .76082E+03   .25901E+01   .35666E+00   .86870E+00
   1291    .67909E+03   .79181E+01   .40054E+00   .22073E+00
   1301    .52605E+03   .10672E+02   .37251E+00   .18826E+00
   1302    .54432E+03   .78242E+01   .36337E+00   .22043E+00
   1303    .58229E+03   .70893E+01   .38022E+00   .22238E+00
   1305    .60159E+03   .65577E+01   .40487E+00   .21881E+00
   1306    .63816E+03   .56935E+01   .38689E+00   .29564E+00
   1312    .55721E+03   .88512E+01   .38648E+00   .19688E+00
   1313    .56578E+03   .67691E+01   .36754E+00   .26223E+00
   1314    .60106E+03   .62604E+01   .39020E+00   .25639E+00
   1315    .62785E+03   .54526E+01   .38875E+00   .27782E+00
   1317    .64846E+03   .46731E+01   .39265E+00   .25036E+00
   1319    .58324E+03   .62509E+01   .39440E+00   .23246E+00
   1321    .57204E+03   .74459E+01   .39190E+00   .19929E+00
   1323    .58884E+03   .56309E+01   .37173E+00   .27188E+00
   1324    .61768E+03   .53235E+01   .37424E+00   .29285E+00
   1326    .64560E+03   .50062E+01   .38893E+00   .32000E+00
   1327    .64865E+03   .51829E+01   .39487E+00   .29591E+00
   1332    .60588E+03   .63290E+01   .38684E+00   .24258E+00
   1333    .62286E+03   .54041E+01   .37643E+00   .26548E+00
   1336    .63336E+03   .43891E+01   .37185E+00   .25288E+00
   1344    .66136E+03   .44951E+01   .36955E+00   .22642E+00
   1347    .63865E+03   .48434E+01   .38811E+00   .26482E+00
   1360    .64484E+03   .45103E+01   .39823E+00   .30464E+00
   1385    .67258E+03   .45600E+01   .39998E+00   .30559E+00
   1401    .43002E+03   .84467E+01   .36417E+00   .12035E+00
   1402    .49991E+03   .60642E+01   .36728E+00   .21615E+00
   1403    .53607E+03   .46231E+01   .38059E+00   .23070E+00
   1404    .61632E+03   .36134E+01   .35232E+00   .35456E+00
   1405    .53926E+03   .57010E+01   .38323E+00   .15859E+00
   1407    .46736E+03   .74575E+01   .37764E+00   .19629E+00
   1415    .53572E+03   .52107E+01   .36308E+00   .86000E+02
   1421    .63819E+03   .85295E+01   .36271E+00   .16289E+00
   1427    .57794E+03   .49883E+01   .37847E+00   .17955E+00
   1431    .51226E+03   .71959E+01   .36693E+00   .25578E+00
   1432    .58258E+03   .41135E+01   .37206E+00   .24653E+00
   1441    .50363E+03   .11162E+02   .34601E+00   .11234E+00
   1446    .56651E+03   .46199E+01   .36315E+00   .26082E+00
   1447    .58095E+03   .55746E+01   .38234E+00   .26786E+00
   1455    .56894E+03   .57205E+01   .36486E+00   .25049E+00
   1461    .68403E+03   .60904E+01   .36292E+00   .24216E+00
   1478    .53236E+03   .10068E+02   .38773E+00   .14178E+00
   1479    .58571E+03   .88997E+01   .37496E+00   .14277E+00
   1501    .59346E+03   .69371E+01   .36656E+00   .12636E+00
   1502    .45138E+03   .11143E+02   .36681E+00   .78218E-01
   1503    .50052E+03   .94300E+01   .37799E+00   .12282E+00
   1504    .45151E+03   .87719E+01   .35621E+00   .13871E+00
   1511    .55361E+03   .11584E+02   .39121E+00   .14232E+00
   1521    .57273E+03   .83980E+01   .36500E+00   .14800E+00
   1522    .56243E+03   .83677E+01   .37819E+00   .15965E+00
   1523    .61182E+03   .93065E+01   .37160E+00   .17764E+00
   1526    .62146E+03   .75808E+01   .37500E+00   .17250E+00
   1571    .68910E+03   .80290E+01   .38177E+00   .15555E+00
   1572    .75011E+03   .67063E+01   .36950E+00   .17535E+00
   1573    .73630E+03   .61541E+01   .36255E+00   .16819E+00
   1578    .71505E+03   .71034E+01   .38681E+00   .21543E+00
   1581    .54100E+03   .82373E+01   .34408E+00   .20161E+00
   1585    .54615E+03   .84445E+01   .39263E+00   .15996E+00
   1587    .57465E+03   .71173E+01   .38876E+00   .15582E+00
   1588    .62060E+03   .57362E+01   .36578E+00   .19078E+00
   1601    .40491E+03   .59794E+01   .35410E+00   .14674E+00
   1604    .39835E+03   .82271E+01   .37034E+00   .13969E+00
   1611    .52006E+03   .49938E+01   .36823E+00   .14719E+00
   1613    .35061E+03   .10537E+02   .35650E+00   .76645E-01
   1615    .32704E+03   .85229E+01   .37222E+00   .14659E+00
   1616    .24316E+03   .57750E+01   .37313E+00   .11649E+00
   1617    .40866E+03   .78821E+01   .35221E+00   .10001E+00
   1619    .38267E+03   .72752E+01   .38920E+00   .14279E+00
   1620    .45685E+03   .79737E+01   .49241E+00   .18023E+00
   1623    .51417E+03   .44075E+01   .51298E+00   .23627E+00
   1625    .56766E+03   .33330E+01   .48191E+00   .28809E+00
   1640    .42644E+03   .83432E+01   .37548E+00   .14045E+00
   1641    .47229E+03   .79787E+01   .44762E+00   .14867E+00
   1645    .53526E+03   .88196E+01   .36076E+00   .16077E+00
   1646    .37482E+03   .68704E+01   .41572E+00   .16558E+00
   1681    .56270E+03   .99588E+01   .33962E+00   .93022E-01
   1691    .78112E+03   .83522E+01   .38925E+00   .18112E+00
   1701    .46601E+03   .12209E+02   .36119E+00   .15637E+00
   1702    .49320E+03   .11529E+02   .43438E+00   .14062E+00
   1703    .44613E+03   .55193E+01   .31993E+00   .20276E+00
   1704    .49309E+03   .88678E+01   .36062E+00   .15291E+00
   1706    .57649E+03   .51328E+01   .38123E+00   .22365E+00
   1707    .59872E+03   .51173E+01   .37356E+00   .26735E+00
   1710    .54282E+03   .69793E+01   .38986E+00   .20182E+00
   1711    .53890E+03   .80518E+01   .37481E+00   .16546E+00
   1712    .57848E+03   .70747E+01   .37316E+00   .19437E+00
   1714    .56706E+03   .67817E+01   .37265E+00   .16217E+00
   1719    .51328E+03   .78252E+01   .38426E+00   .15940E+00
   1727    .51927E+03   .54457E+01   .36256E+00   .13603E+00
   1741    .66687E+03   .10997E+02   .37697E+00   .18579E+00
   1744    .65337E+03   .40552E+01   .36993E+00   .32866E+00
   1748    .84656E+03   .78824E+01   .38202E+00   .20987E+00
   1760    .67443E+03   .12716E+02   .36147E+00   .93540E-01
   1766    .63761E+03   .11004E+02   .43454E+00   .10253E+00
   1774    .61141E+03   .97695E+01   .35476E+00   .49871E-01
   1772    .64731E+03   .12929E+02   .34865E+00   .78492E-01
   1773    .64467E+03   .92410E+01   .35453E+00   .72038E-01
   1782    .66791E+03   .84533E+01   .37565E+00   .10476E+00
   1783    .68597E+03   .74464E+01   .37352E+00   .16612E+00
   1791    .67529E+03   .10152E+02   .38452E+00   .15272E+00
   1792    .77161E+03   .94860E+01   .38047E+00   .18879E+00
   1797    .67392E+03   .79143E+01   .37396E+00   .18884E+00
   1801    .51812E+03   .13747E+02   .41013E+00   .62955E-01
   1802    .54251E+03   .73721E+01   .34403E+00   .32094E-01
   1813    .58923E+03   .88509E+01   .40685E+00   .13702E+00
   1818    .60438E+03   .69527E+01   .38315E+00   .19387E+00
   1820    .54271E+03   .96769E+01   .37316E+00   .15033E+00
   1845    .95151E+03   .10468E+02   .37020E+00   .21739E+00
   1864    .56495E+03   .58453E+01   .38804E+00   .24350E+00
   1876    .73660E+03   .10187E+02   .36981E+00   .16262E+00
   1886    .81135E+03   .78400E+01   .37148E+00   .86000E+02
   1889    .73718E+03   .96777E+01   .36903E+00   .20875E+00
   1893    .39273E+03   .80334E+01   .33436E+00   .73500E-01
   1904    .34960E+03   .11938E+02   .36186E+00   .23667E-01
   1905    .58182E+03   .20865E+02   .26247E+00   .86000E+02
   1906    .38702E+03   .12139E+02   .39063E+00   .16666E-02
   1911    .43774E+03   .17474E+02   .34363E+00   .10826E+00
   1922    .39316E+03   .12113E+02   .35341E+00   .29044E-01
   1938    .59098E+03   .11761E+02   .37356E+00   .41543E-01
   1981    .32572E+03   .60965E+01   .32041E+00   .53084E-02
   1998    .82648E+03   .13238E+02   .34012E+00   .11927E+00
   2260    .65618E+03   .36320E+01   .34341E+00   .11239E+01
   2261    .65802E+03   .39995E+01   .33758E+00   .10839E+01
   2337    .60459E+03   .52675E+01   .38982E+00   .24783E+00
   2422    .59234E+03   .69421E+01   .48651E+00   .86000E+02
   2623    .47666E+03   .46270E+01   .48276E+00   .21269E+00
   2626    .54109E+03   .36458E+01   .48320E+00   .25693E+00
   2630    .41500E+03   .57239E+01   .41842E+00   .20364E+00
   2640    .52194E+03   .61208E+01   .35715E+00   .24268E+00
   2650    .41657E+03   .82479E+01   .41322E+00   .18068E+00
   2652    .38624E+03   .54959E+01   .45589E+00   .16034E+00
   2654    .46225E+03   .77656E+01   .55808E+00   .73351E-01
   2686    .44127E+03   .56404E+01   .32722E+00   .17810E+00
   2687    .36013E+03   .58082E+01   .35655E+00   .12207E+00
   2688    .48527E+03   .56182E+01   .32156E+00   .17278E+00
   2692    .37933E+03   .49890E+01   .38250E+00   .16257E+00
   2693    .32209E+03   .55131E+01   .42056E+00   .13154E+00
   2708    .69247E+03   .44661E+01   .37598E+00   .31098E+00
   2785    .85404E+03   .71206E+01   .36172E+00   .18844E+00
   2796    .67200E+03   .64849E+01   .36564E+00   .25191E+00
   2797    .70360E+03   .81454E+01   .37363E+00   .17667E+00
   2799    .70409E+03   .81254E+01   .37322E+00   .18305E+00
   2862    .68857E+03   .54933E+01   .37813E+00   .34624E+00
   3606    .52148E+03   .72661E+01   .45813E+00   .17829E+00
   3608    .41310E+03   .68568E+01   .45174E+00   .12010E+00
