446	4 Ccid DIPPR	CAS#	zRef1   	  zRef2 	  zRef3 	   a11  	   a12   	  a13   	a14 	    a21  	    a22  	    a23   	    a24  	vEffNm3 	tMinK	  Mw  	nTypes 	ndType1	iTyp1..	name		
901	47	7782447	1.267511	2.797568	-2.663499	-1351.750873	-2729.695309	4720.846527	-2432.837274	-50667.62252	351339.0811	-927972.9106	627046.8912	0.018825	69.56	31.9988	1	2	1601	Oxygen									
905	46	7727379	1.111549	3.166290	-3.916347	-1112.067953	-2139.216135	3794.611767	-1972.338768	-35695.83386	263637.5207	-734019.6671	545941.8696	0.022468	56.74	28.0134	1	2	2301	Nitrogen									
909	49	124389	1.802722	3.313663	-3.475832	-2464.909048	-5744.706765	1930.675244	3968.370169	-291762.7221	1563760.979	-3509296.105	1445121.946	0.023042	216.58	40.0218	1	2	8	Carbon Dioxide									
914	98	7440371	1.143666	2.102779	-1.630633	-1295.650943	-2128.986593	2982.934252	-888.166795	-45924.15507	300629.7046	-721143.6568	172221.5488	0.019599	128.23	39.948	1	1	2	Argon									
917	208	7782414	1.440110	2.343695	-1.566011	-1308.114475	-2755.457386	5201.63868	-3041.902161	-50792.18435	361572.6613	-981794.2919	643424.7617	0.016137	64.94	37.9968	1	2	9	Fluorine									
918	105	7782505	1.560122	2.685857	-1.929263	-3599.296011	-8022.043756	11092.9175	-4280.665767	-426051.7708	2905994.189	-7808799.217	5953780.491	0.031510	187.72	70.9054	1	2	10	Chlorine									
922	99	7726956	1.543052	3.535225	-3.108643	-4696.623673	-10305.91282	6455.749983	4050.601141	-821992.6025	4382011.249	-9636295.278	5141575.239	0.038045	265.9	159.808	1	2	2701	Bromine	
1002	128	75070	1.1477	2.3247	-3.7086	-3510.987	-7701.904	4199.31	2415.868	-707356.6	3317711.8	-8304341.3	1432294.9	0.047374	198	44.053	3	1	102	1	805	1	1607	acetaldehyde	
1876	144	68122	1.4985	4.1278	-5.0766	-4500.103	-10087.125	-9002.972	17049.511	-1347395.3	5844598.0	-20435057.6	21754943.8	0.072032	293	73.095	4	2	122	1	803	1	1605	1	2104	DMF	
1911	1911	7664417	1	1	-1	-3225.076	-5125.356	6845.621	-1932.046	-315787.4	1967201.6	-4549180.2	631619.7	0.019685	203	17.031	1	1	3	NH3	
1921	62	7732185	1	1	-1	-2766.596	-4358.104	6212.396	-2302.352	-223216.7	1421119.6	-3371460.9	792543.4	0.014843	273	18.015	1	1	1301	Water	
1922	50	34001	1	1	-1	-3036.806	-4778.307	6894.487	-2663.61	-267008.1	1706562.9	-4066353.4	1020575.5	0.027389	188	34.076	1	1	4	H2S	
1938	1938	75150	1.3779	2.6459	-3.2391	-4275.709	-10211.676	10199.603	-94.895	-800078.4	4938556.5	-12942577.8	8828675.9	0.046173	195	76.144	1	2	1705	CS2	
1940	8686	2551624	1.3128	6.1579	-6.6272	-2127.869	-4470.016	-7180.878	12322.019	-263768.6	645737.6	-702414	-1849580.5	0.054619	225	146.057	2	1	1704	6	2506	SF6	
1	2	74828	0.94821	1.60748	-2.07260	-1548.334	-2262.396691	1723.266844	1464.055831	-85943.26242	567277.4276	-1645965.435	992582.2479	0.025880	76.25	16.0428	1	1	1	Methane						
2	3	74840	1.02704	2.09276	-3.32230	-2423.160462	-4379.892286	4020.54389	116.373394	-209839.3913	1266118.812	-3289822.774	2496264.3	0.041011	137.444	30.0698	1	2	101	Ethane						
4	5	75285	1.205	2.925	-4.27350	-3025.158	-6841.157	3668.814	3381.873	-438388.5	2314706.2	-5871803.7	4068797	0.073111	173	58.124	2	3	102	1	301	iButane	
104	104	287923	1.0548	2.6404	-3.76780	-3552.384	-6951.198	-2152.496	9121.539	-671318.1	2869109	-7831421.9	6739812.8	0.075981	217	70.135	1	5	209	cyclopentane	
105	105	96377	1.2718	3.007	-4.12220	-3570.818	-7280.806	-5509.831	12236.145	-795006.5	3264448.4	-9481208.6	9279437.8	0.093009	226	84.162	3	1	102	4	209	1	306	methylcyclopentane	
141	87	590669	1.3389	3.5774	-4.52220	-3704.175	-6939.041	-13198.383	18465.765	-912101.1	3245880.5	-14459016.5	19003569	0.120308	296	112.216	3	2	115	5	209	1	401	1,1-DimethylCyclohexane	
142	88	2207014	1.3939	3.5188	-4.42240	-3881.085	-7289.762	-12961.243	19220.692	-1001880.9	3653564.9	-16298058	22369579	0.12206	303	112.216	3	2	102	4	209	2	306	Cis-1,2-DimethylCyclohexane	
154	387	493027	1.3435	3.3017	-4.34160	-4353.55	-7424.846	-18024.821	23288.728	-1594678.7	8692137.8	-43758901	61514613.4	0.141843	361	138.253	2	8	209	2	306	Trans-Decalin	
155	888	92513	1.7301	4.5285	-5.74570	-4641.302	-8655.449	-25642.75	31719.18	-1959457.2	10083409.4	-52014210.1	69281601.1	0.169195	364	166.307	2	10	209	2	306	Dicyclohexane	
201	22	74851	0.9757	2.29815	-3.554491	-2168.65361	-3914.654915	5502.89715	-1997.00767	-150428.9478	1016373.534	-2786028.27	2159099.45	0.035381	127.06	28.054	1	2	701	Ethylene	
202	23	115071	1.1623	2.7314	-3.99560	-2741.373	-5150.583	549.706	5162.218	-364983.5	2023117.1	-5365459	4386371.1	0.051037	146	42.081	3	1	122	1	702	1	801	Propylene	
207	27	115117	1.2994	3.0943	-4.2688	-3006.954	-6898.625	1595.476	4675.625	-470900.6	2133640.5	-4928675.9	3273014	0.067808	205	56.108	3	2	102	1	701	1	901	iButene	
214	214	513359	1.4583	3.9386	-4.99970	-3656.511	-9238.068	-744.634	9423.59	-687060.8	1754772	-1830402.4	-1817651.5	0.082995	200	70.135	4	1	102	2	102	1	801	1	901	2methyl2butene	
220	555	13269528	1.756987	4.524861	-6.402622	-3724.013112	-9435.969209	-3512.49705	13835.39495	-943501.4798	5188452.347	-16958397.86	17647844.44	0.096019	229.05	84.162	3	2	101	2	201	2	801	3hexene	
302	0	590192	1.3387	2.9375	-4.2252	-3193.721	-7155.107	274.337	6346.455	-541441.1	2400633.2	-6569648.3	6019607.4	0.064182	200	54.092	4	1	122	1	701	1	802	1	1001	12Butadiene	
309	61	78795	1.5221	3.936	-5.0134	-3269.821	-8343.839	-1929.902	9637.005	-652100	2285796.3	-4865511.4	2772897.9	0.082837	218	70.135	4	1	101	2	102	1	801	1	901	isoprene	
418	148	689974	1.3706	2.9618	-4.7266	-3119.535	-6488.632	-2134.937	8216.084	-542054.9	2591405.8	-8390483.5	8840302	0.058793	204	52.076	4	1	701	1	802	1	1101	1	1203	vinylAcetylene	
505	42	95476	1.36274	4.236626	-5.580802	-4231.179864	-8843.267123	-11200.3125	19969.7142	-1308746.579	5513786.961	-17099947.97	15121688.65	0.108658	315.15	106.169	3	2	112	4	501	2	601	OrthoXylene	
511	72	611143	1.669587	4.839086	-6.242443	-4215.447102	-9204.758497	-16553.12098	25424.98542	-1388988.681	5800286.749	-25953421.43	33391212.18	0.123223	325.58	120.196	5	1	101	1	112	1	213	4	501	2	601	o-Methylethylbenzene	
1080	1080	108941	1.1558	3.9645	-5.3041	-4235.339	-8435.872	-10219.215	17313.327	-1149548.2	4035173.5	-14119979.8	15925260.4	0.095892	278	98.145	3	5	209	1	903	1	1601	cyclohexanone	
1101	117	67561	0.978736	2.433816	-3.5548	-2919.095	-5126.006	5274.02	-960.442	-312792.4	1893397.1	-4954645.5	3531408.8	0.030906	218	32.042	2	1	105	1	1401	Methanol	
1102	134	64175	1.0636	2.8971	-4.509	-2872.195	-5707.314	1554.567	4505.119	-377679.4	2213198.3	-6118326.6	5312536	0.045231	231	46.069	3	1	101	1	202	1	1402	Ethanol	
1108	1108	75650	1.3974	3.9528	-4.5547	-3956.682	-9388.895	-2050.598	10792.979	-894393.1	3499772.3	-9535659.3	4017150.6	0.0784	304	74.123	3	3	103	1	406	1	1405	tertbutanol	
1151	1151	111273	1.1594	3.2415	-4.813	-4563.078	-9049.158	-8357.499	16917.281	-1396776.9	6068563	-22729240.1	19005798.5	0.098874	358	100.161	3	5	209	1	306	1	1408	cyclohexanol			
1316	331	110190	1.820463	5.836362	-8.118683	-3562.437553	-7377.302026	-17348.97645	21764.33351	-1153034.016	6440386.135	-31117488.56	34729810.74	0.112837	266.38	116.161	7	2	102	1	109	1	201	1	302	1	904	1	1502	1	1602	IsobutylAcetate	
1318	726	591877	1.789427	5.384598	-7.214972	-3796.305913	-8730.894026	-11759.72515	19166.62274	-1076907.384	5401266.389	-23673552.43	25390006.11	0.090793	265.53	100.118	7	1	109	1	216	1	701	1	801	1	904	1	1502	1	1602	AllylAcetate	
1319	733	108214	1.6607	4.466829	-5.807574	-3267.12413	-6959.402367	-13325.8112	16620.30986	-967357.1382	5331740.639	-27756645.27	34110877.65	0.09768	252.7	102.134	6	2	102	1	109	1	302	1	904	1	1502	1	1602	IsopropylAcetate	
1320	772	105464	1.872087	5.63751	-7.242446	-3587.991875	-7850.615144	-16684.20603	21850.26688	-1068155.906	5586012.153	-28134815.01	31762081.14	0.112106	294.53	116.161	8	1	101	1	114	1	114	0	214	0	414	0	914	1	1502	1	1602	Sec-ButylAcetate	
1358	870	103093	2.419424	8.66575	-11.005945	-4083.04372	-9329.211197	-31958.96364	38439.09824	-1474173.11	4315168.818	-19685458.93	8696414.22	0.170045	305.14	172.268	8	2	101	1	109	3	201	2	215	1	302	1	904	1	1502	1	1602	2-EthylhexylAcetate	
1370	1731	112174	3.126841	10.717317	-13.948991	-4855.85562	-16194.66812	-28218.7886	42971.79078	-2014151.701	3429130.568	-3891604.27	-34843605.09	0.195213	322.05	200.322	6	1	101	1	109	9	201	1	904	1	1502	1	1602	1-DecanolAcetate	
1387	765	111557	2.507561	8.03411	-11.036115	-4424.731788	-11015.49475	-26524.95025	35589.86066	-1733149.387	7078666.851	-27015786.8	10779891.73	0.120184	359.15	146.144	5	2	109	2	216	2	904	2	1502	2	1602	EthyleneAcetate	
1391	844	140114	2.122899	6.184009	-7.516592	-4612.464461	-9913.561172	-26949.91399	35147.42191	-1693204.252	6281496.446	-30344933.97	30945235.14	0.1308	349.5	150.178	7	1	109	1	218	5	501	1	601	1	904	1	1502	1	1602	BenzylAcetate	
1401	133	115106	1.3486	2.7432	-3.6672	-2772.3	-7944.6	5995.4	0	-512163.3	3075197.6	-6279557.6	4292494.6	0.04923	180	46.069	2	2	107	1	1601	EtherDi-Methyl	
1403	1403	108203	1.6077	5.9884	-7.4851	-3272.249	-7750.622	-10236.915	16492.148	-760159.2	2963356.3	-10916569	12251393.8	0.121937	288	102.177	3	4	102	2	313	1	1501	diisopropylether	
1421	1421	123911	1.1705	2.8603	-3.9302	-3763.443	-7141.458	-7653.65	11991.213	-1344533	7144091	-23890422	24463195	0.077006	284.95	88.106	2	4	209	2	1504	14dioxane	
1500	8686	97643	1.7635	5.815	-7.8459	-4110.563	-10795.21	-11064.237	17850.206	-1375853.4	6382261.6	-28816838.1	29219920.7	0.103464	118.133	118.133	1	8	1	101	1	102	1	201	1	303	1	904	1	1404	1	1502	1	1602	EtLactate
1501	100	56235	1.5971	5.5527	-6.2526	-3869.819	-11427.69	2523.831	7218.286	-887942	3642119	-6982735.5	999665	0.076762	250	153.822	2	1	403	4	2405	CCl4	
1542	233	127184	1.8866	6.388	-7.3694	-3938.214	-12637.12	-3567.362	12922.487	-936386	1916851.2	-3506130.2	2954469.8	0.087246	264	165.833	2	2	902	4	2403	tetrachloroethylene		
1616	218	75730	1.3117	3.635	-5.0515	-1584.783	-3848.372	692.282	2936.76	-148251.4	782797.2	-2064121.1	1621194.6	0.042481	90	88.005	2	1	403	4	2503	carbontetrafluoride	
1681	1681	74884	1.2416	2.2724	-3.0138	-4174.247	-8848.231	7415.083	304.5370	-749730.3	4119743.2	-10024970.7	6121790.5	0.044939	224	141.939	2	1	107	1	2802	IodoNC1	
1684	1684	75309	1.4587	3.7434	-5.0226	-4259.023	-11488.865	7668.521	2248.013	-1034920.5	5741402.5	-14723288.6	10769877.5	0.078402	275	169.993	3	2	102	1	308	1	2804	IodoIC3	
1691	1691	591504	1.623	4.1976	-5.4281	-5071.071	-13643.615	-822.383	14225.782	-1631609.6	6564429.8	-15435704.7	8132668.4	0.096995	343	204.011	3	5	501	1	603	1	2803	IodoBenzene	
1701	118	74895	1.0325	1.8567	-2.7324	-3342.139	-6578.428	8582.244	-2389.541	-416658	2745336.4	-7554875.4	5289249.4	0.033866	199	31.058	2	1	123	1	1901	AmineNC01	
1702	249	124403	1.2231	2.5118	-3.4527	-3100.686	-5880.681	-3722.789	9302.198	-537731.3	2067687.6	-5707537.7	4684647.8	0.051516	200	45.084	2	2	123	1	2001	AmineDiNC1	
1706	339	121448	1.6879	5.057	-5.7745	-3532.47	-7344.188	-14457.42	20997.642	-1113277.932	4901836.395	-14218193	14099825	0.112172	294	101.192	3	3	101	3	201	1	2101	AmineTriC2	
1760	1760	75525	1.2218	3.6716	-5.0975	-4241.552	-9674.731	-392.420	8541.818	-1068522.4	4777687.7	-14086596.2	12457072.4	0.047190	250	61.04	3	1	110	2	1607	1	2103	NitroNC1	
1772	125	75058	1.1369	2.154	-3.0243	-4583.027	-9552.427	6242.376	2431.004	-1002792.2	5560760.4	-14488792.7	11858072.1	0.043900	270	41.053	3	1	107	1	1202	1	2302	AcetoNitrile	
1774	1774	107131	1.1449	2.6544	-3.9921	-4348.45	-9247.527	3771.788	5658.731	-952611.8	4678533.0	-11413893.2	7343018.1	0.052172	281	53.064	4	1	701	1	801	1	1204	1	2303	acrylonitrile	
1821	149	110021	1.2389	2.9212	-3.4576	-3993.257	-8101.347	-4358.878	12206.317	-936287.9	4337756.7	-12568879.9	11894807.9	0.066815	261	84.143	3	2	502	2	503	1	1703	Thiophene	
1864	319	392563	1.9545	6.7402	-8.4818	-3275.644	-7122.088	-22239.956	30676.562	-790326.3165	1001785.661	-5776213.202	9995486.138	0.099258	284	186.058	2	6	601	6	2502	perfluoroBenzene	
2321	1358	540885	1.649877	6.051983	-7.221655	-3440.262606	-7311.183165	-15723.5638	20463.6063	-1092946.897	6407573.367	-27823129.4	28962561.39	0.112419	272.5	116.16	6	0	614	3	114	0	414	0	914	1	1502	1	1602	Tert-ButylAcetate	
2364	1787	622457	1.838884	4.959301	-6.633983	-4124.657675	-8362.30674	-20542.20854	26096.14152	-1422362.54	6875939.498	-35240859.38	42017004.67	0.131655	324	142.198	6	1	109	5	209	1	306	1	904	1	1502	1	1602	CyclohexylAcetate	
2593	1690	108703	2.1713	6.061	-7.2282	-5196.862	-15141.074	-18525.064	32152.715	-2204377.8	7196692	-25295529.5	31039669.9	0.115497	359	181.449	3	3	501	3	603	3	2403	135trichlorobenzene	
2630	8015	431890	1.4924	5.4552	-7.0278	-2498.305	-7044.397	-2960.32	10214.507	-435036.5	1596615.2	-3752878.6	575030	0.082002	254	170.03	4	1	308	2	403	6	2505	1	2507	CF3CFHCF3	
2748	2748	619158	2.0906	8.2444	-9.3966	-5196.434	-9834.572	-44578.056	50261.374	-2235699.1	7304250.3	-52614004.5	72773502.5	0.136891	503	182.137	6	1	104	3	501	1	601	2	604	4	1608	2	2103	Nitro25DiToluene		
3882	3882	628966	2.7466	9.0613	-11.3985	-4742.262	-16514.482	-15448.636	31350.344	-1667093.6	3448283.6	-1022960.7	-23025806.5	0.100969	360	152.064	4	2	201	2	1503	4	1608	2	2103	NitroDiEtGlycol	
8008	8008	513086	3.2381	14.9154	-15.793	-4421.023	-18153.105	-31895.183	49287.744	-1868240.5	5403074.9	-29520330	30225406.7	0.184275	357	224.238	5	3	101	6	220	3	1508	1	1604	1	2601	PhosTriPropyl	
8011	8011	8011	1.8118	6.5779	-8.3454	-4544.241	-9579.158	-27127.479	34421.183	-1745468.3	6408303.5	-33278639.1	43630147.3	0.141963	373	150.222	6	1	101	1	203	2	213	4	501	2	601	1	1403	oEPEA	
8012	8012	8012	2.0994	6.0688	-7.8669	-4749.722	-10500.143	-24137.687	32879.09	-1788278.7	6944497.8	-32252772.4	39205045.4	0.142079	373	150.222	6	1	101	1	203	2	208	4	501	2	601	1	1403	pepea	
8013	8013	8013	52827	-71142	30268	-17688527	-111386193	-2896237	0	-29092680146	1.67436E+11	-6.41986E+11	5.97713E+11	1027.6	373	1000000	5	1	101	73401	102	146800	201	73400	801	73400	901	pIsoprene1000	
8014	8014	8014	5279.5	-7102.7	3020.1	-1770709	-11144106	-280261	0	-2904772480	16713015044	-64128620788	59747294233	1027.6	373	100000	5	1	101	73401	102	146800	201	73400	801	73400	901	pIsoprene1000	
8021	8021	687478	1.6469	6.3033	-8.6187	-4069.077	-10729.381	-10982.98	17760.457	-1452662.8	4259970.9	-25209470.9	31801926.2	0.104077	0	118.133	8	1	101	1	102	1	201	1	303	1	904	1	1404	1	1502	1	1602	EtLactate	
3	4	74986	1.1716	2.672	-3.8206	-2935.264	-7366.979	10110.389	-3914.394	-368083.8	2302939.4	-5986969.5	4029805.1	0.055758	148	44.097	2	2	101	1	201	 PROPANE                     													
5	6	106978	1.3217	3.1754	-4.4685	-3258.786	-8091.366	5563.613	2142.999	-508141.2	2360234.6	-4922838.5	2196122.5	0.070385	170	58.124	2	2	101	2	201	 n-BUTANE                    													
7	8	109660	1.3932	4.0262	-5.7129	-3378.26	-9916.272	5800.727	2659.117	-666036.6	2479010.8	-4286656.2	1000800.3	0.085542	211	72.15	2	2	101	3	201	 n-PENTANE                   													
11	10	110543	1.51	5.1802	-7.1967	-3540.179	-11196.571	3966.89	5412.99	-805432.4	2432205.3	-3995540.4	1225189.2	0.099964	228	86.177	2	2	101	4	201	 n-HEXANE                    													
17	11	142825	1.6469	6.1734	-8.6466	-3697.116	-12252.65	1930.242	8152.86	-907801.6	2900798.1	-8002710.3	7186727.5	0.114647	311	100.204	2	2	101	5	201	 n-HEPTANE                   													
27	12	111659	1.779	7.1153	-9.9077	-3833.733	-13235.749	-483.28	11418.301	-1080377.4	3663208.6	-11611089.5	10999951.8	0.129341	270	114.231	2	2	101	6	201	 n-OCTANE                    													
46	13	111842	2.1398	6.9397	-9.7671	-4400.641	-11814.377	-8175.872	18511.366	-1230383.9	3657300.8	-11411217.1	10129646.9	0.143984	283	128.258	2	2	101	7	201	 n-NONANE                    													
56	14	124185	2.1651	8.5292	-11.7429	-4929.269	-10445.465	-15505.379	25085.173	-1471813	5827539.7	-20664670.5	19934695.1	0.15864	293	142.285	2	2	101	8	201	 n-DECANE                    													
63	15	1120214	2.3639	9.2895	-12.847	-5506.275	-8854.695	-23290.694	32016.475	-1553006.3	5151580.2	-18392136.4	17642890.5	0.173478	304	156.312	2	2	101	9	201	 n-UNDECANE                  													
64	16	112403	2.6297	9.7728	-13.3774	-6102.537	-7229.704	-31604.546	39597.032	-1916677.6	8430738.5	-30816563.8	30459468.2	0.187725	329	170.339	2	2	101	10	201	 n-DODECANE                  													
65	17	629505	3.005	10.3855	-13.5347	-7158.432	-1293.398	-56262.626	64473.056	-1884895.5	6964575.4	-26982893.4	28681731.8	0.199586	338	184.366	2	2	101	11	201	 n-TRIDECANE                 													
66	18	629594	3.2622	10.9795	-14.2923	-7842.267	1265.044	-67380.397	74682.301	-2566996.2	12796807.7	-48197864.6	52603191.6	0.213893	347	198.393	2	2	101	12	201	 n-TETRADECANE               													
67	19	629629	3.5725	10.9661	-14.0953	-8505.139	3480.845	-77147.986	83480.804	-2535636.6	12280261.5	-49698406.2	55844713.3	0.228308	372	212.42	2	2	101	13	201	 n-PENTADECANE               													
68	20	544763	3.7288	12.1207	-15.6098	-9125.556	5583.9	-87199.37	92899.848	-2615337.2	11593864.4	-49278540.9	56737795.3	0.242644	380	226.446	2	2	101	14	201	 n-HEXADECANE                													
69	21	629787	3.9153	12.8536	-16.4353	-9821.277	8180.941	-98271.395	103008.903	-3302946.5	19685767.6	-79093675.9	88524484	0.256993	386	240.473	2	2	101	15	201	 n-HEPTADECANE               													
70	90	593453	4.0534	14.0828	-17.9413	-10514.319	10783.889	-109354.531	113011.012	-3441004.5	18987345.4	-76777503.9	87009289.2	0.271257	383	254.5	2	2	101	16	201	 n-OCTADECANE                													
71	91	629925	4.3525	14.3397	-18.2078	-11212.931	13368.795	-120483.984	123226.594	-3961134.6	25571982.8	-102493671.8	114577874.8	0.285527	405	268.527	2	2	101	17	201	 n-NONADECANE                													
73	92	112958	4.4731	15.4241	-19.3517	-11897.208	15968.467	-131872.294	133828.199	-3863427.6	21024938.4	-84094225	93380443.9	0.299813	422	282.554	2	2	101	18	201	 n-EICOSANE                  													
74	74	629947	4.865	15.3387	-19.2885	-12612.042	18846.383	-143940.804	144924.454	-4395247.4	25039683.8	-98470192.6	109528415.6	0.314127	440	296.581	2	2	101	19	201	 N-HENEICOSANE               													
75	75	629970	4.9128	17.0061	-21.4303	-13295.192	21398.859	-155016.91	155113.182	-4483569.3	27104535.6	-113954229	131940807.1	0.32847	440	310.608	2	2	101	20	201	 N-DOCOSANE                  													
76	76	638675	5.1236	17.5352	-21.8503	-13962.724	23703.69	-165219.569	164332.526	-4662724.2	26698755.8	-110465303.9	126242620	0.3427	460	324.635	2	2	101	21	201	 N-TRICOSANE                 													
77	1738	646311	5.339	18.2893	-22.7241	-14630.771	25993.936	-175298.451	173407.554	-4836171.8	28678700.1	-122193533.3	142524985.2	0.356996	460	338.662	2	2	101	22	201	 n-TETRACOSANE               													
78	8078	629992	5.5469	19.2365	-23.9756	-15333.523	28788.918	-187318.884	184599.416	-5471565.7	31912793.9	-125234064.9	138914183.3	0.371261	460	352.688	2	2	101	23	201	 N-PENTACOSANE               													
79	8079	630013	5.677	20.3522	-25.2902	-15989.148	31119.919	-197897.772	194404.657	-5881170.6	33681929.3	-126196327.2	134721941.1	0.385495	480	366.715	2	2	101	24	201	 N-HEXACOSANE                													
80	8080	593497	5.938	20.8428	-25.8218	-16695.205	33723.348	-208939.097	204437.354	-5975353.6	37360178	-149747430	166606241.4	0.399771	480	380.742	2	2	101	25	201	 N-HEPTACOSANE               													
2081	8083	423001	6.8163	24.1565	-27.6702	-18780.283	38733.964	-241626.132	238024.182	-7054919.5	44896183.5	-178175059.1	199586462.8	0.434009	513	422.823	2	2	101	28	201	 N-TRIACONTANE               													
23	434	108087	1.6004	4.7814	-6.2752	-3590.406	-9417.647	-4321.689	12932.263	-894078.8	3502432.6	-9120408.1	7573875.8	0.118197	250	100.205	3	4	102	1	201	2	301	 2,4-DIMETHYLPENTANE         											
34	594	589435	1.6681	5.8108	-7.6028	-3729.879	-9931.768	-7987.501	16637.094	-983609.6	3376162.5	-11014942.5	11899094.5	0.13277	267	114.232	4	1	101	3	102	2	201	2	301	 2,4-DIMETHYLHEXANE          									
35	595	592132	1.7453	5.8833	-7.8478	-3748.636	-10222.55	-6840.265	16002.29	-932055.4	3161107.3	-10355297.1	11140192.8	0.132923	248	114.232	3	4	102	2	201	2	301	 2,5-DIMETHYLHEXANE          											
2097	1667	15869893	2.1203	7.0675	-9.4257	-3950.674	-11723.882	-13223.021	23498.64	-1076394.7	2262442.9	-8791400.4	8570901	0.161574	271	142.285	4	1	101	3	102	4	201	2	301	 2,5-DIMETHYLOCTANE          									
176	1450	1072055	1.8957	7.0343	-9.441	-3910.376	-11064.456	-9630.246	19630.314	-1083805	3986260.5	-15399211.2	17535035.2	0.147197	261	128.259	3	4	102	3	201	2	301	 2,6-DIMETHYLHEPTANE         											
18	79	591764	1.8925	4.3808	-5.8175	-3813.796	-9083.954	-7545.918	17314.009	-877881.3	3360757	-10780864.7	12008293.8	0.115841	251	100.205	4	1	101	2	102	3	201	1	301	 2-METHYLHEXANE              									
8	7	78784	1.3747	3.5179	-4.7696	-3349.135	-8409.666	2033.484	5897.459	-589861.8	2477406.4	-5757582.4	3500496.5	0.087233	207	72.151	4	1	101	2	102	1	201	1	301	 ISOPENTANE                  									
28	81	592278	1.8792	6.1563	-8.3796	-3861.503	-11161.303	-5864.323	16013.379	-948994.3	2110567	-5750525	5716736.1	0.130464	257	114.231	4	1	101	2	102	4	201	1	301	 2-METHYLHEPTANE             									
86	1478	871830	2.3995	7.0656	-9.275	-5014.363	-7996.029	-23350.719	32869.11	-1312714.5	4247093.8	-15292574.9	15759333.4	0.158745	288	142.285	4	1	101	2	102	6	201	1	301	 2-METHYLNONANE              									
91	611	3221612	2.0152	7.2262	-9.6926	-4028.176	-12069.725	-8870.638	20127.892	-1133292.8	3922092.1	-14359598.8	14638008.2	0.144572	262	128.258	4	1	101	2	102	5	201	1	301	 2-METHYLOCTANE              									
12	52	107835	1.5153	4.4509	-5.9264	-3517.14	-9570.959	12.245	8706.21	-730684	2210142.8	-3086743.3	-191286.2	0.10149	224	86.178	4	1	101	2	102	2	201	1	301	 2-METHYLPENTANE             									
94	1451	15869804	2.1563	5.9079	-7.2875	-4085.025	-10357.378	-15321.949	25772.835	-1337739.3	6438571	-24633219.3	29089948.7	0.14337	305	128.258	3	3	101	5	201	1	301	 3-ETHYLHEPTANE              											
20	436	617787	1.7209	4.8132	-6.014	-3696.637	-9387.566	-6729.995	15549.693	-954575	4427865.3	-14248050.9	14910479.6	0.116373	300	100.205	3	3	101	3	201	1	301	 3-ETHYLPENTANE              											
29	590	589811	1.8277	6.0243	-7.9715	-3854.139	-11014.977	-6547.448	16222.217	-1059325.3	3419257.6	-10056823.7	10006802.3	0.130288	271	114.231	4	2	101	1	102	4	201	1	301	 3-METHYLHEPTANE             									
19	80	589344	1.6857	4.8493	-6.3891	-3710.072	-10004.957	-4178.91	13056.882	-855123.9	2571515.8	-6643548.9	5864621	0.11607	265	100.205	4	2	101	1	102	3	201	1	301	 3-METHYLHEXANE              									
85	1479	5911046	2.365	6.8591	-9.1164	-4560.939	-10344.53	-17916.757	28162.384	-1381795.8	5660740.6	-23302308.1	25919754.3	0.158924	295	142.285	4	2	101	1	102	6	201	1	301	 3-METHYLNONANE              									
92	850	2216333	2.042	6.7866	-9.0522	-3965.475	-11982.756	-9445.043	20204.585	-1157367	4305612.1	-17975290.8	21080621.7	0.144636	284	128.258	4	2	101	1	102	5	201	1	301	 3-METHYLOCTANE              									
13	53	96140	1.4571	4.5763	-5.9117	-3541.371	-9471.786	-801.62	9302.185	-859330.3	3592633.4	-8364815.3	5909589.6	0.10138	243	86.178	4	2	101	1	102	2	201	1	301	 3-METHYLPENTANE             									
30	591	589537	1.8832	5.6296	-7.3897	-3850.138	-10859.329	-7063.677	16670.51	-1113900.2	4176326.8	-12958986.1	13080590.7	0.130078	265	114.231	4	2	101	1	102	4	201	1	301	 4-METHYLHEPTANE             									
87	1480	17301949	2.1893	7.9004	-10.4788	-4559.597	-9889.807	-18989.231	28843.978	-1438076.8	5925525.8	-22962441.7	25042345.4	0.158778	288	142.285	4	2	101	1	102	6	201	1	301	 4-METHYLNONANE              									
93	851	2216344	2.0814	6.3849	-8.4793	-4004.99	-11476.379	-10407.491	20653.596	-1333149.5	5287946	-17243711.8	17048659.7	0.144513	278	128.258	4	2	101	1	102	5	201	1	301	 4-METHYLOCTANE              									
88	1481	15869859	2.3724	7.0155	-9.5436	-4567.997	-9827.276	-18946.576	28603.004	-1440970.4	5205754.8	-17309531.6	16625019	0.158877	288	142.285	4	2	101	1	102	6	201	1	301	 5-METHYLNONANE              									
15	55	79298	1.3593	4.1483	-5.3673	-3448.982	-8492.852	-1920.941	9796.175	-641232.5	1569464.8	-1351334.6	-1891141.2	0.103728	225	86.178	2	4	102	2	302	 2,3-DIMETHYLBUTANE          													
22	433	565593	1.4055	5.2568	-6.6545	-3627.823	-9123.743	-5359.934	13308.582	-766635.3	2245024	-6145051.4	5619228.2	0.117857	242	100.205	4	1	101	3	102	1	201	2	302	 2,3-DIMETHYLPENTANE         									
33	593	584941	1.6222	5.7908	-7.4381	-3735.19	-10083.612	-7665.104	16296.833	-934138.6	2289756.9	-5998035.7	5708200.6	0.132247	266	114.232	4	1	101	3	102	2	201	2	302	 2,3-DIMETHYLHEXANE          									
2095	1665	7146603	2.0438	7.3087	-9.704	-4025.908	-11535.191	-13566.086	23608.246	-1242580	3866724	-15433525.5	16509277	0.161128	276	142.285	4	1	101	3	102	4	201	2	302	 2,3-DIMETHYLOCTANE          									
25	437	464062	1.4472	4.0786	-4.6471	-3618.826	-7389.249	-9726.08	16525.329	-800333.2	2861618.7	-8480238.7	7662774.1	0.117703	280	100.205	4	2	102	3	103	1	302	1	401	 2,2,3-TRIMETHYLBUTANE       									
41	82	540841	1.5664	5.0687	-6.3724	-3690.655	-8586.3	-10241.202	17721.652	-909052.3	3281527.8	-11563226.5	12195001.2	0.132636	250	114.232	5	2	102	3	103	1	201	1	301	1	401	 2,2,4-TRIMETHYLPENTANE      							
47	370	3522949	1.8887	6.2096	-7.9871	-3793.819	-9735.467	-12333.013	20876.162	-976368.6	3392150	-13379871	15413312.9	0.147126	280	128.259	6	2	102	3	103	1	201	1	201	1	301	1	401	 2,2,5-TRIMETHYLHEXANE       					
44	603	594821	0.4866	11.7214	-16.4138	-3674.939	-7112.731	-13021.322	17510.442	-812180.3	2447768	-8188990.5	6538040.8	0.132286	400	114.232	2	6	103	2	401	 2,2,3,3-TETRAMETHYLBUT      													
51	372	7154792	1.3911	5.6901	-6.6579	-3718.128	-7698.861	-14592.182	18542.298	-871550.6	2489571.9	-12512404.2	15606570.2	0.146557	320	128.259	4	1	101	5	103	1	201	2	401	 2,2,3,3-TETRAMETHYLPEN      									
53	374	1070877	1.6903	5.6243	-6.0311	-3764.156	-8131.497	-16477.462	23766.438	-910698.9	2039640.7	-6299482.9	5557466.9	0.145261	280	128.259	3	6	103	1	201	2	401	 2,2,4,4-TETRAMETHYLPEN      											
58	8058	1071814	1.9852	7.2719	-8.3553	-3752.014	-10153.245	-16382.911	25311.832	-1114387	3967724	-15246736.5	16672796.1	0.160481	290	142.286	3	6	103	2	201	2	401	 2255Tetramethylhexane.dat   											
204	24	106989	1.3371	3.0432	-4.3485	-3218.648	-7715.391	5672.89	1925.639	-489749.5	2624085.8	-6312989.5	3780839.4	0.066326	255	56.108	4	1	101	1	201	1	701	1	801	 1-BUTENE                    									
209	29	109671	1.5255	3.5735	-5.0151	-3481.078	-9121.527	3973.367	5136.716	-696511.1	3409508	-7675573.4	4132936.5	0.080914	266	70.135	5	1	101	1	201	1	204	1	701	1	801	 1-PENTENE                   							
216	35	592416	1.6188	4.6094	-6.3769	-3656.534	-10234.708	1571.03	8301.862	-817634.3	3397932.6	-8115604.1	5634014.7	0.095426	213	84.162	5	1	101	2	201	1	204	1	701	1	801	 1-HEXENE                    							
234	56	592767	1.8081	5.2659	-7.3184	-3853.489	-10870.615	-1997.629	12498.443	-953748.8	4014548.4	-12320415.1	12144125.7	0.10993	268	98.189	5	1	101	3	201	1	204	1	701	1	801	 1-HEPTENE                   							
250	83	111660	1.9926	6.0676	-8.4789	-3978.287	-11929.398	-4452.028	15853.699	-1125279.8	4810998.7	-16048553.8	16103323.8	0.124415	274	112.216	5	1	101	4	201	1	204	1	701	1	801	 1-OCTENE                    							
205	25	590181	1.4983	3.1359	-4.6691	-3207.64	-8005.107	3760.748	3942.661	-550724.6	2898327.8	-7547965.4	5989918.5	0.067641	220	56.108	2	2	122	2	801	 cis-2-BUTENE                													
217	552	7688213	1.7048	4.6591	-6.5552	-3685.501	-10276.182	464.345	9483.808	-857906.6	3808808	-10128600.4	8216178.6	0.096651	247	84.162	5	1	101	1	122	1	201	1	204	2	801	 cis-2-HEXENE                							
235	806	6443921	1.8715	5.4466	-7.6367	-3848.478	-11080.102	-2868.441	13598.705	-948678.6	3187474.2	-8649891.5	7497235.3	0.111123	269	98.189	5	1	101	1	122	2	201	1	204	2	801	 cis-2-HEPTENE               							
276	1656	7642048	2.0888	6.0087	-8.4413	-3998.869	-11920.723	-5943.208	17534.301	-1217382.4	5184951.2	-16034174.2	14272829.1	0.125534	356	112.216	5	1	101	1	122	3	201	1	204	2	801	 cis-2-OCTENE                							
206	26	624646	1.533	2.9294	-4.4164	-3200.713	-8095.774	4139.71	3519.581	-552668.3	2649391.7	-6247869.8	4443374.1	0.067673	193	56.108	2	2	122	2	801	 trans-2-BUTENE              													
218	553	4050457	1.6986	4.6697	-6.5404	-3677.328	-10318.336	510.349	9475.258	-808327.6	3191206.1	-8328988.5	6723948.8	0.096627	248	84.162	5	1	101	1	122	1	201	1	204	2	801	 trans-2-HEXENE              							
236	1393	14686136	1.8096	5.77	-8.0402	-3814.076	-10914.033	-3410.763	13780.577	-1045298	4693201.4	-15097586.8	15364075.7	0.111095	269	98.189	4	1	101	1	122	3	201	2	801	 trans-2-HEPTENE             									
251	585	13389429	2.0774	6.0237	-8.4283	-4031.693	-11642.694	-6595.591	18020.629	-1111130.2	3673233.3	-10875525.3	9269949.8	0.125582	288	112.216	5	1	101	1	122	3	201	1	204	2	801	 trans-2-OCTENE              							
303	28	106990	1.5816	2.507	-3.8647	-3246.05	-8868.269	8791.938	-1524.901	-526678.5	2607140.7	-5871194.9	3770484.2	0.061027	205	54.092	2	2	701	2	802	 1,3-BUTADIENE               													
305	724	1574410	1.5513	3.4485	-4.8735	-3471.381	-8508.663	-392.971	8285.982	-716889.9	3315301.7	-9746922.8	9804631	0.077911	226	68.119	4	1	122	1	701	1	801	2	802	 cis-1,3-PENTADIENE          									
306	297	2004708	1.5269	3.5563	-5.0347	-3448.514	-8645.366	-51.228	8018.867	-712220.6	2923705	-7453045.1	6684959.3	0.077969	226	68.119	4	1	122	1	701	1	801	2	802	 trans-1,3-PENTADIENE        									
501	40	71432	1.3628	2.8002	-0.8613	-4184.43	-7659.739	-6625.867	16536.849	-886202.7	2908674.9	-3663895	-2009746	0.073287	279	78.115	1	6	501	 BENZENE                     															
502	41	108883	1.4604	3.2809	-4.2384	-4211.551	-8756.764	-7432.686	17170.119	-1127469.9	5338377.6	-17245693.1	16580424.9	0.092151	281	92.142	3	1	104	5	501	1	601	 TOLUENE                     											
507	44	106423	1.6436	4.2533	-5.5927	-4291.916	-11146.757	-5600.111	16200.982	-1267670.2	4920263.9	-15706888.9	14456935.2	0.109205	308	106.169	3	2	104	4	501	2	601	 p-XYLENE                    											
506	43	108383	2.0023	4.6684	-3.8844	-4416.848	-10994.164	-10957.743	23887.07	-1277467.2	5368532.4	-15527705.8	14424570.5	0.104618	309	106.169	3	2	104	4	501	2	601	 m-XYLENE                    											
516	77	108678	1.9587	5.2486	-6.8085	-4370.52	-11617.546	-11494.268	23946.171	-1438731.5	6105244.3	-21987154.9	23870670.7	0.124851	351	120.196	3	3	104	3	501	3	601	 MESITYLENE                  											
504	45	100414	1.8488	4.0901	-3.8336	-4391.787	-10060.684	-11588.857	23393.234	-1165562.4	3427098.8	-8223417	7145603.2	0.102281	309	106.168	4	1	101	1	208	5	501	1	601	 ETHYLBENZENE                									
509	70	103651	1.7433	4.374	-5.7201	-4395.238	-9273.388	-15466.063	25310.398	-1388132.8	6389132.6	-26945603.8	33342114.1	0.12101	319	120.195	5	1	101	1	201	1	208	5	501	1	601	 n-PROPYLBENZENE             							
518	78	104518	2.226	5.9491	-5.8747	-4736.617	-10976.981	-21543.603	35268.823	-1623038.8	6676867.4	-24407935.4	27172805.6	0.128898	330	134.222	5	1	101	2	201	1	208	5	501	1	601	 n-BUTYLBENZENE              							
701	185	91203	1.8417	3.5083	-2.7318	-5138.341	-9880.916	-23511.7	34961.933	-1843307.9	7029873.9	-29508137.4	39662956.8	0.11225	393	128.175	2	8	501	2	605	 NAPHTHALENE                 													
804	409	120127	1.9748	4.1929	-5.686	-5556.715	-10625.308	-33969.974	41809.294	-2856322.1	12728510.7	-77304524.3	106187299.1	0.160462	489	178.236	2	10	501	4	605	 ANTHRACENE                  													
805	200	85018	1.8112	4.5908	-6.1618	-5422.621	-9762.12	-35421.673	42482.939	-2890918	15595617.5	-93458256.6	128447003.9	0.160344	403	178.236	2	10	501	4	605	 PHENANTHRENE                													
137	38	110827	0.9783	3.1733	-4.6139	-3763.207	-7098.85	-4649.821	12069.189	-835768.6	3591979.9	-9844583.6	7427207.8	0.089624	280	84.161	1	6	209	 CYCLOHEXANE                 															
138	39	108872	1.1862	3.3318	-4.7073	-3818.56	-7606.982	-7004.25	14270.984	-878895.9	2847240.5	-7546439.7	5817088.3	0.106989	286	98.189	3	1	102	5	209	1	306	 METHYLCYCLOHEXANE           											
140	60	1678917	1.4373	3.9738	-5.4972	-4058.24	-9030.135	-8868.636	17502.86	-1095484.6	3404887.5	-10005936.6	9320894.7	0.121818	305	112.215	4	1	101	5	209	1	219	1	306	 ETHYLCYCLOHEXANE            									
149	184	1678928	1.598	5.179	-6.9257	-4170.722	-10436.124	-10514.723	20076.347	-1283948.5	5125271.7	-19019996.7	21277418.7	0.135294	320	126.242	5	1	101	1	201	5	209	1	219	1	306	 n-PROPYLCYCLOHEXANE         							
152	190	1678939	1.9537	4.7921	-6.5348	-4386.899	-9721.129	-17714.063	27703.85	-1520520.8	7079517.9	-29618138.9	35050475.3	0.150578	334	140.269	5	1	101	2	201	5	209	1	219	1	306	 n-BUTYLCYCLOHEXANE          							
145	84	2207036	1.4059	3.5078	-4.878	-3884.671	-7907.897	-9809.098	16892.654	-964351.5	3702647.8	-14534998.7	17054155.6	0.124289	299	112.216	3	2	102	4	209	2	306	 trans-1,3-DIMETHYLCycC6     											
147	86	2207047	1.3282	3.8899	-5.3037	-3892.119	-8127.772	-9189.673	16299.646	-1081134.8	4909918.8	-17991125.1	19867767.1	0.124265	295	112.216	3	2	102	4	209	2	306	 trans-1,4-DIMETHYLCycC6     											
1313	155	141786	1.8545	4.4427	-5.7804	-3673.261	-8626.867	-6966.632	13595.167	-916057.5	3762213.9	-13550514	12054146.9	0.080282	262	88.107	6	1	101	1	109	1	201	1	904	1	1502	1	1602	 ETHYL ACETATE               					
1314	166	109604	1.9636	5.2165	-7.0202	-3806.089	-9534.39	-8989.222	16433.108	-1118687.4	6398405	-26813368.2	27952259.7	0.095293	275	102.134	6	1	101	1	109	2	201	1	904	1	1502	1	1602	 n-PROPYL ACETATE            					
1357	821	628637	2.1673	6.538	-8.8839	-4141.219	-10271.993	-16367.559	24731.841	-1361050.3	6372983.6	-24832584.6	17101164	0.124128	269	130.187	6	1	101	1	109	4	201	1	904	1	1502	1	1602	 n-PENTYL ACETATE            					
1363	1423	142927	2.4689	7.6898	-10.0497	-4242.438	-12125.067	-17652.081	27916.43	-1281192	3681031.8	-14915092.4	5270881.1	0.13835	294	144.214	6	1	101	1	109	5	201	1	904	1	1502	1	1602	 n-HEXYL ACETATE             					
1367	1717	112061	2.7322	8.0465	-10.5122	-4484.774	-11996.136	-22928.229	33504.794	-1383631.2	2827751.1	-10376641.4	-4509441.4	0.152765	303	158.241	6	1	101	1	109	6	201	1	904	1	1502	1	1602	 n-HEPTYL ACETATE            					
1368	1723	112141	2.9105	8.3493	-11.0053	-4575.387	-12907.133	-25318.428	36667.67	-1764982.2	6457937.8	-23428673.1	4235676.7	0.167328	293	172.268	6	1	101	1	109	7	201	1	904	1	1502	1	1602	 n-OCTYL ACETATE             					
1369	8608	143135	3.1737	8.8928	-11.4331	-4732.529	-13549.789	-29272.37	41514.273	-1910716.3	7552803.6	-29509469.5	7194840.4	0.1811	314	186.295	6	1	101	1	109	8	201	1	904	1	1502	1	1602	 N-NONYLACETATE              					
1103	146	71238	1.3125	3.1342	-4.5276	-3372.89	-7768.969	2535.296	4469.977	-595300.4	3128130.2	-9360485.7	7710796.9	0.061151	255	60.096	4	1	101	1	201	1	203	1	1403	 1-PROPANOL                  									
1105	160	71363	1.4979	3.6584	-5.2037	-3567.236	-8863.441	176.632	7713.079	-764663.6	3569222.7	-10690781.6	9258742.5	0.075935	254	74.123	4	1	101	2	201	1	203	1	1403	 1-BUTANOL                   									
1109	313	71410	1.5668	4.556	-6.1682	-3780.483	-9377.198	-3954.137	12494.376	-938185.9	4387738.5	-14733817.4	14379714.7	0.090172	278	88.15	4	1	101	3	201	1	203	1	1403	 1-PENTANOL                  									
1114	335	111273	1.7966	5.2991	-7.2962	-3931.671	-10352.783	-6356.709	15704.073	-1065899.8	4580097.2	-15597853.4	14847437.1	0.105028	290	102.177	4	1	101	4	201	1	203	1	1403	 1-HEXANOL                   									
1125	357	111706	1.9289	6.2018	-8.4966	-4120.827	-10909.583	-10008.446	19921.55	-1327668.7	5867326.9	-20523681.3	19423255.7	0.119182	300	116.204	4	1	101	5	201	1	203	1	1403	 1-HEPTANOL                  									
1132	360	111875	2.1552	6.6643	-9.089	-4555.679	-10064.064	-16599.255	26235.109	-1375730.3	5104251.7	-17697047.4	15468593.7	0.133671	294	130.231	4	1	101	6	201	1	203	1	1403	 1-OCTANOL                   									
1134	613	143088	2.3318	7.429	-9.9556	-5079.987	-8438.673	-25633.986	34966.948	-1563168.3	6433615.5	-24476539.6	24197186.5	0.148133	301	144.257	4	1	101	7	201	1	203	1	1403	 1-NONANOL                   									
1136	396	112301	2.5006	8.4579	-11.329	-5541.333	-7679.928	-31693.939	40677.173	-1765984.2	8341978.8	-35082458.3	37988185.2	0.162565	308	158.284	4	1	101	8	201	1	203	1	1403	 1-DECANOL                   									
1104	145	67630	1.1849	2.8103	-4.3254	-3438.026	-8036.704	4125.731	2739.899	-616338.3	2613299.8	-6188982.1	-294295.8	0.065115	275	60.096	3	2	113	1	303	1	1404	 ISOPROPANOL                 											
1107	450	78922	1.3261	3.6205	-5.1674	-3512.764	-8745.086	1109.22	6235.588	-783715.7	3577392.7	-10109973.4	5049820.4	0.079505	270	74.123	5	1	101	1	102	1	201	1	303	1	1404	 2-BUTANOL                   							
1110	499	6032297	1.5213	4.6516	-6.3166	-3795.352	-10186.329	-803.017	9313.431	-908346.5	3375414	-9292328.5	4265076.1	0.093211	280	88.15	5	1	101	1	113	2	201	1	303	1	1404	 2-PENTANOL                  							
1115	1364	626937	1.7616	4.9973	-6.9725	-3949.192	-10871.846	-4215.385	13475.896	-1145885.3	4889891.7	-16312176.8	13287992.5	0.108078	315	102.177	5	1	101	1	113	3	201	1	303	1	1404	 2-HEXANOL                   							
1126	822	543497	1.9279	6.0846	-8.1808	-4122.179	-12008.25	-6729.009	17060.219	-1353678.1	5631301	-17902119.8	13279730.6	0.121805	300	116.204	5	1	101	1	113	4	201	1	303	1	1404	 2-HEPTANOL                  							
1133	361	123966	2.1001	6.6912	-9.3104	-4256.924	-12498.226	-9948.193	20731.547	-1238036	2911358	-10324082	4920928.4	0.137184	320	130.231	5	1	101	1	113	5	201	1	303	1	1404	 2-OCTANOL                   							
1135	1452	70419066	2.4961	7.085	-9.2208	-4508.277	-13074.596	-15468.84	27859.176	-1346156	2169306.5	-5358961.6	-4699828.3	0.149733	325	144.258	5	1	101	1	113	6	201	1	303	1	1404	 2-NONANOL                   							
1120	500	584021	1.5802	4.4016	-5.7314	-3752.944	-9817.111	-1886.389	10198.278	-885564.4	3212860	-9329669.2	5214690.3	0.092778	245	88.15	4	2	101	2	201	1	303	1	1404	 3-PENTANOL                  									
1116	1116	623370	1.7483	4.9424	-6.6167	-3919.361	-10433.395	-4853.074	13616.962	-1161692	5590425.4	-19735488.4	18038867.5	0.107662	293	102.177	4	2	101	3	201	1	303	1	1404	 3-HEXANOL                   									
1127	1127	589822	1.939	5.947	-7.7964	-4055.91	-11760.163	-6972.128	16953.426	-1299417.3	5653636.2	-19698200.3	17275263.6	0.121419	303	116.204	4	2	101	4	201	1	303	1	1404	 3-HEPTANOL                  									
1003	261	123386	1.3558	2.9425	-4.3032	-3740.425	-8659.879	3673.534	4518.246	-767221.2	4181409.1	-11418936.3	9083921.5	0.061804	235	58.08	4	1	101	1	217	1	805	1	1606	 1-PROPANAL                  									
1005	448	123728	1.5077	3.6519	-5.1545	-3892.572	-9578.203	743.829	8312.797	-833823.3	3711364.6	-10449149.3	8846188.7	0.077093	331	72.107	5	1	101	1	201	1	217	1	805	1	1606	 1-BUTANAL                   							
1007	303	110623	1.6639	4.5161	-6.236	-4001.334	-10732.347	-1467.861	11450.374	-1031455.4	5102413.2	-16974507.3	17099190.4	0.091818	307	86.134	5	1	101	2	201	1	217	1	805	1	1606	 1-PENTANAL                  							
1009	770	66251	1.7923	5.417	-7.5096	-4171.526	-11517.418	-4732.745	15395.759	-1227252.6	5575995.7	-19110024.2	19256993.5	0.106024	351	100.161	5	1	101	3	201	1	217	1	805	1	1606	 1-HEXANAL                   							
1008	808	111717	1.9685	6.2569	-8.6316	-4345.742	-12094.492	-8443.579	19843.113	-1338117.7	5876938.2	-21322073.6	20978360.5	0.120479	289	114.188	5	1	101	4	201	1	217	1	805	1	1606	 1-HEPTANAL                  							
1010	1421	124130	2.2162	6.7705	-9.1881	-4862.652	-10629.028	-16839.258	27944.57	-1503389.4	6276998.1	-22511339.9	21253720.7	0.135258	295	128.215	5	1	101	5	201	1	217	1	805	1	1606	 1-OCTANAL                   							
1011	849	124196	2.477	7.5745	-10.0956	-4602.221	-14145.43	-13948.002	27431.022	-1484855.7	5009584.1	-19588961.6	13983849.2	0.148876	300	142.242	5	1	101	6	201	1	217	1	805	1	1606	 1-NONANAL                   							
1020	869	112312	2.6489	8.1177	-11.0376	-5981.337	-7371.433	-33844.905	43583.15	-1898395.7	8965322.7	-36227978.7	38682110.7	0.163421	365	156.269	5	1	101	7	201	1	217	1	805	1	1606	 1-DECANAL                   							
1021	1487	112447	2.8625	9.2343	-12.0674	-4809.453	-16221.26	-19129.658	34567.699	-1736264.8	4545144.1	-15016793.5	-2038107.9	0.177433	327	170.296	5	1	101	8	201	1	217	1	805	1	1606	 1-UNDECANAL                 							
1025	889	112549	3.037	9.85	-12.9883	-4898.077	-16856.628	-22191.722	38143.06	-2013575.7	6415129.9	-19786042.9	-4617452.9	0.192591	400	184.322	5	1	101	9	201	1	217	1	805	1	1606	 1-DODECANAL                 							
1026	1503	10486198	3.3441	10.5187	-13.6094	-5091.421	-17434.199	-26784.528	43880.678	-2189869.1	5567881.5	-14833945.8	-15379964.8	0.205858	440	198.349	5	1	101	10	201	1	217	1	805	1	1606	 1-TRIDECANAL	      						
402	66	74997	1.2435	1.9142	-3.0789	-2891.364	-5890.394	816.149	4270.831	-459575.6	2321998.2	-6430257.9	5198600.6	0.048403	200	40.065	3	1	107	1	1101	1	1201	 METHYLACETYLENE             											
403	67	107006	1.3091	3.1259	-4.6646	-3115.343	-7230.326	751.866	5664.104	-602053.8	3172693.8	-9540029.8	7995718.2	0.062823	211	54.092	4	1	101	1	207	1	1101	1	1201	 ETHYLACETYLENE              									
405	299	627190	1.506	3.6195	-5.2435	-3362.58	-7522.108	-3816.013	10880.972	-721867.3	3417485.3	-11342586.6	10912886.1	0.077512	240	68.119	5	1	101	1	201	1	207	1	1101	1	1201	 1-PENTYNE                   							
413	1347	693027	1.6625	4.4216	-6.2637	-3548.772	-8325.073	-6661.854	14352.72	-853215.9	3687370.3	-13344172.4	13912054.3	0.092026	250	82.146	5	1	101	2	201	1	207	1	1101	1	1201	 1-HEXYNE                    							
412	1638	627214	1.7964	3.3884	-5.2607	-3655.791	-9508.85	734.525	7824.693	-811024.9	4039137.5	-12844835.5	13090743.8	0.081406	240	68.119	4	1	101	1	107	1	207	2	1201	 2-PENTYNE                   									
407	1348	764352	1.9948	3.9732	-5.9302	-3831.752	-10018.645	-3424.461	12710.675	-998628.4	4783577.3	-15646740.4	16103178.5	0.096059	275	82.146	5	1	101	1	107	1	201	1	207	2	1201	 2-HEXYNE                    							
406	1349	928494	2.0385	4.1055	-6.1554	-3913.183	-10580.791	-995.013	11422.535	-994934.7	5185899.9	-16436340.7	16261006.5	0.096095	245	82.146	3	2	101	2	207	2	1201	 3-HEXYNE                    											
2853	481	60355	1.2896	3.0652	-4.2754	-5618.247	-14082.93	11302.474	1217.373	-1516118.8	6886194.9	-14678979.9	530083.7	0.052735	361	59.068	4	1	116	1	905	1	1605	1	1903	 ACETAMIDE                   									
8610	8610	79050	1.4301	3.6289	-4.8781	-5139.714	-13259.921	2933.507	8859.499	-1643165	7606511.5	-20966963.5	12096040.7	0.066981	364	73.095	5	1	101	1	201	1	905	1	1605	1	1903	 PROPANAMIDE                 							
8611	8611	541355	1.5493	4.369	-5.8715	-5167.421	-13326.204	-2211.745	14434.689	-1746514.5	7612135.4	-23979291.6	17918370.8	0.081765	398	87.122	6	1	101	1	201	1	218	1	905	1	1605	1	1903	 BUTANAMIDE                  					
8612	8612	626971	1.7503	5.1757	-6.9155	-5157.16	-14349.306	-4681.676	17570.62	-1917526	8836453.6	-30627535	25545580.9	0.096294	379	101.149	6	1	101	2	201	1	218	1	905	1	1605	1	1903	 PENTANAMIDE                 					
8613	8613	628024	1.9284	6.0434	-8.0005	-5229.97	-15060.427	-8449.915	22223.387	-2134960.7	9799524.2	-34128229.6	27078083.5	0.110551	374	115.176	6	1	101	3	201	1	218	1	905	1	1605	1	1903	 HEXANAMIDE                  					
8614	8614	628626	2.0762	6.9288	-9.165	-5331.468	-15355.397	-13100.944	27553.064	-2185593.3	8860578.5	-31076055.2	20086564.1	0.125105	370	129.203	6	1	101	4	201	1	218	1	905	1	1605	1	1903	 HEPTANAMIDE                 					
2719	854	102692	2.1045	8.2387	-10.6053	-3910.816	-10913.228	-18051.542	25987.892	-1325527.2	5473794.8	-26720372.7	32353677.9	0.155626	430	143.273	4	3	101	3	201	3	211	1	2101	 TRIPROPYLAMINE              									
2716	405	102829	2.5315	11.2464	-14.4863	-5618.732	-4386.018	-46998.602	52789.607	-1651075.4	6938646.7	-36456500.2	39542208.8	0.198896	487	185.354	4	3	101	6	201	3	211	1	2101	 TRI-n-BUTYLAMINE            									
1710	294	109897	1.5102	4.0897	-5.5774	-3567.059	-9023.076	-166.4	7992.329	-793917.9	3576140.9	-10158366.5	9180448.2	0.080902	248	73.138	3	2	101	2	211	1	2001	 DIETHYLAMINE                											
1707	338	142847	1.9112	5.4605	-7.6675	-3871.853	-10883.103	-4957.426	14345.746	-1062869.9	4676732.5	-17859918.5	20185253.7	0.109951	248	101.192	4	2	101	2	201	2	211	1	2001	 DI-n-PROPYLAMINE            									
1744	364	111922	2.2885	6.8804	-9.3833	-4637.259	-9724.501	-17488.87	27311.716	-1403476.5	6492087.9	-27105543.3	29648578.2	0.138853	271	129.246	4	2	101	4	201	2	211	1	2001	 DI-n-BUTYLAMINE             									
1704	138	75047	1.1391	2.5133	-3.556	-3423.896	-7968.91	8990.3	-1756.428	-497505	2793042.8	-6879872.4	3567694.6	0.048599	210	45.084	3	1	101	1	211	1	1901	 ETHYLAMINE                  											
1711	270	107108	1.2856	3.2389	-4.4167	-3652.293	-8980.178	5451.949	3116.227	-658344.1	3126875.9	-7145415.6	3511878	0.06309	224	59.111	4	1	101	1	201	1	211	1	1901	 n-PROPYLAMINE               									
1712	292	109739	1.4633	3.801	-5.2093	-3816.918	-10083.417	3091.133	6249.128	-850858.7	3722516.3	-8781722.5	5345080.6	0.077803	239	73.138	4	1	101	2	201	1	211	1	1901	 n-BUTYLAMINE                									
1713	502	110587	1.6193	4.6726	-6.2456	-4008.135	-10839.6	-646.077	10936.255	-1004151.7	4144666.8	-11136618.8	9164510.9	0.092102	250	87.165	4	1	101	3	201	1	211	1	1901	 n-PENTYLAMINE               									
2706	787	111262	1.7878	5.5672	-7.4908	-4134.893	-11992.532	-2774.048	13879.499	-1161358.2	4764074.9	-14286011	12924354.3	0.106535	263	101.192	4	1	101	4	201	1	211	1	1901	 n-HEXYLAMINE                									
2707	823	111682	1.9581	6.4249	-8.6356	-4274.253	-12937.016	-5528.75	17486.557	-1289259.3	5026850.5	-16835276.4	15835714	0.120861	273	115.219	4	1	101	5	201	1	211	1	1901	 n-HEPTYLAMINE               									
2708	839	111864	2.1868	7.1022	-9.645	-4829.996	-11317.294	-14009.183	25358.483	-1424943.7	5222550.8	-17759702.8	16331515.7	0.135446	282	129.246	4	1	101	6	201	1	211	1	1901	 n-OCTYLAMINE                									
2709	853	112209	2.3563	7.7326	-10.2656	-5418.12	-9098.872	-24502.279	35190.352	-1609869.8	5867537	-20297031.3	19112865.8	0.150055	292	143.273	4	1	101	7	201	1	211	1	1901	 n-NONYLAMINE                									
1792	175	62533	1.1806	3.3773	-4.7394	-4635.475	-8488.893	-12819.543	21231.054	-1533514.6	5965996.4	-19005034.6	15028660.2	0.085534	339	93.129	3	5	501	1	604	1	1902	 ANILINE                     											
1737	354	108441	1.5251	3.984	-5.2845	-4767.997	-9368.175	-16387.189	26169.799	-1768289.5	7489555.9	-27625054.2	26846339.6	0.101358	360	107.156	5	1	104	4	501	1	601	1	604	1	1902	 m-TOLUIDINE                 							
1736	353	95534	1.4618	3.9207	-5.1042	-4669.839	-9336.211	-16131.21	24887.926	-1602570.5	5712968.1	-22492815.6	22818129.8	0.101383	355	107.156	5	1	104	4	501	1	601	1	604	1	1902	 o-TOLUIDINE                 							
1738	355	106490	1.5693	3.7535	-4.9887	-4754.042	-10083.622	-14484.436	24611.381	-1706653.3	6492885.4	-23148065.7	21240715.9	0.10135	350	107.156	5	1	104	4	501	1	601	1	604	1	1902	 p-TOLUIDINE                 							
2750	758	106503	1.3908	3.7617	-5.0607	-5206.665	-9900.062	-21001.198	29753.331	-2140589.1	8127034.9	-32412253.4	28758407.3	0.093601	442	108.144	3	4	501	2	604	2	1902	 p-PHENYLENEDIAMINE          											
4727	8027	823405	1.526	4.6008	-5.7493	-5027.49	-9705.198	-26020.747	33397.538	-2129509	6096041.5	-29318701	28643384.3	0.109482	424	122.171	5	1	104	3	501	1	601	2	604	2	1902	 2,6-DIAMINOTOLUENE          							
1732	465	95807	1.5862	4.7456	-6.0109	-5125.978	-10470.657	-24470.999	33248.844	-2401702.3	10518528.5	-46720903.9	46864851.8	0.10946	424	122.171	5	1	104	3	501	1	601	2	604	2	1902	 TOLUENEDIAMINE              							
1502	115	74873	1.1163	2.2634	-3.0682	-3311.696	-6643.512	5884.469	234.144	-434820.4	2543367.3	-6670896.8	4920357.7	0.038367	198	50.488	2	1	120	1	2401	 METHYL CHLORIDE             													
1503	132	75003	1.3007	2.5985	-3.5748	-3651.917	-8532.519	8302.828	-644.446	-611822.6	3730942	-9909919.8	7419377.5	0.053072	219	64.514	3	1	101	1	210	1	2401	 ETHYL CHLORIDE              											
1585	263	540545	1.4897	3.335	-4.4841	-3821.308	-9884.18	6201.508	2842.406	-737706.3	3633681.5	-8595751.4	5504699.6	0.067763	252	78.541	4	1	101	1	201	1	210	1	2401	 n-PROPYL CHLORIDE           									
1586	284	109693	1.6553	4.0391	-5.3728	-4024.718	-10520.434	1860.962	8284.378	-931924.7	4445301.8	-11487308.8	9353206.3	0.082321	256	92.568	4	1	101	2	201	1	210	1	2401	 n-BUTYL CHLORIDE            									
1588	738	543599	1.8998	4.4641	-5.9263	-4166.264	-11677.248	-464.348	11521.652	-1010799.2	4073513.8	-11384757	10443011	0.096786	284	106.595	4	1	101	3	201	1	210	1	2401	 1-CHLOROPENTANE             									
1530	264	75296	1.2883	3.2199	-4.3751	-3639.855	-8565.927	4944.86	3716.444	-707632.3	3956338.8	-9514535.5	4889515.4	0.071113	273	78.542	3	2	102	1	308	1	2402	 ISOPROPYL CHLORIDE          											
1587	285	78864	1.4503	3.9734	-5.2409	-3824.196	-9804.18	2502.995	6867.035	-871573.5	4333665.4	-10137487.5	5444057.8	0.08562	260	92.569	5	1	101	1	102	1	201	1	308	1	2402	 sec-BUTYL CHLORIDE          							
1522	126	75343	1.3589	3.5365	-4.7049	-3668.482	-8537.829	-281.982	7389.928	-773707.2	3597042.5	-10398061.9	9228320.4	0.069479	235	98.959	3	1	102	1	308	2	2403	 1,1-DICHLOROETHANE          											
2526	1259	78999	1.6537	3.8116	-5.0564	-3865.444	-9605.219	-2716.866	10785.778	-938041.5	4518554.2	-15194235.3	15703597	0.084121	266	112.986	4	1	101	1	201	1	308	2	2403	 1,1-DICHLOROPROPANE         									
1523	127	107062	1.5641	3.9985	-5.3064	-4440.148	-11891.274	6553.946	4282.029	-1051121.8	5392784.3	-13182978.5	9935641.5	0.065604	267	98.959	2	2	210	2	2401	 1,2-DICHLOROETHANE          													
1526	259	78875	1.6251	4.14	-5.4202	-4281.918	-11636.618	3315.313	7595.152	-1060649.3	5055219.1	-12102888.8	7243410.6	0.083658	273	112.986	5	1	102	1	210	1	308	1	2401	1	2402	 1,2-DICHLOROPROPANE         							
2527	1260	142289	1.8268	4.2449	-5.5713	-4576.003	-12445.686	1921.803	10015.37	-1124864.2	4592232.1	-10348116.4	7506232.6	0.080175	271	112.986	3	1	201	2	210	2	2401	 1,3-DICHLOROPROPANE         											
8600	8600	1190223	1.7445	5.0379	-6.5139	-4401.607	-12692.421	271.733	11507.287	-1239119.2	4846999	-10309350.7	5360252	0.097946	318	127.013	6	1	102	1	201	1	210	1	308	1	2401	1	2402	 13DICHLOBUTANE              					
1508	706	110565	1.9275	5.2563	-6.7153	-4670.773	-13469.977	-1020.633	13926.799	-1344807.2	5849247.6	-15591340.4	13622550.2	0.094678	321	127.013	3	2	201	2	210	2	2401	 1,4-DICHLOROBUTANE          											
1509	1509	628762	2.2024	5.5254	-7.1373	-4754.768	-14519.333	-3595.081	17283.827	-1509795.7	6554204.3	-19946108.2	19200304.1	0.10919	348	141.04	3	3	201	2	210	2	2401	 1,5-DICHLOROPENTANE         											
1521	112	67663	1.4431	3.8101	-5.0101	-3709.495	-8423.652	-2317.831	9249.646	-776851.1	3414708	-9226839.3	8295805	0.06785	255	119.377	2	1	308	3	2404	 CHLOROFORM                  													
1511	222	75092	1.352	3.1118	-4.1029	-3803.461	-8534.747	2332.326	5363.324	-710474	3465068.6	-8752820.7	6981685.5	0.051547	230	84.932	2	1	210	2	2403	 DICHLOROMETHANE             													
1562	794	100447	1.7055	4.017	-5.1684	-4646.764	-10350.413	-13178.223	22977.522	-1487757.9	5392355.6	-18346781.3	19889318.7	0.104239	309	126.586	4	1	208	5	501	1	601	1	2405	 BENZYL CHLORIDE             									
1578	527	106434	1.7561	4.6694	-5.895	-4362.541	-11196.646	-8915.001	18910.256	-1271595.4	4080450.4	-13427289.2	12972184.6	0.106178	297	126.586	5	1	104	4	501	1	601	1	603	1	2405	 p-CHLOROTOLUENE             							
1573	168	541731	1.9431	4.5386	-5.7692	-4489.621	-10999.436	-13668.998	23213.34	-1466259.4	5682283.5	-20845183.6	23739709.3	0.103875	308	147.004	3	4	501	2	603	2	2405	 m-DICHLOROBENZENE           											
1574	170	106467	1.9431	4.5386	-5.7692	-4489.621	-10999.436	-13668.998	23213.34	-1466259.4	5682283.5	-20845183.6	23739709.3	0.103875	342	147.004	3	4	501	2	603	2	2405	 p-DICHLOROBENZENE           											
1301	131	107313	1.8162	3.9391	-5.0792	-3516.85	-9854.258	4245.13	3704.437	-688572.3	3087935.3	-8198364.2	5489649.1	0.043361	253	60.053	4	1	106	1	804	1	1509	1	1606	 METHYL FORMATE              									
1302	141	109944	1.9205	4.3942	-5.8272	-3785.016	-11041.956	5851.192	3172.64	-864301.9	4733541	-14546208.9	11004966.6	0.058076	253	74.08	5	1	101	1	201	1	804	1	1509	1	1606	 ETHYL FORMATE               							
1303	157	110747	1.9769	5.1863	-6.7149	-3934.717	-11808.01	1963.292	8203.198	-982041.2	5012425.7	-16213822	13072299.4	0.072694	263	88.107	5	1	101	2	201	1	804	1	1509	1	1606	 n-PROPYL FORMATE            							
1304	455	592847	2.1797	5.5186	-7.1948	-4097.768	-12414.152	-2034.377	12923.614	-1133579	5138615.4	-16880545.9	13009741.4	0.087217	302	102.134	5	1	101	3	201	1	804	1	1509	1	1606	 n-BUTYL FORMATE             							
1306	1359	638493	2.3217	6.2118	-8.0149	-4296.207	-12639.462	-6944.149	18394.471	-1236600.3	4329801.2	-13033817.8	7022424.7	0.101633	290	116.16	5	1	101	4	201	1	804	1	1509	1	1606	 n-PENTYL FORMATE            							
2307	1650	629334	2.5176	6.8472	-8.8818	-4740.541	-11716.749	-13903.854	25108.396	-1496316	6534407.2	-21829442.1	16400799.1	0.116042	427	130.187	5	1	101	5	201	1	804	1	1509	1	1606	 n-HEXYL FORMATE             							
2308	1659	112232	2.5767	8.0918	-10.4586	-4985.878	-11724.971	-19038.962	30689.318	-1543177.7	5907633.5	-19737794.9	13185568.2	0.130502	350	144.214	5	1	101	6	201	1	804	1	1509	1	1606	 n-HEPTYL FORMATE            							
1308	1446	112323	2.853	8.5209	-11.1993	-5548.502	-9763.144	-28751.997	39711.461	-1881838.1	9173524	-35253878.6	33243912.8	0.144812	346	158.241	5	1	101	7	201	1	804	1	1509	1	1606	 n-OCTYL FORMATE             							
1309	1664	5451923	3.0208	9.3058	-12.0634	-6091.376	-7936.245	-38067.052	48429.884	-2023039.4	7776554.2	-26243973.9	20545836.6	0.159275	406	172.268	5	1	101	8	201	1	804	1	1509	1	1606	 n-NONYL FORMATE             							
1310	1672	5451525	3.3816	9.1968	-11.9699	-6695.087	-5858.833	-47908.093	57577.675	-2038508.4	6123652.1	-21461543.6	16487600.1	0.17361	378	186.295	5	1	101	9	201	1	804	1	1509	1	1606	 n-DECYL FORMATE             							
1323	309	105373	1.7284	5.5037	-7.5115	-3673.62	-9915.991	-5259.348	12321.74	-988679.5	4487446.7	-18416444	18636678.1	0.095487	263	102.134	6	2	101	1	201	1	201	1	904	1	1502	1	1602	 ETHYL PROPIONATE            					
1324	334	106365	1.897	6.2703	-8.6238	-3889.254	-10456.701	-8939.78	16950.516	-1163201.9	5159463.7	-21304261.7	20986162.3	0.10973	293	116.161	5	2	101	3	201	1	904	1	1502	1	1602	 n-PROPYL PROPIONATE         							
1326	529	590012	2.0922	7.2167	-9.6881	-4045.272	-11601.381	-11643.006	21063.374	-1152599.4	4121323.3	-19501220.9	18506925.5	0.123497	310	130.187	5	2	101	4	201	1	904	1	1502	1	1602	 n-BUTYL PROPIONATE          							
1332	310	623427	1.7214	5.1909	-6.9549	-3633.643	-8763.044	-10278.684	16316.063	-1137775.3	6721121.5	-30540417.6	34779638.9	0.095166	263	102.134	6	1	101	1	106	2	201	1	904	1	1502	1	1602	 METHYL n-BUTYRATE           					
1333	332	105544	1.8865	6.187	-8.4296	-3837.344	-10591.574	-8261.383	16062.546	-1248920.5	6819413.4	-29454574.6	31853519.5	0.109629	298	116.161	5	2	101	3	201	1	904	1	1502	1	1602	 ETHYL n-BUTYRATE            							
1327	530	105668	2.119	6.9858	-9.4274	-4070.466	-10901.444	-13103.948	22086.205	-1404065	7467664.2	-31483877.6	31249555.9	0.123487	350	130.187	5	2	101	4	201	1	904	1	1502	1	1602	 n-PROPYL n-BUTYRATE         							
1346	1445	591684	2.4044	8.788	-11.8101	-5377.417	-6362.137	-32399.437	39577.45	-1467577.6	5769272.4	-27268214.6	25416630.5	0.153176	291	158.241	5	2	101	6	201	1	904	1	1502	1	1602	 n-BUTYL VALERATE            							
1395	1673	110429	2.8202	10.1483	-12.9556	-6509.265	-1051.394	-58146.201	62739.619	-1934829.9	8602837.1	-41444033.5	43611701.5	0.180885	309	186.295	6	1	101	1	106	8	201	1	904	1	1502	1	1602	 METHYL DECANOATE            					
2385	894	111820	3.1911	11.4696	-14.8196	-7526.267	1485.258	-71866.577	75032.078	-2145218.2	7896670.2	-40312246.5	42441319.6	0.210723	405	214.349	6	1	101	1	106	10	201	1	904	1	1502	1	1602	 METHYL DODECANOATE          					
1341	279	96333	1.5893	4.3711	-5.73	-3545.473	-7531.522	-10436.851	15725.403	-953504.8	4676878.5	-20748203.3	25313889	0.076	253	86.091	6	1	106	1	701	1	802	1	904	1	1502	1	1602	 METHYL ACRYLATE             					
1342	302	140885	1.7137	5.3839	-7.2378	-3771.165	-9254.454	-8188.123	15118.656	-1041465.3	4698175.8	-20544552.8	23028015.8	0.090397	273	100.118	7	1	101	1	201	1	701	1	802	1	904	1	1502	1	1602	 ETHYL ACRYLATE              			
1343	762	925600	1.9421	5.9125	-8.0984	-3946.952	-10135.926	-10519.142	18252.7	-1216088.6	6031320	-26589432.8	28304871.6	0.104862	322	114.145	7	1	101	2	201	1	701	1	802	1	904	1	1502	1	1602	 n-PROPYL ACRYLATE           			
1344	466	141322	2.109	6.7462	-9.2817	-4081.067	-11211.86	-12624.829	21346.9	-1396470.5	6446871.6	-27173501.5	24961412.1	0.119292	336	128.172	7	1	101	3	201	1	701	1	802	1	904	1	1502	1	1602	 n-BUTYL ACRYLATE            			
1351	453	80626	1.7002	5.0681	-6.5916	-3536.574	-7670.174	-13298.136	17567.87	-1054165.4	5699635.4	-27915858.7	33328712.5	0.091053	273	101.126	7	1	114	1	106	1	701	1	901	1	904	1	1502	1	1602	 METHYL METHACRYLATE         			
1352	506	97632	1.8458	6.0732	-7.9852	-3831.296	-9854.798	-11116.151	17524.985	-1153780.1	5111842.1	-22813294.2	23894456.8	0.105531	279	115.153	8	1	101	1	103	1	201	1	701	1	901	1	904	1	1502	1	1602	 ETHYL METHACRYLATE          	
1402	162	60297	1.6651	4.3718	-6.1785	-3421.411	-8322.324	-719.065	7864.668	-685221.2	3346073.3	-10473897.1	9828200.4	0.078716	210	74.123	3	2	101	2	201	1	1501	 DIETHYL ETHER               											
1415	318	628320	1.8473	4.9244	-7.102	-3623.364	-9025.175	-3736.72	11854.328	-788085.7	3385432.7	-11194160.8	11177120.8	0.093777	225	88.15	3	2	101	3	201	1	1501	 ETHYL PROPYL ETHER          											
1446	778	111433	1.9971	5.9055	-8.4676	-3760.841	-10204.248	-5898.447	15412.181	-986202.7	4815250.4	-18060299	19549742.8	0.108473	239	102.177	3	2	101	4	201	1	1501	 DI-n-PROPYL ETHER           											
1448	336	628819	1.9968	5.5654	-7.8184	-3842.325	-10318.132	-5337.026	14517.58	-1109865.4	5696887	-20080789.9	20554112.4	0.10779	278	102.177	3	2	101	4	201	1	1501	 n-BUTYL ETHYL ETHER         											
1407	486	540670	1.5079	3.1471	-4.3354	-3121.694	-6834.576	-1687.102	7230.733	-608868.4	3280068.7	-11344558.2	11298502.6	0.063964	194	60.096	4	1	101	1	106	1	201	1	1501	 METHYL ETHYL ETHER          									
1408	1287	557175	1.686	3.754	-5.1792	-3351.414	-7789.796	-3984.612	10585.554	-737743.1	3213136.9	-10575954.7	9701959.2	0.07867	229	74.123	4	1	101	1	106	2	201	1	1501	 METHYL-n-PROPYL ETHER       									
1413	1317	628284	1.7531	4.9682	-6.7571	-3547.259	-8691.598	-6558.113	13958.035	-888982.6	4359094.6	-16568359.3	16906778.5	0.093212	261	88.15	4	1	101	1	106	3	201	1	1501	 METHYL-n-BUTYL ETHER        									
1455	289	110714	1.9135	5.2557	-7.3566	-3498.906	-8099.424	-11852.943	17606.179	-972864.5	4569621.6	-20010157.5	20938039.6	0.086922	263	90.122	3	2	106	2	201	2	1501	 1,2-DIMETHOXYETHANE         											
1489	1433	7778850	1.8776	5.4019	-7.4509	-3338.316	-7635.385	-13622.038	18036.028	-924602.6	4289297.3	-20960896.4	23203258	0.104677	293	104.15	5	1	102	2	106	1	201	1	301	2	1501	 1,2-DIMETHOXYPROPANE        							
1791	295	110861	1.0556	2.7811	-4.1652	-4130.241	-7471.216	-7221.994	13557.433	-1134664.4	5278370.2	-18937693.3	19297019	0.074047	273	79.102	2	5	501	1	2201	 PYRIDINE                    													
1797	622	109068	1.3404	3.5432	-4.9221	-4180.625	-9001.074	-7399.204	14641.43	-1203190.3	5303770	-20931076.2	22288902	0.089688	293	93.129	4	1	103	4	501	1	601	1	2201	 2-METHYLPYRIDINE            									
2797	623	108996	1.342	3.5891	-4.9369	-4238.734	-8954.505	-8390.519	15979.208	-1277842.3	5682578.1	-22007271.3	22431452.7	0.090005	281	93.129	4	1	103	4	501	1	601	1	2201	 3-METHYLPYRIDINE            									
2799	323	108894	1.3803	3.3925	-4.704	-4253.403	-9002.27	-8155.491	15572.529	-1232407	4736741.3	-17306150.1	16360637.3	0.089993	311	93.129	4	1	103	4	501	1	601	1	2201	 4-METHYLPYRIDINE            									
2796	802	108485	1.6593	4.4986	-6.0694	-4179.549	-10343.982	-8469.611	16535.755	-1307521.3	4810529.2	-17871082.2	18253248.5	0.105092	311	107.156	4	2	103	3	501	2	601	1	2201	 2,6-DIMETHYLPYRIDINE        									
2795	1415	108758	1.9685	5.2228	-6.818	-4211.94	-11749.188	-10195.182	19615.567	-1469742.1	6740281.5	-29390241.9	33410493.6	0.121019	287	121.183	4	3	103	2	501	3	601	1	2201	 2,4,6-TRIMETHYLPYRIDIN      									
1759	857	91634	1.7844	4.2868	-5.7876	-4926.469	-10050.186	-23049.834	29924.181	-2292194	12075795.2	-62334616.8	77408299.8	0.131111	444	143.19	5	1	103	6	501	1	601	2	605	1	2201	 QUINALDINE                  							
1748	842	91225	1.4	3.7284	-5.0627	-4901.18	-9251.252	-20444.798	26417.735	-2186436.7	11273751.7	-55667736.9	68875295.2	0.115596	373	129.163	3	7	501	2	605	1	2201	 QUINOLINE                   											
2785	841	119653	1.383	3.8475	-5.223	-4791.329	-9181.174	-19943.552	26106.648	-1930909.9	8839644.7	-46604000	59596888.1	0.113747	373	127.147	4	5	501	2	605	2	605	1	2201	 ISOQUINOLINE                									
3740	1733	260946	1.8762	4.5978	-6.0367	-5576.026	-9878.733	-36538.01	41393.178	-3257002.7	17126579.8	-96788218.7	118916260.6	0.156867	435	179.223	4	9	501	2	605	2	605	1	2201	 ACRIDINE                    									
1682	442	75036	1.4555	3.1268	-4.2891	-4524.572	-11343.623	12481.318	-3184.62	-852135.1	4306063.8	-8920925.1	3416812.6	0.05979	238	155.966	3	1	101	1	210	1	2802	 ETHYL IODIDE                											
1683	684	107084	1.6557	3.8084	-5.1523	-4576.633	-12827.429	9949.976	1442.472	-1035479.6	4909988.5	-11255259.8	7132650.3	0.07441	282	169.993	4	1	101	1	201	1	210	1	2802	 n-PROPYL IODIDE             									
2685	2685	542698	1.8164	4.4429	-6.1034	-4644.772	-13020.298	4846.445	7076.944	-1190807	5319653.7	-13741187.3	10997521.1	0.089383	264	184.02	4	1	101	2	201	1	210	1	2802	 n-ButylIodide               									
8615	8615	628171	2.0174	4.9245	-6.6936	-4761.918	-14520.735	2607.272	10726.164	-1385648.6	6038887.1	-16418995.1	14157891.7	0.104029	312	198.047	4	1	101	3	201	1	210	1	2802	 n-PentylIodide              									
2684	8684	638459	2.1943	5.9463	-7.7845	-4894.767	-15426.322	-1386.06	16033.503	-1547736.4	6561227.5	-19125143.3	17189250.9	0.117881	333	212.073	4	1	101	4	201	1	210	1	2802	 n-HexylIodide               									
8617	8617	4282400	2.3053	6.8925	-9.2103	-4966.88	-16071.902	-4934.966	20222.456	-1698526.2	6622177.6	-20618953.6	18367927.3	0.132953	349	226.1	4	1	101	5	201	1	210	1	2802	 n-HeptylIodide              									
8618	8618	629276	2.5721	7.3829	-9.9864	-5618.508	-13593.718	-15794.346	30157.901	-2005633.9	9378322.7	-31641788.1	31033502.5	0.147393	366	240.127	4	1	101	6	201	1	210	1	2802	 n-OctylIodide               									
1051	140	67641	1.3338	3.019	-4.1439	-3413.967	-12623.928	15119.742	-5855.038	-695400	3218973.7	-7187395	4032234.5	0.062783	241	58.08	3	2	117	1	903	1	1601	 ACETONE                     											
1052	153	78933	1.4295	3.8468	-5.0124	-3713.105	-9980.458	1893.31	6756.668	-779281.2	3208314.2	-7728567.2	5383995.8	0.07747	254	72.107	5	1	101	1	117	1	206	1	903	1	1601	 METHYL ETHYL KETONE         							
1060	304	107879	8.3764	-35.1366	44.2438	-3381.952	-15407.909	12919.421	-2360.932	-855448.6	2285902.2	-4064146	1241828.5	0.092111	267	86.134	6	1	101	1	117	1	201	1	206	1	903	1	1601	 2-PENTANONE                 					
1062	771	591786	1.6748	5.4438	-7.0523	-3975.077	-11746.627	-3238.842	13016.917	-1080385	3420113.2	-9332953.8	8678497.3	0.106409	279	100.161	6	1	101	1	117	2	201	1	206	1	903	1	1601	 2-HEXANONE                  					
1063	809	110430	1.861	6.3019	-8.1758	-4119.658	-12602.835	-6260.927	16809.336	-1236207.4	4186150	-13556370.1	13670014.1	0.120506	290	114.188	6	1	101	1	117	3	201	1	206	1	903	1	1601	 2-HEPTANONE                 					
1083	1422	111137	1.8873	8.1691	-10.8115	-3171.245	-24137.532	21132.762	-5313.96	-1347008	3769737.7	-11926526.9	9211316.8	0.134853	301	128.215	6	1	101	1	117	4	201	1	206	1	903	1	1601	 2-OCTANONE                  					
1074	1444	821556	2.2297	7.9948	-10.408	-5160.764	-9867.129	-21756.532	31244.183	-1560212.3	5577283.1	-20561727.3	20590315.7	0.149306	338	142.242	6	1	101	1	117	5	201	1	206	1	903	1	1601	 2-NONANONE                  					
1053	165	96220	1.4937	4.4865	-5.7434	-3787.092	-10159.192	-1892.687	10414.844	-892046.6	2992605.5	-7025774	5196446.1	0.091784	266	86.134	4	2	101	2	206	1	903	1	1601	 3-PENTANONE                 									
1059	1356	589388	1.6529	5.2507	-6.7479	-3908.532	-10929.295	-4494.213	13410.794	-984476.7	3061219.8	-9191277.7	9325125.8	0.106131	262	100.161	5	2	101	1	201	2	206	1	903	1	1601	 3-HEXANONE                  							
1057	1400	106354	1.7836	6.1402	-7.8702	-4047.014	-11753.354	-7424.082	17104.486	-1222431.6	4637894.1	-16517764.7	18193976.7	0.120362	315	114.188	5	2	101	2	201	2	206	1	903	1	1601	 3-HEPTANONE                 							
2083	2083	106683	1.7944	7.8574	-10.2182	-3194.5	-22262.503	17378.144	-3086.62	-1189983.3	2334881.6	-7816214.7	6514384.8	0.134769	304	128.215	5	2	101	3	201	2	206	1	903	1	1601	 3-OCTANONE                  							
2085	2085	925780	2.4592	6.0579	-7.9755	-3345.175	-24756.713	20203.773	-4450.681	-1354089.1	3145187	-11956152.8	10538570.6	0.148996	307	142.242	5	2	101	4	201	2	206	1	903	1	1601	 3-NONANONE                  							
1058	1401	123193	1.7773	6.1038	-7.8463	-3994.794	-11755.368	-6841.385	16208.048	-1218161.6	4605739.6	-16683248.9	18630983.5	0.120614	298	114.188	5	2	101	2	201	2	206	1	903	1	1601	 4-HEPTANONE                 							
2084	2084	589639	1.8232	7.6588	-9.9749	-3168.986	-22074.02	17357.254	-3367.078	-1262799.2	3310982.5	-11031973.7	9479155	0.13485	320	128.215	5	2	101	3	201	2	206	1	903	1	1601	 4-OCTANONE                  							
2087	2087	4485090	1.9785	8.729	-11.297	-3356.007	-24171.709	19131.29	-3955.818	-1436449.7	4213116	-15158704.3	13536741.5	0.148914	330	142.242	5	2	101	4	201	2	206	1	903	1	1601	 4-NONANONE                  							
1073	610	502567	2.2094	7.3232	-9.4202	-4709.633	-10799.426	-18600.805	28167.86	-1507148.4	5407097	-21966223.9	24446399	0.148849	375	142.242	5	2	101	4	201	2	206	1	903	1	1601	 5-NONANONE                  							
1761	665	79243	1.4251	3.7599	-5.1629	-3916.979	-15769.727	16576.574	-4558.285	-1130723.7	5180725.6	-12428518.3	6516951.8	0.062432	282	75.067	4	1	101	1	225	2	1607	1	2103	 NITROETHANE                 									
1762	686	108032	1.4891	5.0113	-6.5435	-4352.369	-11751.369	-1615.234	12912.852	-1153511.3	3707891.4	-7442300.1	2309533.3	0.076916	272	89.094	5	1	101	1	201	1	225	2	1607	1	2103	 1-NITROPROPANE              							
1769	1769	627054	1.9499	5.0016	-6.6266	-4574.696	-13534.379	-2575.354	16416.108	-1334253.5	4665814.2	-12730298.8	10315421.4	0.09116	265	103.121	5	1	101	2	201	1	225	2	1607	1	2103	 1-NITROBUTANE               							
1886	457	98953	1.555	4.7869	-6.1088	-4633.514	-10013.789	-20823.388	30366.646	-1671294.3	4835120.3	-21028872	20968903.4	0.099426	349	123.112	4	5	501	1	604	2	1608	1	2103	 NITROBENZENE                									
2740	1324	99650	2.1268	6.5485	-7.6959	-5070.752	-9332.118	-46807.607	55506.563	-2762410	11262507.8	-75765624.9	98884108.2	0.121085	405	168.11	4	4	501	2	604	4	1608	2	2103	 m-DINITROBENZENE            									
2741	1325	528290	1.7388	7.2849	-8.2809	-4971.333	-5043.5	-54001.187	56343.981	-2345630.7	8341236.2	-62262272.5	80661004	0.12193	458	168.11	4	4	501	2	604	4	1608	2	2103	 o-DINITROBENZENE            									
2742	1326	100254	2.0155	6.8565	-8.2206	-5169.982	-9896.39	-45706.879	55120.677	-2451893.9	3884668.9	-35392645.6	43984684.6	0.121966	450	168.11	4	4	501	2	604	4	1608	2	2103	 p-DINITROBENZENE            									
1780	796	99081	1.936	5.213	-6.4878	-4696.122	-10976.13	-23976.283	34781.496	-1950500.5	7811984	-36506028.3	40420038.2	0.115218	331	137.139	6	1	104	4	501	1	601	1	604	2	1608	1	2103	 m-NITROTOLUENE              					
1778	797	88722	1.551	6.0474	-7.209	-4329.996	-7848.934	-29672.115	34632.369	-1738468.7	8041548.4	-44766073.1	58689701.8	0.1156	348	137.139	6	1	110	4	501	1	601	1	604	2	1608	1	2103	 o-NITROTOLUENE              					
1779	798	99990	1.8913	5.4654	-6.819	-4817.322	-10995.677	-24064.092	34999.57	-1934986.3	5736027.3	-24183415.1	22521866	0.115243	362	137.139	6	1	104	4	501	1	601	1	604	2	1608	1	2103	 p-NITROTOLUENE              					
2743	1381	121142	1.9913	8.0392	-9.2193	-4884.547	-6659.402	-56271.143	58658.023	-2482494.6	11854145.6	-90732895	124980427.5	0.138485	443	183.145	5	1	110	4	501	2	604	4	1608	2	2103	 2,4-DINITROTOLUENE          							
2749	1383	618859	2.367	7.7114	-9.3422	-4977.871	-9402.362	-51996.178	61842.568	-2466938.2	9761353.2	-74500837.9	99580944	0.137694	490	182.137	6	1	104	3	501	1	601	2	604	4	1608	2	2103	 3,5-DINITROTOLUENE          					
1181	174	108952	1.278	3.7554	-5.213	-4604.283	-10561.688	-5308.45	15225.729	-1317786	4156928.8	-9531521.6	4466151.3	0.083331	350	94.114	4	3	501	2	503	1	602	1	1406	 PHENOL                      									
1182	177	95487	1.5036	4.7845	-6.2864	-3737.505	-19126.285	14172.539	-1102.633	-1351141.3	3608705.1	-8834486.8	3070369.8	0.099488	350	108.141	7	1	112	2	501	1	503	1	504	1	601	1	602	1	1406	 o-CRESOL                    			
1183	346	108394	1.5965	4.3507	-5.9298	-3706.951	-21456.818	19414.85	-4939.633	-1487445	4396896.4	-13348300.1	9291838.3	0.099643	360	108.141	8	1	104	1	501	1	503	1	504	1	505	1	601	1	602	1	1406	 m-CRESOL                    	
1184	347	106445	1.5888	4.3626	-5.9129	-3790.434	-21639.98	20622.378	-5566.673	-1452540.8	4035417.8	-9910516.4	3347509.6	0.09959	360	108.141	6	1	104	2	503	2	504	1	601	1	602	1	1406	 p-CRESOL                    					
1170	568	526750	1.6936	5.6947	-7.0037	-3574.475	-22291.807	16809.154	-2475.584	-1412733.9	2704684	-6375781.7	-661668.1	0.115307	365	122.168	7	2	104	1	501	1	503	1	504	2	601	1	602	1	1406	 2,3-XYLENOL                 			
1172	569	105679	1.7867	5.7006	-7.2301	-3626.145	-23570.18	20361.828	-4447.247	-1438670.6	2735961.4	-5841859.6	-1216127.3	0.115294	360	122.168	6	2	104	1	503	2	504	2	601	1	602	1	1406	 2,4-XYLENOL                 					
1174	570	95874	1.8555	5.2461	-6.6983	-3695.468	-22537.47	17350.656	-2532.316	-1655040.6	5654667.9	-18184603.8	12889845.7	0.115449	360	122.168	6	2	104	2	504	1	505	2	601	1	602	1	1406	 2,5-XYLENOL                 					
1176	571	576261	1.7572	5.7047	-7.0133	-3441.371	-22955.538	19660.843	-4795.577	-1469106.5	3841985.7	-8926131.1	1627040.2	0.115257	360	122.168	6	2	104	1	501	2	504	2	601	1	602	1	1406	 2,6-XYLENOL                 					
1177	572	95658	1.7774	5.4145	-6.7834	-4791.769	-12216.33	-14066.493	25172.065	-1744469.6	6564943.4	-24885827.7	25160452.8	0.115129	365	122.168	7	2	104	1	503	1	504	1	505	2	601	1	602	1	1406	 3,4-XYLENOL                 			
1178	573	108689	1.9301	5.0692	-6.6581	-3749.093	-23271.522	18171.214	-2979.828	-1653100.5	4642350.4	-15628924.6	11409462.2	0.115413	360	122.168	6	2	104	1	504	2	505	2	601	1	602	1	1406	 3,5-XYLENOL                 					
1820	136	75183	1.6506	3.3985	-3.5086	-4563.252	-11077.004	14039.556	-2367.151	-848242.2	5806472.4	-15878668.3	10923635.7	0.060328	226	62.136	2	2	108	1	1701	 DIMETHYL SULFIDE            													
1813	269	624895	1.7738	3.6055	-2.9691	-4263.467	-10320.26	2327.505	10054.687	-863172.5	4266702.8	-9082547.2	2711274.6	0.067698	240	76.163	4	1	101	1	108	1	201	1	1701	 METHYL ETHYL SULFIDE        									
2815	8815	638460	1.8912	4.8179	-6.1506	-4336.25	-11302.987	-4484.373	16845.166	-1176078.6	4789033.7	-12522541.6	9890736.5	0.099582	295	104.217	4	1	101	1	108	3	201	1	1701	 MethylButylSulfide          									
8621	8621	1741839	2.0765	5.4894	-7.4835	-4427.761	-12029.049	-7276.408	20334.107	-1275130.7	4811513.8	-14346987.7	12769808.1	0.115432	336	118.244	4	1	101	1	108	4	201	1	1701	 MethylPentylSulfide         									
1818	290	352932	2.0064	4.6606	-4.281	-4444.177	-11811.103	-205.409	13710.319	-1110687.8	5473432.5	-12839502.3	7374879.1	0.081813	251	90.19	3	2	101	2	201	1	1701	 DIETHYL SULFIDE             											
8620	8620	4110503	1.9326	4.8344	-6.3961	-4362.816	-11203.482	-4949.562	17262.47	-1154562.4	4652065.3	-13127543.1	11567622.9	0.100261	321	104.217	3	2	101	3	201	1	1701	 EthylPropylSulfide          											
1817	1647	111477	2.0528	5.9612	-7.8895	-4440.592	-12202.282	-7472.003	20699.773	-1432779.3	6827071.6	-22885239.5	23558593.7	0.114757	274	118.244	3	2	101	4	201	1	1701	 DI-n-PROPYLSULFIDE          											
3816	8816	544401	2.5088	8.3055	-8.6767	-4812.297	-13845.543	-19258.431	36511.383	-1668319.4	7044070.9	-23867222.2	23451765.4	0.136847	374	146.297	3	2	101	6	201	1	1701	 DI-n-ButylSulfide           											
1803	1265	107039	2.394	4.6031	1.7972	-4963.54	-13224.755	7761.41	11701.64	-1068653	7678344.4	-21107069	15973187.2	0.059162	241	76.163	3	1	101	2	201	1	1801	 n-PROPYL MERCAPTAN          											
1841	715	109795	4.7511	1.7039	49.3029	-6432.232	-23377.133	8489.623	42235.17	-1645161	13685970.8	-40263561.4	35550316.4	0.059372	257	90.19	3	1	101	3	201	1	1801	 n-BUTYL MERCAPTAN           											
1807	1368	111319	2.1733	5.79	-7.821	-8132.081	40690.037	-192634.52	207524.379	-1392468.2	7227745.1	-22787830.8	21246302	0.114852	312	118.244	3	1	101	5	201	1	1801	 n-HEXYL MERCAPTAN           											
1839	1408	1639094	2.3633	6.7025	-9.0452	-5081.064	9312.367	-112879.482	143542.585	-1533096.8	6873231.3	-19167279.6	13915315.7	0.129624	339	132.271	3	1	101	6	201	1	1801	 n-HEPTYL MERCAPTAN          											
8623	8623	460139	1.3644	3.4968	-4.8585	-3124.321	-7544.696	3320.207	3532.886	-524297.2	2876553.1	-8542081.9	6247930	0.060791	196	62.087	4	1	101	1	201	1	224	1	2501	 FLUOROPROPANE									
8602	8602	2366521	1.5774	3.8816	-5.4104	-3385.21	-8539.234	631.524	7080.466	-705176.9	3502764.8	-9673971.1	6567814.4	0.075479	222	76.114	4	1	101	2	201	1	224	1	2501	 FLUOROBUTANE                									
8603	8603	592507	1.7417	4.5525	-6.2301	-3590.676	-9422.274	-2464.519	11069.075	-869653.7	4074932.1	-11829511.7	9194453	0.090055	245	90.141	4	1	101	3	201	1	224	1	2501	 FLUOROPENTANE               									
8604	8604	373148	1.8417	5.6753	-7.6749	-3761.082	-10439.84	-4796.884	14127.37	-1036560.6	4739396	-14941467.8	13061319.6	0.1046	267	104.168	4	1	101	4	201	1	224	1	2501	 FLUOROHEXANE                									
8605	8605	661110	2.0485	6.2743	-8.457	-3936.199	-11082.124	-8473.178	18600.822	-1149292.4	4493811.6	-13593565.7	10622274.3	0.11906	288	118.195	4	1	101	5	201	1	224	1	2501	 FLUOROHEPTANE               									
8606	8606	463116	2.1925	7.3858	-10.0114	-4238.079	-11148.401	-13029.055	23471.849	-1321366.4	5551287.6	-19997330.4	19392243.5	0.133503	307	132.222	4	1	101	6	201	1	224	1	2501	 FLUOROOCTANE                									
8607	8607	463183	2.6838	8.3426	-11.2083	-5291.442	-8229.83	-29499.614	39089.533	-1539343.7	5937813.7	-24048746.1	24204517.2	0.162449	342	160.275	4	1	101	8	201	1	224	1	2501	 FLUORONONANE                									
1251	223	64186	1.0517	2.3617	-3.5855	-2678.804	-5037.361	-282.509	3499.844	-380903	1828382.1	-6264770.6	4561121.9	0.030148	286	46.026	3	1	805	1	1412	1	1603	 FORMIC ACID                 											
1252	130	64197	1.2138	2.7929	-4.1839	-2744.87	-5295.388	-1881.657	5534.483	-507672.4	2747405.3	-9892027.3	3806821.8	0.045417	293	60.053	4	1	119	1	904	1	1412	1	1603	 ACETIC ACID                 									
1253	143	79094	1.3331	3.3747	-4.854	-2632	-5115.647	-7073.215	9997.894	-569687.1	3014246.7	-13422950.3	10489749.4	0.060174	322	74.08	5	1	101	1	222	1	904	1	1412	1	1603	 PROPIONIC ACID              							
1256	154	107926	1.5501	4.3726	-6.0476	-2889.597	-6131.421	-8505.5	12287.485	-689823.3	3556115.3	-15636543.6	12653062.2	0.075212	350	88.107	6	1	101	1	201	1	222	1	904	1	1412	1	1603	 n-BUTYRIC ACID              					
1260	283	79312	1.378	3.8831	-5.3294	-2833.246	-5648.766	-7264.408	10840.297	-632515.2	3483184.6	-14630425.4	9803467.8	0.078047	334	88.107	5	2	102	1	315	1	904	1	1412	1	1603	 ISOBUTYRIC ACID             							
1258	306	109524	1.6698	4.7012	-6.4259	-3114.588	-6559.697	-11364.4	15301.757	-799554.9	4001732.7	-17651319.4	12598178.2	0.089385	361	102.134	6	1	101	2	201	1	222	1	904	1	1412	1	1603	 n-PENTANOIC ACID            					
1261	621	503742	1.4594	4.5938	-6.2144	-2755.689	-5380.659	-10547.225	13017.863	-667329.5	3940264.4	-18753053.5	15296887.8	0.092036	364	102.134	6	2	102	1	222	1	315	1	904	1	1412	1	1603	 ISOVALERIC ACID             					
1262	510	142621	1.8904	5.2286	-7.1336	-3327.743	-7275.643	-13936.814	18402.407	-940894.7	4671644.2	-20899332.6	15134311.1	0.103921	371	116.16	6	1	101	3	201	1	222	1	904	1	1412	1	1603	 n-HEXANOIC ACID             					
2261	819	111148	2.0058	6.3821	-8.4776	-3489.481	-8047.131	-16823.721	21964.15	-1042999.4	4347980.6	-18935427.4	10986465.4	0.118505	385	130.187	6	1	101	4	201	1	222	1	904	1	1412	1	1603	 n-HEPTANOIC ACID            					
1265	540	124072	2.1736	7.3189	-9.7276	-3979.693	-6913.24	-24069.086	28907.277	-1131624.6	4243671.9	-19643802.5	13280352.8	0.132922	395	144.214	6	1	101	5	201	1	222	1	904	1	1412	1	1603	 n-OCTANOIC ACID             					
1259	544	112050	2.3268	8.4572	-11.2272	-4143.252	-5335.452	-29849.195	33394.024	-1180567	4613705.7	-20701138.9	11963089	0.147558	410	158.241	6	1	101	5	201	2	222	1	904	1	1412	1	1603	 n-NONANOIC ACID             					
1254	545	334485	2.6562	8.4865	-11.3434	-4537.284	-4388.392	-36655.768	39665.057	-1312525.4	5892220.6	-30174936	25553595.6	0.161821	423	172.268	6	1	101	6	201	2	222	1	904	1	1412	1	1603	 n-DECANOIC ACID             					
1266	8266	112378	2.908	8.6341	-11.4376	-5303.019	-4315.076	-43431.148	47559.657	-1659500.3	7197247.5	-32339766.2	24703202.1	0.176129	393	186.295	6	1	101	8	201	1	222	1	904	1	1412	1	1603	 n-UnDECANOIC ACID           					
1269	890	143077	3.0384	9.8702	-13.0291	-5800.963	-3119.08	-50790.23	54536.935	-1707354.7	6656523	-31803606.4	24637905.6	0.190535	445	200.322	6	1	101	9	201	1	222	1	904	1	1412	1	1603	 n-DODECANOIC ACID           					
1270	1505	638539	3.2344	10.5119	-13.7199	-6460.226	-690.401	-61258.467	64059.668	-1922815.4	7551486.6	-37271376.2	31844717.9	0.204981	455	214.349	6	1	101	10	201	1	222	1	904	1	1412	1	1603	 n-TRIDECANOIC ACID          					
1271	902	544638	3.3293	12.0763	-15.6458	-7051.674	1183.172	-70335.738	72293.63	-2172243.7	9372698.7	-44540780.9	41658992.2	0.219417	465	228.376	6	1	101	11	201	1	222	1	904	1	1412	1	1603	 n-TETRADECANOIC ACID        					
2259	909	1002842	3.6788	11.7299	-15.0261	-7752.861	3930.318	-81967.193	83165.145	-2409165.2	10916511.3	-49650792.3	43495222.6	0.233663	474	242.403	6	1	101	12	201	1	222	1	904	1	1412	1	1603	 PENTADECANOIC ACID          					
1272	912	57103	3.8679	12.7682	-16.4091	-8225.245	4688.901	-87703.157	88342.364	-2577274.6	11232232.3	-54284104.3	53115321	0.248255	484	256.429	6	1	101	13	201	1	222	1	904	1	1412	1	1603	 n-HEXADECANOIC ACID         					
2265	1521	506127	3.8713	14.31	-18.1598	-9008.721	7975.547	-100479.627	99850.317	-2941764	14451661.2	-66201010	64037139.2	0.262393	493	270.456	6	1	101	14	201	1	222	1	904	1	1412	1	1603	 n-HEPTADECANOIC ACID        					
1276	550	57114	4.0803	15.2541	-19.5181	-9629.941	9834.046	-109119.987	107607.547	-3225909.2	17941636	-81370765.4	82119350	0.27679	497	284.483	6	1	101	15	201	1	222	1	904	1	1412	1	1603	 STEARIC ACID                					
2266	920	646300	4.4871	14.9055	-18.9889	-10278.39	12302.085	-120274.74	118109.613	-3296854	16807611.6	-79491153.2	81014987.1	0.291159	511	298.51	6	1	101	16	201	1	222	1	904	1	1412	1	1603	 NONADECANOIC ACID           					
1277	253	79107	1.2195	3.1839	-4.6202	-2651.818	-5023.433	-6259.125	9274.94	-566038.3	3247924.1	-14816692.3	12959488.5	0.055865	333	72.064	5	1	704	1	806	1	904	1	1412	1	1603	 ACRYLIC ACID                							
1281	343	65850	1.3945	4.3752	-5.9492	-3581.56	-6514.123	-15998.322	18889.85	-1093979.8	4921473.4	-22605982	19312336.5	0.096793	413	122.125	5	5	501	1	601	1	904	1	1412	1	1603	 BENZOIC ACID                							
1852	439	79118	1.5169	3.8327	-5.4329	-3156.511	-6698.928	-7651.839	12118.496	-786630.7	4079565.1	-16600360.5	15807338.9	0.05815	378	94.498	5	1	210	1	904	1	1412	1	1603	1	2407	 CHLOROACETIC ACID           							
2271	1433	140103	1.8609	5.5987	-7.5053	-4030.002	-8752.797	-19867.773	25505.138	-1400760.7	5785281.8	-25420570.7	20288756.3	0.122474	463	148.163	6	5	501	1	601	2	801	1	904	1	1412	1	1603	 CINNAMIC ACID               					
5880	8883	50215	1.3535	3.908	-5.6119	-3278.342	-6269.7	-10293.604	13288.342	-851945.6	3650300.2	-15896872	5621036.3	0.069371	401	90.079	6	1	102	1	303	1	904	1	1410	1	1412	1	1603	 2-HYDROXYPROPANOICACID(Lacti					
1278	446	79414	1.3746	3.9523	-5.3204	-2868.349	-5512.031	-9521.049	12121.777	-759285.9	4477066.9	-20479951.8	17529405.5	0.071371	427	86.091	6	1	103	1	704	1	901	1	904	1	1412	1	1603	 METHACRYLIC ACID            					
1279	549	112801	4.1444	14.2956	-18.5307	-10252.317	11055.796	-115880.318	114210.675	-3280790.2	14209439.4	-67283779.8	65874054.6	0.283406	450	282.468	7	1	101	13	201	1	222	2	305	1	904	1	1412	1	1603	 OLEIC ACID                  			
1870	238	76051	1.362	4.1084	-5.7783	-2123.485	-4264.046	-6651.097	9640.794	-388586.8	1748564.8	-6693852.4	-471810.1	0.054013	264	114.024	5	1	408	1	904	1	1412	1	1603	3	2505	 TRIFLUOROACETIC ACID        							
1285	458	124049	2.0934	6.664	-8.852	-3209.597	-5960.393	-24366.908	24434.125	-1055825.6	5062671.3	-28415475.7	21259150.2	0.108843	480	146.143	5	2	201	2	222	2	904	2	1412	2	1603	 ADIPIC ACID                 							
2269	1390	111160	2.281	6.639	-8.8549	-3651.756	-4257.013	-31929.318	30866.583	-1140417.9	5405752.9	-31372258.6	24040120.4	0.122931	485	160.17	5	3	201	2	222	2	904	2	1412	2	1603	 PIMELIC ACID                							
2275	8275	111206	2.852	8.9237	-11.6382	-4736.425	-2446.795	-48858.332	47273.403	-1578454.1	6954333.8	-37996828.8	27702422.7	0.166096	505	202.251	5	6	201	2	222	2	904	2	1412	2	1603	 DecaneDioicAcid(Sebacic)    							
2270	8270	505486	2.3079	8.1709	-10.635	-3906.924	-4361.226	-35798.529	34929.18	-1236607.5	5245431.7	-30051231.5	19544242.5	0.137282	493	174.197	5	4	201	2	222	2	904	2	1412	2	1603	 OctaneDioicAcid(Suberic)    							
2279	774	88095	1.5644	5.6116	-7.2716	-3282.099	-7494.392	-11618.971	15896.943	-907659.6	4339022.9	-19447866.8	15608908.6	0.106892	464	116.161	6	2	101	2	201	1	315	1	904	1	1412	1	1603	 2-ETHYL BUTYRIC ACID        					
1263	8263	4536236	1.8445	6.1475	-8.1215	-3479.959	-8231.328	-14436.415	19648.769	-1071103.5	5393628.5	-23252962.3	17865929.8	0.121412	481	130.188	7	1	101	1	102	3	201	1	315	1	904	1	1412	1	1603	 2EtHexanoicAcid             			
2258	1314	75989	1.496	4.3244	-4.9932	-2834.414	-5669.399	-9507.428	13244.729	-603826.4	2748881.1	-10674749.8	3098377.2	0.091494	345	102.134	5	3	114	1	401	1	904	1	1412	1	1603	 NEOPENTANOIC ACID           							
1267	8267	1123008	1.5134	4.6482	-6.2782	-3201.986	-6009.222	-14987.97	17780.754	-935698.1	4732932.1	-21243087.8	17172106.7	0.113273	378	128.172	6	4	209	1	222	1	306	1	904	1	1412	1	1603	 CYCLOPENTYLACETIC ACID      					
1645	246	74964	1.407	3.0111	-4.2189	-4265.928	-10802.185	16138.675	-7254.704	-769199.5	5065003.5	-13225377	6699119.4	0.057053	226	108.966	3	1	101	1	210	1	2702	 BROMOETHANE                 											
1650	681	106945	1.5282	3.8748	-5.1745	-4357.669	-12226.008	12982.905	-1858.053	-920395.4	5068289.4	-11799678.8	4861143.1	0.071696	250	122.993	4	1	101	1	201	1	210	1	2702	 1-BROMOPROPANE              									
1680	171	108861	1.5271	3.9264	-5.0996	-4640.443	-10854.553	-5691.754	16342.255	-1302669.1	4747881.4	-12221151.1	10273852.6	0.094105	285	157.011	3	5	501	1	603	1	2703	 BROMOBENZENE                											
1678	1323	108361	2.0158	4.7849	-6.2086	-5223.611	-16559.278	2800.166	13015.391	-1668898.1	5935394.2	-11688986.4	1592966.3	0.112182	353	235.907	3	4	501	2	603	2	2702	 m-DIBROMOBENZENE            											
1655	711	109659	1.7805	4.168	-5.5384	-4469.11	-13391.106	9738.145	2743.797	-1137641.9	5781182.7	-13313850.9	6649975.7	0.08625	273	137.02	4	1	101	2	201	1	210	1	2702	 1-BROMOBUTANE               									
8616	8616	110532	1.8701	4.9054	-6.5837	-4620.841	-13666.353	4309.145	8978.398	-1312273.6	6235996.3	-15787234.7	10659750.9	0.101083	294	151.047	4	1	101	3	201	1	210	1	2702	 n-PentylBromide             									
1667	1405	629049	2.371	6.162	-8.1362	-4849.776	-15691.639	-1991.64	17487.878	-1609510.8	6900859.8	-19880694.5	15498360.3	0.129591	333	179.1	4	1	101	5	201	1	210	1	2702	 1-BROMOHEPTANE              									
8622	8622	111831	2.4004	7.3832	-9.8924	-5408.632	-13767.002	-11023.137	25519.853	-1733977.6	7185604.4	-21925564.2	17826913.4	0.144494	350	193.127	4	1	101	6	201	1	210	1	2702	 n-OctylBromide              									
8624	8624	693583	2.6477	7.8134	-10.3733	-6011.171	-11578.331	-21574.396	35515.768	-1653261.8	4459031.3	-13281620.7	9663288.8	0.158918	367	207.154	4	1	101	7	201	1	210	1	2702	 n-NonylBromide									
1763	687	79469	1.4704	4.4	-5.7088	-3729.266	-9923.055	-694.199	10206.351	-833406.9	3185782.2	-8156326.7	4087456.7	0.080214	286	89.094	4	2	102	1	301	2	1607	1	2103	 2-NITROPROPANE              									
4880	1321	99547	2.2018	7.009	-8.1448	-4781.735	-12948.495	-27986.869	39419.263	-1918280.5	4456815.8	-25548170.4	32250045.3	0.125275	529	192.002	6	3	501	2	603	1	604	2	1608	1	2103	2	2401	 1,2-DICHLORO-4-NITROBE      					
4870	1320	97007	2.1836	8.5179	-9.5274	-6579.555	-10185.328	-75193.416	84830.312	-4147568	8398878.1	-76507695.9	91804826.1	0.134183	588	202.555	6	3	501	1	603	2	604	4	1608	2	2102	1	2401	 1-CHLORO-2,4-DINITROBE      					
2746	1322	99354	2.3569	9.8177	-11.5721	-5103.263	-6305.423	-78298.282	84464.41	-3567252.8	21348466.5	-153917600.6	207812889.3	0.144387	476	213.107	4	3	501	3	604	6	1608	3	2103	 1,3,5-TRINITROBENZENE       									
2747	1379	118967	2.406	9.9075	-10.5486	-5594.086	-1768.986	-100534.448	95573.382	-4855841.7	37235341.9	-273746253.3	344274340.4	0.158887	426	227.134	5	1	110	2	501	4	604	6	1608	3	2103	 2,4,6-TRINITROTOLUENE       							
4882	746	88733	1.6991	6.4775	-7.5727	-5401.014	-11096.103	-34976.787	44549.527	-2361012.7	6230305.4	-37962406	44777601.4	0.112209	395	157.557	6	4	501	1	603	1	604	2	1608	1	2102	1	2401	 o-CHLORONITROBENZENE        					
2882	745	121733	1.9565	5.7598	-6.981	-5671.966	-13022.663	-31467.569	44182.907	-2582349.8	5863845.8	-34068318	40123903.8	0.112081	410	157.557	6	4	501	1	603	1	604	2	1608	1	2102	1	2401	 m-CHLORONITROBENZENE        					
4883	747	100005	1.9618	5.7491	-6.9869	-5757.562	-12686.66	-32356.668	44474.595	-2937333.4	10874831.5	-44960868	42430586.5	0.112118	515	157.557	6	4	501	1	601	1	604	2	1608	1	2102	1	2401	 p-CHLORONITROBENZENE        					
4863	1378	98464	2.0563	6.9844	-8.178	-4587.465	-7785.334	-43053.514	44930.437	-2287232.2	9541325.9	-56602583	55517850	0.125256	300	191.111	7	1	402	4	501	1	601	1	604	2	1608	1	2103	3	2501	 3-NITROBENZOTRIFLUORID      			
2782	750	99092	1.7065	5.4633	-6.5639	-6649.625	-14024.059	-37142.884	50799.163	-3818015.2	13385213.9	-72794367.8	89291520	0.106975	439	138.127	5	4	501	2	604	2	1608	1	1901	1	2103	 m-NITROANILINE              							
2780	751	88744	1.7898	4.8411	-5.9039	-6498.032	-11589.932	-42789.719	53063.129	-3583829.2	8917838.3	-55712140.4	66389464.7	0.106895	418	138.127	5	4	501	2	604	2	1608	1	1901	1	2103	 o-NITROANILINE              							
2781	2781	100016	1.7001	5.5764	-6.7392	-6704.702	-15296.483	-33905.372	48393.047	-4363306.1	20168853.1	-90613140.1	98913807.5	0.106959	469	138.127	5	4	501	2	604	2	1608	1	1901	1	2103	 pNitroAniline               							
1891	799	91236	2.0066	7.7954	-9.29	-4092.281	-7786.591	-35066.406	41181.731	-1586130.2	5513146.4	-35079650.4	46097196.3	0.123859	546	153.139	8	1	106	3	501	1	503	1	602	1	604	1	1503	2	1608	1	2103	 o-NITROANISOLE              	
2738	1491	119755	2.1802	8.5621	-10.2001	-7478.408	-5798.124	-94144.942	95349.609	-5176548.1	28828775.1	-236323142.1	285998018.5	0.174262	462	215.234	5	9	501	3	604	2	1608	1	1901	1	2103	 o-NITRODIPHENYLAMINE        							
3705	3705	121824	1.9468	8.7895	-6.6887	-4890.581	3025.956	-81577.464	55766.031	-4520363.7	48405624.3	-298810787	347221836.9	0.196244	711	296.156	4	4	201	8	1608	4	2102	4	2103	 HMX-Octogen                 									
3727	3727	479458	2.047	14.9136	-15.5565	-5138.287	8999.065	-121783.086	100407.334	-4312337.6	45129536.5	-293140705.3	312550735	0.192264	650	287.147	6	1	110	2	501	4	604	8	1608	1	2101	4	2103	 Tetryl                      					
3704	3704	121824	2.3589	7.9205	-7.294	-4777.331	-1118.425	-75346.543	66663.773	-2922235.8	19328817.7	-144190193.1	172225595.9	0.149323	613	222.117	4	3	201	6	1608	3	2102	3	2103	 RDX-Hexogen									
2693	236	76164	1.5267	5.8564	-7.6553	-2088.049	-7170.952	6345.489	1085.275	-295021.8	1364646	-1148405.5	-9751210	0.059018	176	138.013	2	2	403	6	2505	 HEXAFLUOROETHANE            													
2652	671	76197	1.6352	7.8948	-8.9962	-2310.01	-7864.848	-1291.645	10887.835	-379599.6	869666	1948695.4	-14804758.5	0.080973	195	188.021	3	3	403	2	2504	6	2505	 OCTAFLUOROPROPANE           											
1622	693	355259	1.8514	8.5564	-8.3492	-2562.994	-7075.009	-12542.711	22991.838	-464837.4	235330.8	4925234.2	-19131836.5	0.102912	164	238.029	3	4	403	4	2504	6	2505	 DECAFLUOROBUTANE            											
2623	2623	678262	2.0287	9.837	-8.7875	-2793.968	-6378.222	-22873.362	33926.211	-574562	387079.7	3568317.2	-17509192.5	0.124857	180	288.037	3	5	403	6	2504	6	2505	 PerfluoroPentane            											
1623	1623	355420	2.5434	9.4439	-7.0922	-3068.301	-5134.826	-36395.378	47780.173	-707144.2	1250401.6	-4535849.7	-1892397.4	0.146622	202	338.045	2	6	403	14	2504	 PerfluoroHexane             													
2626	2626	335579	2.5366	11.9543	-9.2414	-3283.434	-4743.34	-43852.154	55720.147	-746750.1	897028.1	-5170056.7	-5249588	0.168408	225	388.053	3	7	403	10	2504	6	2505	 PerfluoroHeptane            											
1625	1625	307346	2.9675	11.396	-6.5916	-3627.009	-2926.396	-57516.25	69784.372	-1086609	3610838.1	-17180767.4	9789797	0.190226	286	438.061	3	8	403	12	2504	6	2505	 PerfluoroOctane             											
2654	692	115253	1.6101	7.5063	-8.7041	-2640.541	-5965.689	-13426.78	24586.527	-370290.6	-1012475.5	12478937.5	-29236457.2	0.091171	233	200.032	2	4	403	8	2503	 OCTAFLUOROCYCLOBUTANE	           												
702	191	90120	1.627	4.5789	-6.0384	-4204.26	-9323.665	-16619.651	24456.775	-1475626	6414138.9	-29713975.6	37338911.4	0.134908	380	142.202	4	1	104	7	501	2	601	1	605	 1-METHYLNAPHTHALENE         					
563	406	101815	1.9097	5.808	-7.6877	-4731.824	-8315.094	-27519.08	34338.716	-1569338.8	5143033.6	-27413717.3	31266847.7	0.157894	390	168.24	3	1	201	10	501	2	601	 DIPHENYLMETHANE             							
558	194	92524	1.8806	4.6534	-6.1496	-5054.278	-10347.562	-26910.489	35626.533	-2237130.6	10619415.6	-53081890.4	67694491	0.143906	390	154.213	2	10	501	2	605	 BIPHENYL                    									
1504	122	75014	1.291	2.7082	-3.9494	-3535.818	-8484.876	10070.62	-2661.066	-548967	3379403.2	-8867670.2	6290549.3	0.049538	194	62.499	3	1	701	1	806	1	2401	 VINYL CHLORIDE              							
1321	427	108054	1.6698	5.0273	-6.3275	-3573.544	-8718.923	-8069.977	14435.049	-918693.3	3904676.4	-15240343.5	16402256.7	0.082474	273	86.091	6	1	109	1	703	1	806	1	904	1	1510	1	1602	 VINYL ACETATE               	
1326	529	590012	1.977	7.8085	-10.7505	-3748.272	-11311.327	-7709.678	16959.301	-1082921	4564104.8	-16751662.9	13563780.1	0.124444	310	130.187	6	2	101	3	201	1	215	1	904	1	1502	1	1602	 n-BUTYL PROPIONATE          	
1814	1637	3877154	1.5867	4.43	-5.8819	-4093.437	-11296.807	2460.692	8563.468	-1003378.5	4275092.4	-9616242.8	4540706.4	0.085775	268	90.19	4	1	101	1	108	2	201	1	1701	 METHYL-n-PROPYL SULFIDE     					
1827	743	110667	1.765	4.6455	-6.2937	-4469.9	-12588	2187.335	10107.048	-1151053.8	4734218.7	-11520989.6	7418593.7	0.101257	299	104.217	3	1	101	4	201	1	1801	 n-PENTYL MERCAPTAN      							
