97	Tc	Pc	Zc	w	MW	solParm	LMV	nBpK	TmK	Hf(kJ/mol)	Gf	CAS#	tCod pCo vCo	Form        Name
 8646	702.9	2.451	0.226	0.718	174.2	9.3	160.30	513.8	27.2	-841.10	-596.80  123251 P 5 P 5 P 5	C8H14O4     DiEtSuccinate
 8648	779.8	2.046	0.197	0.994	234.3	9.7	204.30	593.1	33.5	-1117.8	-775.81	123522	P 5 P 5 P 5	C10H18O6     DiEtOSuccAteDiMe
 8649	857.1	1.558	0.173	1.358	322.4	9.5	279.40	682.2	37.8	-1461.6	-962.47	123522	P 5 P 5 P 5	C14H26O8     DiEtOSuccAteDi(EtOMe)
 8650	805.8	1.749	0.195	1.132	290.3	10.3	234.30	631.5	35.2	-1570.2	-1201.5	123522	P 5 P 5 P 5	C12H18O8     DiEtSuccAteDiAc
 8656	942.8	1.006	0.142	1.968	576.5	9.2	466.58	799.1	44.5	-2895.2	-2172.2	45114266	P 5 P 5 P 5	C3H4O2x8	   PLA8mer
 8636	1791	0.0127	0.0695	171	50012	9.2	39438	1786	409	-252090	-187171	45114265	P 5 P 5 P 5	C3H4O2x694	 PLA50K
 8658	762.0	3.05	0.21	0.749	144	11.5	144.0	597.0	80	-2855	1121	9002884	P 5 P 5 P 5	C10H12O     Tetralol(HydroxyTetralin)
 8660	581	2.68	0.288	0.796	146.2	86	86	434.6	215.4	-8686	-8686	623961	P 5 P 5 P 5	C7H12O3     	DiPropylCarbonate
 8661	643	2.013	0.236	0.622	174.2	86	86	478.5	-8686	-8686	-8686	542529	P 5 P 5 P 5	C9H18O3     	DiButylCarbonate
 8662	554.0	4.2	0.21	0.498	104.1   86	86	387.8	218.4	-8686	-8686	623530 P 5 P 5 P 5	C4H8O3     EtMeCarbonate
11002	1258.5	1.981	0.11	6.1	2000	7.5	2332	1197	80	-2855	1121	9002884	P 5 P 5 P 5	C2H4x??     pe002
11007	1533.7	0.557	0.09	22	7000	7.5	8433	1511	158	-10350	4092	9002884	P 5 P 5 P 5	C2H4x??     pe007
11038	1773.6	0.103	0.078	119.2	38000	7.5	45782	1769	379	-56236	22283	9002884	P 5 P 5 P 5	C2H4x??     pe038
11177	1889.5	0.022	0.073	555.2	177000	7.5	213244	1888	715	-261977	103844	9002884	P 5 P 5 P 5	C2H4x??     pe177        
11833	1947.7	0.005	0.071	2603.6	833000	7.5	1000007	1948	1118	-1228577	487030	9002884	P 5 P 5 P 5	C2H4x??     pe833
12004	1449.9	1.495	0.11	8.6	4000	8.5	3287	1393	113	2399	6591	9003707	P 5 P 5 P 5	C8H8x??     ps004
12010	1616.3	0.062	0.007	24.035	9990	8.5	10047	1590	233.7	4060	15500	9003707	P 5 P 5 P 5	C8H8x??     ps010
12025	1738.8	0.025	0.007	60.214	25028	8.5	25152	1727	371.1	10200	38800	9003707	P 5 P 5 P 5	C8H8x??     ps025
12050	1807.9	0.013	0.007	120.2	49951	8.5	50186	1802	506.1	20200	77500	9003707	P 5 P 5 P 5	C8H8x??     ps050
12097	1856.9	0.062	0.085	209.5	97000	8.5	91797	1854	558	58527	161834	9003707	P 5 P 5 P 5	C8H8x??     ps097
12290	1914.8	0.021	0.082	626.4	290000	8.5	274502	1914	827	174994	483967	9003707	P 5 P 5 P 5	C8H8x??     ps290        
13040	1769.8	0.112	0.076	109.8	40000	7.3	52619	1764	259	-70880	16838	9003274	P 5 P 5 P 5	C??H??O??   pib040
14006	1522.7	0.948	0.086	24.8	6000	8	4896	1493	147	-23368	-12708	25322683	P 5 P 5 P 5	C??H??O??   peo006
15500	1934.8	0.01	0.069	1946.1	500000	8	469300	1934	992	-1659062	-732820	75569	P 5 P 5 P 5	C??H??O??   ppo500       
16020	1687.1	0.288	0.071	57.6	20000	8.658	17720	1675	284	-81806	-50284	87210320	P 5 P 5 P 5	C5H8O2x200  pmma020
16040	1769.3	0.144	0.068	115.2	40047.1	8.7	35176.1	1763.2	397.5	-163622.4	-100553	87210320	P 5 P 5 P 5	C5H8O2x200  pmma020
17170	1881.8	0.035	0.076	560.9	170000	9	162543	1880	690	-818165	-573825	9003207	P 5 P 5 P 5	C??H??O??   pvAc170      
18067	1868.2	0.123	0.056	701.6	67000	11	54944	1867	605	-313447	-198651	9002895	P 5 P 5 P 5	C??H??O??   pvAlc067
19034	1747.5	0.216	0.089	74.5	34000	10	28342	1737	351	-45989	-12674	9002862	P 5 P 5 P 5	C??H??O??   pvc034
21150	1884.2	0.032	0.064	411	150000	8	156060	1883	666	80965	292584	9003172	P 5 P 5 P 5	C??H??      S(25)BR150   
22020	1694.4	0.207	0.081	59.6	20000	7.3	22174	1685	242	-31910	10391	9003070	P 5 P 5 P 5	C??H??      Et40CoPr020
22070	1826.1	0.059	0.075	208.6	70000	7.3	77617	1823	446	-111767	36423	9003070	P 5 P 5 P 5	C??H??      Et40CoPr070
22140	1874.4	0.03	0.073	417.2	140000	7.3	155221	1873	597	-223545	72861	9003070	P 5 P 5 P 5	C??H??      Et40CoPr140  
23040	1805.8	0.169	0.0763	112.9	39953	9.607	38333	1798	527	41633	86639	1337811	P 5 P 5 P 5	C7H7Nx380   oPvPyridine
23041	1805.8	0.169	0.0763	112.9	39953	10.35	37500	1798	527	41633	86639	1337811	P 5 P 5 P 5	C7H7Nx377   oPvPyridineFEK
23050	1824.5	0.135	0.0755	141.1	49941	9.607	47913	1818	578	52039	108303	1337811	P 5 P 5 P 5	C7H7Nx475   pPvPyridine
23051	1824.5	0.135	0.0755	141.1	49941	10.35	45000	1818	578	52039	108303	1337811	P 5 P 5 P 5	C7H7Nx472   pPvPyridineFEK
23065	1844.0	0.0104	0.0075	182.6	64661	9.6	62031	1839	638	67374	140228	1337811	P 5 P 5 P 5	C7H7Nx514   pPvPyridine065
24088	1847.4	0.064	0.0703	307.8	87991	8.485	74535	1845	632	-257435	-106094	6728263	P 5 P 5 P 5	C10H18O3x475pvButyral
24089	1847.4	0.064	0.0703	307.8	87991	9.14	64900	1845	632	-257435	-106094	6728263	P 5 P 5 P 5	C10H18O3x473pvButyralFEK
25001	799.0	0.567	0.018	1.360	741.5	6.9	781.5	687.0	26.5	-908	-175	123456	P 5 P 5 P 5	C2H6SiO     pdmso
26068	1821.9	0.0073	0.0074	225.6	67879	8.6	66637	1818	468	-233319	-116042	123456	P 5 P 5 P 5	C8H14O2x474 pBuMeAcry068
27064	1851.7	0.0094	0.0069	482.0	63310	8.7	60296	1850	552	-217274	-100149	123456	P 5 P 5 P 5	C4H8Ox878   pEt56VOh44_063
8003	754.7	5.3034	0.276	0.446	73.1	12.5	83.5	492.3	43.7	-259.1	-151.4	79050	P 5 P 5 P 5	C3H7NO      Propanamide
8004	766.6	4.46	0.257	0.49	87.1	12	99.1	511.6	44.2	-279.8	-143.1	541355	P 5 P 5 P 5	C4H9NO      Butanamide
8005	777.9	3.8447	0.243	0.534	101.1	11.6	114.6	530	44.7	-300.6	-134.9	626971	P 5 P 5 P 5	C5H11NO     Pentanamide
8006	788.9	3.3798	0.231	0.578	115.2	11.3	130.2	547.5	45.2	-321.4	-126.7	628024	P 5 P 5 P 5	C6H13NO     Hexanamide
8007	799.3	3.0153	0.222	0.622	129.2	11	145.7	564.2	45.7	-342.1	-118.4	628626	P 5 P 5 P 5	C7H15NO     Heptanamide
8008	670	2.0	0.21	0.645	224.23	8.331	170.81	498	216	-1244.7	-86	78400	P 7 P 7	P 7	C6H15O4P	TRIPROPYLPHOSPHATE
8011	735.7	3.023	0.238	0.766	150	10.5	161.3	542	29.1	-173.7	-0.6	628626	P 5 P 5 P 5	C10H15O     oEPEa
8012	735.7	3.023	0.238	0.766	150	10.5	161.3	542	29.1	-173.7	-0.6	628626	P 5 P 5 P 5	C10H15O     pEPEa
8013	1953.7	0.0004	0.006	3082.8	999986	8.4	1071799	1953.4	1155.5	-72582	1499944	628626	P 5 P 5 P 5	C5H10x14680	NatuRubber1000
8014	1953.7	0.0004	0.006	3082.8	99999	8.4	107180	1953.4	1155.5	-72582	1499944	628626	P 5 P 5 P 5	C5H10x14680	NatuRubber100
8021	654.0	3.7495	0.248	0.786	118.1	11.0	114.2	473.9	25.5	-626.	-461.	97643	P 5 P 5 P 5	C5H10O3	    ethyllactate
25841	1949.5	0.001	0.006	2592.4	840927	8.4	901320	1949.3	1111.1	-6.10E+04	1.26E+06	628626	P 5 P 5 P 5	C5H8x12345     NatuRubber841
11921	647.14	22.064	0.2292	0.344	18.015	23.375	18.07	373.15	273.15	-241.82	-228.77	7732185	P 5 P 5 P 5	H2O         WATER
11104	508.3	4.762	0.248	0.665	60.096	11.444	76.9	355.41	184.65	-272.4	-173.39	67630	P 5 P 5 P 5	C3H8O       ISOPROPANOL
1500	654.0	3.7495	0.248	0.786	118.1	11.0	114.2	473.9	25.5	-626.	-461.	97643	P 5 P 5 P 5	C5H10O3	    ethyllactate
8655	425.18	3.796	0.2739	0.1928	58.123	6.607	96.48	272.65	134.86	-125.79	-16.7	106978	XE1 XE1 XU3	C4H10	SwBUTANE(eok98&lam15)
27272	947.1	1.489	.0158	1.253	430.39	10.4	316.6	760.7	439.4	-1439.9	-1131.2	223437114	P 5 P 5 P 5	C11H20F6N2O4	MeBuPyrrTf2N	
4000	885.7	0.468	0.17	1.780	563.1	8.4	646.1	824.1	45.6	-870.05	281.89	4181957	P 5 P 5 P 5	C40H82	C40H82
6000	948.7	0.271	0.17	2.660	843.6	8.4	957.1	948.9	54.2	-1285.3	446.51	7667803	P 5 P 5 P 5	C60H122	C60H122
8000	978.9	0.177	0.0707	3.540	1124.2	8.4	1268.1	1036.8	61.6	-1700.6	611.13	7667881	P 5 P 5 P 5	C80H162	C80H162
15000	1120.8	0.0728	0.0522	6.620	2106.1	8.4	2356.6	1220.1	83.2	-3154.0	1187.3	98812283	P 5 P 5 P 5	C150H302	C150H302
30000	1300.0	0.029	0.0392	13.220	4210.1	8.4	4689.1	1399.0	119.4	-6268.4	2421.95	334918364	P 5 P 5 P 5	C300H602	C300H602
50000	1550.5	0.015	0.0310	22.020	7015.5	8.4	7799.1	1511.4	157.6	-10421.	4068.15	7667890	P 5 P 5 P 5	C500H1002	C500H1002
100000	1135.0	0.0037	0.0209	44.020	14028.9	8.5	15574.1	1637.0	229.3	-20802.	8183.65	4660	P 5 P 5 P 5	C1000H2002	C1000H2002
200000  1209.3	0.013	0.196	88.020	28055.8	8.5	31124.1	1734.0	327.1	-41565.	16414.6	9310			C2000	C2000
12343	1150.2	0.0001	0.0067	440.02	140271	8.5	155524	1875.2	657.0	-207669.5	82262.65	46500	P 5 P 5 P 5	C10000	C10000
12344	1959.6	0.00001	0.0024	4400.02	1402692	8.5	1555024	1959.5	1249.7	-2076339.0	823052.6	465000	P 5 P 5 P 5	C100000	C100000
12345	1987.08	0.00001	0.0008	44000.0	14026902	8.5	15550024.1	1987.1	1687.5	-20763040.0	8230952.6	4650000	P 5 P 5 P 5	C1000000	C1000000
3600	923.80	0.7141	0.1530	1.604	507.0	8.4	583.9	791.9	43.6	-787.001	248.966	16416345	P 5 P 5 P 5	C36H74	n-HexatriaContane
4800	996.27	0.5467	0.1411	2.132	675.3	8.4	770.5	880.1	49.2	-1036.157	347.738	7098262	P 5 P 5 P 5	C48H98	n-octatetracontane
8625	639	4.66	0.2544	0.7025	102.133	11.21	97.43	451.15	-86	-369.2	-216	97994	P 5 P 5 P 5	C5H10O3     LiraDioxolaneMeOhMe
8626	560.7	3.738	0.318	0.386	87.2	8.5	112.9	377.4	23.5	-119.0	48.6	616240	P 5 P 5 P 5	C5H13N	3AminoPentane
8628	810.32	1.351	0.1814	1.037	298.4	304.37	17.63	642.31	35.93	-822.73	-295.5	1126291	P 5 P 5 P 5	C19H36O2	OleateMeEpoxy
8629	810.65	1.29	0.18	1.01	296.5	17.82	321.48	644.36	484.68	-627.54	-110.12	112629	P 5 P 5 P 8	C19H36O2	 MethylOleate
8630	711.34	3.09	0.22	0.62	160.0	19.39	139.83	500.07	371.05	-708.43	-477.04	86308630	P 5 P 5 P 7	C7H12O4	 MethylRhamnoate
8631	841.97	1.89	0.18	1.39	276.3	21.13	235.36	668.19	510.4	-1410.6	-1016.6	77930	P 5 P 5 P 6	C12H20O7	TriethylCitrate 
8632	451	4.62	0.36	0.25	72.1	68.9	18.91	291	19	-352.42	-284.51	45114261	P 5 P 5 P 5	C3H4O2	 PLA1mer
8633	603	3.11	0.25	0.49	144.1	125.7	18.90	423	26	-715.68	-554.18	45114262	P 5 P 5 P 5	C3H4O2x2	 PLA2mer
8634	771	1.84	0.18	0.98	288.3	239.3	18.90	596	34	-1442.2	-1093.5	45114263	P 5 P 5 P 5	C3H4O2x4	 PLA4mer
8635	1715	0.0254	0.0727	85	25006	19725	18.90	1706	293	-126040	-93593	45114264	P 5 P 5 P 5	C3H4O2x347	 PLA25K
8637	1848	0.0064	0.0673	341	100025	78864	18.90	1846	553	-504191	-374327	45114266	P 5 P 5 P 5	C3H4O2x1388	 PLA100K
8638	609	3.06	0.25	0.46	144.1	125.7	18.90	469	393	-715.68	-554.18	4511426	P 5 P 5 P 5	C6H8O4	DiLactideRing
8639	687.64	50.86	0.241	0.9170	102.1	13.0	102.77	504.7	306	-421.83	-267.61	5057987	P 5 P 5 P 5	C5H10O2	CycloPentaneDiol-12
 8640	820.75	1.29	0.18	1.08	312.5	17.95	320.69	655.17	497.81	-826.07	-277.42	1126291	P 5 P 5 P 5	C19H36O     EpoxidizedMethylSoyate
 8641	676.9	2.866	0.241	0.620	144.2	9.6	140.60	484.4	28.1	-618.2	-428.9	539888  P 5 P 5 P 5	C7H12O3     EtLevulinate	
 8642	740.7	2.250	0.201	0.737	202.3	8.8	186.41	545.1	29.9	-787.8	-462.5	5398881 P 5 P 5 P 5	C10H18O4    EtLevulinatePGKetalb	
 8643	776.1	2.325	0.195	1.140	204.3	10.3	200.71	600.3	33.8	-787.9	-463.1	5398882 P 5 P 5 P 5	C10H20O4    EtLevulinatePGKetal
 8644	810.8	1.996	0.180	1.209	246.3	10.1	223.96	634.5	34.9	-985.53	-588.39	6526751 P 5 P 5 P 5	C10H14O6    BuOhLevulinatePrGlyKetal
 8645	733.4	2.207	0.210	0.802	230.2	10.0	180.34	547.5	31.0	-1085.9	-775.79 6526751 P 5 P 5 P 5	C10H14O6    IsosorbideDiAcetyl
 8647	749.9	2.075	0.232	0.604	197.3	8.9	219.05	556.8	30.8	-295.74	  43.36	2687947 P 5 P 5 P 5	C12H23NO    nOctylPyrrolidone
 8652	950.3	0.648	0.148	1.780	563.1	8.4     646.10	824.1	45.6	-870.05   281.9	629947 P 5 P 5 P 5	C40H82      n-tetracontane
 8653	1124.9	0.336	0.124	3.540   1124.2	8.4     1268.1	1036.8	61.6   -1700.57   611.1	629948 P 5 P 5 P 5	C80H162     n-octacontane
 8654	1345.0	0.138	0.103	8.820	2807.40	8.4	3134.10	1297.8	96.4	-4192.1	1598.9	629949 P 5 P 5 P 5	C200H402    n-C200
