  249	 4 id:dip,cc, 	Cas	  zRef1	          zRef2	          zRef3	             a11 	     a12 	     a13   	       a14   	     a21  	      a22 	      a23	       a24	   vEffNm3	tMinK	    Mw  	 nTypes ndType1	iTyp1..	name 
 1405	 1680	    1634044	  1.4341	  5.2493	 -6.3635	   3175.540	  -6800.572	 -13868.386	       .000	   -715929.2	   2653559.3	  -4023759.1	   2081425.4	  .0957190	    0.	   88.150	   4	   3	 103	   1	 106	   1	 401	   1	1501	 METHYL tert-BUTYL ETHER               	
 1427	 6533	     994058	  1.5825	  5.3954	 -6.4066	   3216.219	  -6976.066	 -15930.844	       .000	   -813647.7	   2472737.6	  -2936763.3	   1273975.3	  .1098750	    0.	  102.177	   6	   1	 101	   2	 103	   1	 106	   1	 201	   1	 401	   1	1501	 METHYL tert-PENTYL ETHER              	
 1103	 5514	      71238	  1.3125	  3.1342	 -4.5276	   2805.898	  -6694.037	 -10229.421	       .000	   -577528.4	   2593763.0	  -4407402.9	   2387700.6	  .0611510	  255.	   60.096	   4	   1	 101	   1	 201	   1	 203	   1	1403	 1-PROPANOL                            	
 1105	 5520	      71363	  1.4979	  3.6584	 -5.2037	   3887.388	  -7989.126	 -13044.006	       .000	   -785626.8	   3332351.8	  -5286362.6	   2735111.0	  .0759350	  254.	   74.123	   4	   1	 101	   2	 201	   1	 203	   1	1403	 1-BUTANOL                             	
 1109	 5521	      71410	  1.5668	  4.5560	 -6.1682	   4771.156	  -9073.536	 -15661.101	       .000	   -949126.4	   3681470.5	  -5367789.4	   2631082.2	  .0901720	  278.	   88.150	   4	   1	 101	   3	 201	   1	 203	   1	1403	 1-PENTANOL                            	
 1114	  742	     111273	  1.7966	  5.2991	 -7.2962	   5793.382	 -10252.584	 -18298.499	       .000	  -1101598.3	   4013417.6	  -5593111.3	   2676348.7	  .1050280	  290.	  102.177	   4	   1	 101	   4	 201	   1	 203	   1	1403	 1-HEXANOL                             	
 1125	  770	     111706	  1.9289	  6.2018	 -8.4966	   6712.771	 -11359.648	 -20829.011	       .000	  -1350377.3	   4850488.0	  -6782962.4	   3276709.3	  .1191820	  290.	  116.204	   4	   1	 101	   5	 201	   1	 203	   1	1403	 1-HEPTANOL                            	
 1132	  792	     111875	  2.1552	  6.6643	 -9.0890	   7244.475	 -12160.659	 -22965.616	       .000	  -1475350.3	   5063622.5	  -6899668.8	   3303726.7	  .1336710	  294.	  130.231	   4	   1	 101	   6	 201	   1	 203	   1	1403	 1-OCTANOL                             	
 1134	 1376	     143088	  2.3318	  7.4290	 -9.9556	   7361.629	 -12615.344	 -24750.593	       .000	  -1614312.3	   5267866.7	  -6800325.6	   3139004.4	  .1481330	  301.	  144.257	   4	   1	 101	   7	 201	   1	 203	   1	1403	 1-NONANOL                             	
 1136	  863	     112301	  2.5006	  8.4579	-11.3290	   7806.684	 -13379.357	 -26772.680	       .000	  -1708733.0	   5011683.1	  -5714743.2	   2405172.8	  .1625650	  301.	  158.284	   4	   1	 101	   8	 201	   1	 203	   1	1403	 1-DECANOL                             	
 1137	  877	     112425	  2.8226	  8.6951	-11.7002	   7686.063	 -13458.338	 -27931.719	       .000	  -1798327.6	   5136430.3	  -5581494.9	   2234618.4	  .1770200	  365.	  172.311	   3	   1	 101	  10	 201	   1	1403	 1-UNDECANOL                           	
 1140	  884	     112538	  2.9519	  9.6152	-12.6768	   7759.103	 -14074.142	 -30051.009	       .000	  -1979535.5	   5371575.4	  -5444584.0	   2044734.1	  .1913610	  410.	  186.338	   4	   1	 101	  10	 201	   1	 203	   1	1403	 1-DODECANOL                           	
 1145	 1415	    1454859	  3.9941	 13.4315	-17.3998	   7200.157	 -15427.409	 -37905.724	       .000	  -3054037.3	   8434939.6	  -8769137.4	   3380285.5	  .2633560	  410.	  256.473	   4	   1	 101	  15	 201	   1	 203	   1	1403	 1-HEPTADECANOL                        	
 1146	  915	     112925	  4.1805	 14.1632	-18.2062	   7226.475	 -15834.050	 -39568.748	       .000	  -3389991.8	   9924162.9	 -11145145.8	   4595712.0	  .2776940	  470.	  270.500	   4	   1	 101	  16	 201	   1	 203	   1	1403	 1-OCTADECANOL                         	
 1148	 8117	     629969	  4.5191	 16.1204	-20.5734	   6708.133	 -16129.684	 -42499.001	       .000	  -3774418.3	  10354282.8	 -10376550.4	   3781022.6	  .3062480	  470.	  298.553	   4	   1	 101	  18	 201	   1	 203	   1	1403	 1-EICOSANOL                           	
 1104	 5352	      67630	  1.1849	  2.8103	 -4.3254	   2219.827	  -6053.672	  -9971.053	       .000	   -636503.8	   2722502.8	  -5043692.4	   2950397.2	  .0651150	  275.	   60.096	   3	   2	 101	   1	 303	   1	1404	 ISOPROPANOL                           	
 1107	 5898	      78922	  1.3261	  3.6205	 -5.1674	   3211.626	  -7258.308	 -12617.018	       .000	   -819401.3	   3371959.3	  -5819996.2	   3260200.0	  .0795050	  270.	   74.123	   5	   1	 101	   1	 101	   1	 201	   1	 303	   1	1404	 2-BUTANOL                             	
 1110	 4625	    6032297	  1.5213	  4.6516	 -6.3166	   4353.307	  -8646.329	 -15459.468	       .000	   -972706.1	   3718258.1	  -5963939.3	   3210282.5	  .0932110	  280.	   88.150	   5	   1	 101	   1	 101	   2	 201	   1	 303	   1	1404	 2-PENTANOL                            	
 1115	 5042	     626937	  1.7616	  4.9973	 -6.9725	   5404.397	  -9849.492	 -18084.938	       .000	  -1163105.8	   4136478.0	  -6118601.2	   3137598.4	  .1080780	  315.	  102.177	   5	   1	 101	   1	 101	   3	 201	   1	 303	   1	1404	 2-HEXANOL                             	
 1126	 4092	     543497	  1.9279	  6.0846	 -8.1808	   6688.979	 -11335.106	 -21008.717	       .000	  -1388421.6	   5103420.8	  -7853752.7	   4129286.6	  .1218050	  300.	  116.204	   5	   1	 101	   1	 101	   4	 201	   1	 303	   1	1404	 2-HEPTANOL                            	
 1133	 1125	     123966	  2.1001	  6.6912	 -9.3104	   7537.558	 -12304.011	 -23286.837	       .000	  -1441956.7	   4430312.4	  -6138133.1	   3137372.4	  .1371840	  320.	  130.231	   5	   1	 101	   1	 101	   5	 201	   1	 303	   1	1404	 2-OCTANOL                             	
 1135	 5107	     628999	  2.4961	  7.0850	 -9.2208	   9064.117	 -14060.978	 -26607.469	       .000	  -1662940.1	   5413527.8	  -8199697.6	   4432855.5	  .1497330	  320.	  144.258	   5	   1	 101	   1	 101	   6	 201	   1	 303	   1	1404	 2-NONANOL                             	
 1120	 4360	     584021	  1.5802	  4.4016	 -5.7314	   4364.919	  -8618.750	 -15418.015	       .000	   -959086.1	   3568464.0	  -5574066.2	   2957293.4	  .0927780	  245.	   88.150	   4	   2	 101	   2	 201	   1	 303	   1	1404	 3-PENTANOL                            	
 1116	 4923	     623370	  1.7483	  4.9424	 -6.6167	   5219.090	  -9631.219	 -17795.442	       .000	  -1125960.2	   3976944.1	  -5824132.8	   2966622.9	  .1076620	  293.	  102.177	   4	   2	 101	   3	 201	   1	 303	   1	1404	 3-HEXANOL                             	
 1106	 5892	      78831	  1.3467	  3.5362	 -4.9795	   3514.640	  -7383.286	 -12009.429	       .000	   -685645.2	   2878902.8	  -4688699.4	   2491225.1	  .0784800	  260.	   74.123	   4	   2	 102	   1	 203	   1	 301	   1	1403	 2-METHYL-1-PROPANOL                   	
 1112	 1282	     137326	  1.4794	  4.1102	 -5.5619	   4204.163	  -8303.159	 -14752.992	       .000	   -924733.9	   3812819.9	  -5942376.7	   3049252.2	  .0929060	  250.	   88.150	   6	   1	 101	   1	 102	   1	 201	   1	 203	   1	 301	   1	1403	 2-METHYL-1-BUTANOL                    	
 1123	 7815	     123513	  1.4682	  4.0798	 -5.5652	   4261.628	  -8330.780	 -14629.663	       .000	   -863987.8	   3383602.8	  -5136883.6	   2612623.5	  .0929190	  305.	   88.150	   5	   2	 102	   1	 201	   1	 203	   1	 301	   1	1403	 3-METHYL-1-BUTANOL                    	
 1121	  377	     104767	  1.8915	  6.7053	 -8.8313	   6709.529	 -11214.498	 -22351.399	       .000	  -1283389.7	   3391747.7	  -2759103.0	    646910.0	  .1362660	  345.	  130.231	   5	   2	 101	   4	 201	   1	 203	   1	 301	   1	1403	 2-ETHYL-1-HEXANOL                     	
 1151	  614	     108930	  1.1766	  3.1865	 -4.7744	   3387.680	  -7237.162	 -13688.837	       .000	   -905861.6	   3448172.0	  -5035490.6	   2487632.9	  .0988530	  340.	  100.161	   3	   5	 209	   1	 306	   1	1408	 CYCLOHEXANOL                          	
 1124	 4583	     598754	  1.4403	  3.6650	 -5.1406	   3611.233	  -7629.934	 -13946.547	       .000	   -900661.4	   3504223.6	  -5785254.0	   3173521.7	  .0962690	  300.	   88.150	   4	   3	 102	   1	 301	   1	 303	   1	1404	 3-METHYL-2-BUTANOL                    	
 1130	  567	     108112	  1.5003	  4.8968	 -6.6489	   4552.112	  -8735.885	 -16556.915	       .000	  -1006331.6	   3486420.6	  -5211393.0	   2723436.9	  .1110320	  295.	  102.177	   5	   3	 102	   1	 201	   1	 301	   1	 303	   1	1404	 4-METHYL-2-PENTANOL                   	
 1108	 5673	      75650	  1.3710	  3.7892	 -4.5433	   3318.065	  -6710.656	 -10515.797	       .000	   -497202.6	   2249530.5	  -3983377.3	   2226866.1	  .0789650	  295.	   74.123	   3	   3	 103	   1	 401	   1	1405	 2-METHYL-2-PROPANOL                   	
 1111	 5690	      75854	  1.4675	  4.3166	 -5.0930	   3606.456	  -7215.347	 -12984.115	       .000	   -694861.6	   2846243.6	  -4468564.9	   2312568.6	  .0929980	  290.	   88.150	   5	   1	 101	   2	 103	   1	 201	   1	 401	   1	1405	 2-METHYL-2-BUTANOL                    	
 1221	 7786	     107880	  1.4739	  4.1412	 -5.8106	   3864.544	  -8117.769	 -15680.675	       .000	  -1034434.9	   3704287.6	  -5586272.6	   2909068.1	  .0847870	  405.	   90.122	   6	   1	 102	   1	 201	   1	 203	   1	 303	   1	1403	   1	1404	 1,3-BUTANEDIOL                        	
 2862	  776	     111762	  2.1804	  6.1107	 -8.5483	   6312.074	 -10946.248	 -21093.550	       .000	  -1257811.9	   4035738.0	  -5516214.5	   2730504.1	  .1131340	  405.	  118.176	   5	   1	 101	   4	 201	   1	 203	   1	1403	   1	1501	 2-BUTOXYETHANOL                       	
 1202	 7181	     111466	  1.9973	  5.5634	 -7.7592	   5856.472	 -10866.814	 -21345.137	       .000	  -1468711.6	   5426724.9	  -7641879.4	   3677180.4	  .0895210	  405.	  106.122	   3	   4	 203	   2	1403	   1	1501	 DIETHYLENE GLYCOL                     	
 1212	 3802	     504632	  1.4095	  3.7062	 -5.2003	   3711.085	  -7969.656	 -14203.090	       .000	   -860281.8	   3284781.4	  -4538811.6	   2110853.4	  .0662900	  415.	   76.095	   3	   1	 201	   2	 203	   2	1403	 1,3-PROPYLENE GLYCOL                  	
 1003	 1108	     123386	  1.3558	  2.9425	 -4.3032	   3133.736	  -7360.564	 -11224.119	       .000	   -746909.2	   3491805.0	  -5911836.7	   3162489.9	  .0618040	  235.	   58.080	   4	   1	 101	   1	 217	   1	 805	   1	1606	 PROPANAL                              	
 1005	 1115	     123728	  1.5077	  3.6519	 -5.1545	   4212.383	  -8610.307	 -13916.815	       .000	   -864424.5	   3544155.4	  -5380290.3	   2695989.8	  .0770930	  331.	   72.107	   5	   1	 101	   1	 201	   1	 217	   1	 805	   1	1606	 BUTANAL                               	
  204	  478	     106989	  1.3371	  3.0432	 -4.3485	   2821.278	  -6540.086	  -8809.137	       .000	   -485799.1	   2475506.0	  -4497563.8	   2504109.2	  .0663260	  255.	   56.108	   4	   1	 101	   1	 201	   1	 701	   1	 801	 1-BUTENE                              	
  209	  644	     109671	  1.5255	  3.5735	 -5.0151	   4178.570	  -8216.028	 -11714.447	       .000	   -717856.8	   3566573.6	  -6310121.0	   3455993.8	  .0809140	  266.	   70.135	   5	   1	 101	   1	 201	   1	 204	   1	 701	   1	 801	 1-PENTENE                             	
  216	 4477	     592416	  1.6188	  4.6094	 -6.3769	   5152.927	  -9399.824	 -14473.478	       .000	   -881123.7	   3902610.7	  -6234020.1	   3207209.2	  .0954260	  213.	   84.162	   5	   1	 101	   2	 201	   1	 204	   1	 701	   1	 801	 1-HEXENE                              	
  234	 4485	     592767	  1.8081	  5.2659	 -7.3184	   6098.720	 -10533.120	 -17106.408	       .000	  -1004989.2	   3921857.4	  -5547194.9	   2625792.4	  .1099300	  268.	   98.189	   5	   1	 101	   3	 201	   1	 204	   1	 701	   1	 801	 1-HEPTENE                             	
  250	  766	     111660	  1.9926	  6.0676	 -8.4789	   7242.667	 -11829.014	 -19846.758	       .000	  -1165395.8	   4289267.2	  -5884694.7	   2755787.2	  .1244150	  274.	  112.216	   5	   1	 101	   4	 201	   1	 204	   1	 701	   1	 801	 1-OCTENE                              	
  205	 4428	     590181	  1.4983	  3.1359	 -4.6691	   3248.258	  -6950.244	 -10109.725	       .000	   -546389.6	   2634184.5	  -4475900.3	   2384860.6	  .0676410	  220.	   56.108	   2	   2	 122	   2	 801	 cis-2-BUTENE                          	
  206	 4954	     624646	  1.5330	  2.9294	 -4.4164	   3180.010	  -6885.896	 -10050.860	       .000	   -573318.0	   2759179.7	  -4636952.3	   2447566.5	  .0676730	  193.	   56.108	   2	   2	 122	   2	 801	 trans-2-BUTENE                        	
  207	13156	     115117	  1.2994	  3.0943	 -4.2688	   2871.676	  -6458.155	  -8929.758	       .000	   -477610.3	   2401135.0	  -4319413.1	   2392452.4	  .0678080	  205.	   56.108	   3	   2	 102	   1	 701	   1	 901	 ISOBUTENE                             	
  223	 5400	     691372	  1.5151	  4.1654	 -5.7472	   4791.506	  -8817.292	 -13765.937	       .000	   -810743.4	   3654085.9	  -6008569.4	   3159854.8	  .0981030	  240.	   84.162	   5	   2	 102	   1	 204	   1	 301	   1	 701	   1	 801	 4-METHYL-1-PENTENE                    	
  403	  481	     107006	  1.3091	  3.1259	 -4.6646	   2691.196	  -6258.824	 -10228.733	       .000	   -579250.5	   2550212.3	  -4164858.2	   2190722.3	  .0628230	  211.	   54.092	   4	   1	 101	   1	 207	   1	1101	   1	1201	 ETHYLACETYLENE                        	
  405	 5056	     627190	  1.5060	  3.6195	 -5.2435	   3550.593	  -7338.917	 -12758.528	       .000	   -720213.6	   2802258.8	  -4065317.6	   1980248.8	  .0775120	  240.	   68.119	   5	   1	 101	   1	 201	   1	 207	   1	1101	   1	1201	 1-PENTYNE                             	
 1719	 5650	      75310	  1.1007	  3.1809	 -4.5602	   2278.543	  -5908.859	  -9902.819	       .000	   -593892.9	   2524148.6	  -4261750.5	   2327126.6	  .0667650	  225.	   59.112	   3	   2	 102	   1	 311	   1	1904	 ISOPROPYLAMINE                        	
 1710	  660	     109897	  1.5102	  4.0897	 -5.5774	   4091.761	  -8204.761	 -13591.189	       .000	   -848321.7	   3665680.5	  -5791495.8	   2968953.4	  .0809020	  248.	   73.138	   3	   2	 101	   2	 211	   1	2001	 DIETHYLAMINE                          	
 1707	 1368	     142847	  1.9112	  5.4605	 -7.6675	   5949.836	 -10403.302	 -18571.395	       .000	  -1093902.0	   3643683.1	  -4440068.0	   1886710.2	  .1099510	  248.	  101.192	   4	   2	 101	   2	 201	   2	 211	   1	2001	 DI-n-PROPYLAMINE                      	
 1744	  799	     111922	  2.2885	  6.8804	 -9.3833	   7182.738	 -12166.784	 -22879.831	       .000	  -1380195.1	   4043466.1	  -4559825.9	   1892125.4	  .1388530	  271.	  129.246	   4	   2	 101	   4	 201	   2	 211	   1	2001	 DI-n-BUTYLAMINE                       	
 1711	  494	     107108	  1.2856	  3.2389	 -4.4167	   3216.073	  -7449.660	 -10808.481	       .000	   -691725.2	   3329252.7	  -5902470.2	   3259257.6	  .0630900	  224.	   59.111	   4	   1	 101	   1	 201	   1	 211	   1	1901	 n-PROPYLAMINE                         	
 1712	  647	     109739	  1.4633	  3.8010	 -5.2093	   4289.041	  -8711.620	 -13586.764	       .000	   -911686.8	   4136853.1	  -6895955.6	   3664334.6	  .0778030	  239.	   73.138	   4	   1	 101	   2	 201	   1	 211	   1	1901	 n-BUTYLAMINE                          	
 2708	  788	     111864	  2.1868	  7.1022	 -9.6450	   8273.745	 -13511.796	 -24028.584	       .000	  -1545613.5	   5352688.8	  -7320482.6	   3504942.8	  .1354460	  298.	  129.246	   4	   1	 101	   6	 201	   1	 211	   1	1901	 n-OCTYLAMINE                          	
  804	 1022	     120127	  1.9748	  4.1929	 -5.6860	   7806.184	 -13528.636	 -31781.225	       .000	  -2612863.5	   2195274.4	   7288238.4	  -6864239.2	  .1604620	  489.	  178.236	   2	  10	 501	   4	 605	 ANTHRACENE                            	
  501	 5523	      71432	  1.3628	  2.8002	  -.8613	   4743.586	  -9294.520	 -14300.422	       .000	  -1033364.6	   4826703.5	  -8138849.9	   4337943.9	  .0732870	  279.	   78.115	   1	   6	 501	 BENZENE                               	
  516	  598	     108678	  1.9587	  5.2486	 -6.8085	   7894.011	 -12807.574	 -22311.045	       .000	  -1483036.0	   5095766.8	  -6357323.1	   2740194.5	  .1248510	  351.	  120.196	   3	   3	 104	   3	 501	   3	 601	 MESITYLENE                            	
  504	  205	     100414	  1.8488	  4.0901	 -3.8336	   6842.137	 -11711.244	 -19975.287	       .000	  -1373660.5	   5345675.5	  -7356132.4	   3378249.0	  .1022810	  309.	  106.168	   4	   1	 101	   1	 208	   5	 501	   1	 601	 ETHYLBENZENE                          	
  510	 6510	      98828	  1.5554	  4.7663	 -6.2661	   5782.803	 -10209.249	 -19776.697	       .000	  -1322063.3	   4099953.5	  -4359938.1	   1577504.2	  .1249110	  316.	  120.196	   4	   2	 102	   1	 301	   5	 501	   1	 601	 CUMENE                                	
  502	  610	     108883	  1.4604	  3.2809	 -4.2384	   5131.002	  -9759.455	 -16311.295	       .000	  -1139046.0	   4520445.8	  -6774459.4	   3387076.7	  .0921510	  281.	   92.142	   3	   1	 104	   5	 501	   1	 601	 TOLUENE                               	
  518	  366	     104518	  2.2260	  5.9491	 -5.8747	   8668.134	 -13852.778	 -25503.269	       .000	  -1691458.9	   5689732.3	  -6834466.0	   2832366.3	  .1288980	  330.	  134.222	   5	   1	 101	   2	 201	   1	 208	   5	 501	   1	 601	 n-BUTYLBENZENE                        	
  509	  343	     103651	  1.7433	  4.3740	 -5.7201	   5904.998	 -10690.422	 -20517.485	       .000	  -1374611.0	   4077317.8	  -3984812.3	   1280657.6	  .1210100	  319.	  120.195	   5	   1	 101	   1	 201	   1	 208	   5	 501	   1	 601	 n-PROPYLBENZENE                       	
  558	 8206	      92524	  1.8806	  4.6534	 -6.1496	   7677.703	 -12969.693	 -28098.441	       .000	  -2074505.3	   4074750.9	   -688028.6	  -1312203.4	  .1439060	  390.	  154.213	   2	  10	 501	   2	 605	 BIPHENYL                              	
  563	  281	     101815	  1.9097	  5.8080	 -7.6877	   7162.265	 -12420.131	 -28121.582	       .000	  -2007798.9	   3831730.3	  -1321194.9	   -510409.4	  .1578940	  390.	  168.240	   3	   1	 201	  10	 501	   2	 601	 DIPHENYLMETHANE                       	
  701	 6215	      91203	  1.8417	  3.5083	 -2.7318	   6895.460	 -12378.715	 -24774.302	       .000	  -1954447.7	   5769080.7	  -4915363.3	   1099796.1	  .1122500	  393.	  128.175	   2	   8	 501	   2	 605	 NAPHTHALENE                           	
  702	 7426	      90120	  1.6270	  4.5789	 -6.0384	   6916.383	 -11890.283	 -24565.212	       .000	  -1827657.0	   4211362.5	  -2054688.3	   -330536.3	  .1349080	  380.	  142.202	   4	   1	 104	   7	 501	   2	 601	   1	 605	 1-METHYLNAPHTHALENE                   	
  703	 6223	      91576	  1.6562	  4.5040	 -5.9591	   7519.916	 -12743.633	 -25488.675	       .000	  -1973968.5	   4807047.6	  -3290454.6	    453307.0	  .1356960	  380.	  142.202	   5	   1	 112	   5	 501	   2	 504	   2	 605	   1	 901	 2-METHYLNAPHTHALENE                   	
  805	 6052	      85018	  1.8112	  4.5908	 -6.1618	   7229.650	 -12766.016	 -31032.485	       .000	  -2358725.8	    535254.3	  10579509.6	  -8742116.9	  .1603440	  403.	  178.236	   2	  10	 501	   4	 605	 PHENANTHRENE                          	
  520	 1264	     135988	  1.6814	  5.2869	 -6.9025	   5678.240	 -10317.001	 -22871.923	       .000	  -1549980.3	   3753422.8	  -2524755.1	    320397.5	  .1390870	  335.	  136.238	   6	   1	 101	   1	 102	   1	 201	   1	 307	   5	 501	   1	 701	 sec-BUTYLBENZENE                      	
  706	 1010	     119642	  1.3135	  4.0654	 -5.3916	   5306.429	 -10227.450	 -21916.560	       .000	  -1769471.3	   4462171.6	  -3144226.7	    449122.0	  .1269000	  350.	  132.206	   3	   4	 209	   4	 501	   2	 605	 1,2,3,4-TETRAHYDRONAPHTHALEN          	
  506	  583	     108383	  2.0023	  4.6684	 -3.8844	   7720.964	 -12656.458	 -21090.290	       .000	  -1360622.0	   5554257.9	  -8249975.9	   4049752.5	  .1046180	  309.	  106.169	   3	   2	 104	   4	 501	   2	 601	 m-XYLENE                              	
  505	 6414	      95476	  1.3627	  4.2366	 -5.5808	   5038.881	  -9704.796	 -18586.570	       .000	  -1398989.9	   5196112.9	  -7185936.8	   3382570.7	  .1086580	  315.	  106.169	   3	   2	 112	   4	 501	   2	 601	 o-XYLENE                              	
  507	  445	     106423	  1.6436	  4.2533	 -5.5927	   6400.762	 -11242.029	 -19237.620	       .000	  -1360167.8	   5018423.0	  -7027748.5	   3361880.2	  .1092050	  308.	  106.169	   3	   2	 104	   4	 501	   2	 601	 p-XYLENE                              	
   44	 4535	     594821	   .4866	 11.7214	-16.4138	   3139.125	  -7044.312	 -16571.658	       .000	   -923250.0	   3135330.8	  -4275977.3	   2057024.1	  .1322860	  400.	  114.232	   2	   6	 103	   2	 401	 2,2,3,3-TETRAMETHYLBUTANE             	
   51	 5530	    7154792	  1.3911	  5.6901	 -6.6579	   3158.478	  -7123.879	 -18140.975	       .000	   -968533.7	   2340605.1	  -1574383.7	    199099.4	  .1465570	  320.	  128.259	   4	   1	 101	   5	 103	   1	 201	   2	 401	 2,2,3,3-TETRAMETHYLPENTANE            	
   25	 3639	     464062	  1.4472	  4.0786	 -4.6471	   3925.202	  -7846.586	 -15331.433	       .000	   -882320.1	   3335196.9	  -4690414.4	   2232891.8	  .1177030	  280.	  100.205	   4	   2	 102	   3	 103	   1	 301	   1	 401	 2,2,3-TRIMETHYLBUTANE                 	
   53	  493	    1070877	  1.6903	  5.6243	 -6.0311	   5808.996	  -9801.416	 -19933.520	       .000	  -1093201.1	   3616632.1	  -4422630.0	   1893363.1	  .1452610	  280.	  128.259	   3	   6	 103	   1	 201	   2	 401	 2,2,4,4-TETRAMETHYLPENTANE            	
   41	 4049	     540841	  1.5664	  5.0687	 -6.3724	   5213.965	  -9234.295	 -17708.203	       .000	   -983073.5	   3316378.0	  -4101519.2	   1764011.8	  .1326360	  250.	  114.232	   5	   2	 102	   3	 103	   1	 201	   1	 301	   1	 401	 2,2,4-TRIMETHYLPENTANE                	
   58	  502	    1071814	  1.9852	  7.2719	 -8.3553	   7589.572	 -11670.269	 -23024.285	       .000	  -1204641.4	   3808201.3	  -4397464.0	   1788251.7	  .1604810	  290.	  142.286	   3	   6	 103	   2	 201	   2	 401	 2,2,5,5-TETRAMETHYLHEXANE             	
   47	 3108	    3522949	  1.8887	  6.2096	 -7.9871	   6328.826	 -10497.481	 -20327.441	       .000	  -1057420.6	   3240038.4	  -3463935.8	   1277612.5	  .1471260	  280.	  128.259	   6	   2	 102	   3	 103	   1	 201	   1	 201	   1	 301	   1	 401	 2,2,5-TRIMETHYLHEXANE                 	
   14	 5688	      75832	  1.5411	  4.1187	 -5.0396	   4125.977	  -7979.271	 -13743.638	       .000	   -741715.5	   3145448.8	  -4980800.4	   2571853.4	  .1017840	  220.	   86.178	   4	   1	 101	   3	 103	   1	 201	   1	 401	 2,2-DIMETHYLBUTANE                    	
   15	 5920	      79298	  1.3593	  4.1483	 -5.3673	   4243.359	  -8133.836	 -13576.588	       .000	   -788682.2	   3408165.5	  -5370644.9	   2745448.6	  .1037280	  225.	   86.178	   2	   4	 102	   2	 301	 2,3-DIMETHYLBUTANE                    	
   33	 4366	     584941	  1.6222	  5.7908	 -7.4381	   5776.202	  -9972.207	 -18619.068	       .000	  -1117689.4	   3984272.4	  -5028976.1	   2157393.3	  .1322470	  266.	  114.232	   4	   1	 101	   3	 102	   2	 201	   2	 301	 2,3-DIMETHYLHEXANE                    	
   22	 4252	     565593	  1.4055	  5.2568	 -6.6545	   4812.669	  -8877.279	 -16105.820	       .000	   -894196.3	   3317270.0	  -4448843.0	   2020861.8	  .1178570	  242.	  100.205	   4	   1	 101	   3	 102	   1	 201	   2	 301	 2,3-DIMETHYLPENTANE                   	
   34	 4412	     589435	  1.6681	  5.8108	 -7.6028	   5841.095	 -10014.713	 -18577.598	       .000	  -1093462.8	   3872545.4	  -4866337.0	   2082646.5	  .1327700	  267.	  114.232	   4	   1	 101	   3	 102	   2	 201	   2	 301	 2,4-DIMETHYLHEXANE                    	
   23	  564	     108087	  1.6004	  4.7814	 -6.2752	   5211.715	  -9262.736	 -16082.329	       .000	   -967609.5	   3995089.2	  -5967337.4	   2934817.3	  .1181970	  250.	  100.205	   3	   4	 102	   1	 201	   2	 301	 2,4-DIMETHYLPENTANE                   	
   35	 4471	     592132	  1.7453	  5.8833	 -7.8478	   6054.940	 -10275.285	 -18484.051	       .000	  -1035151.4	   3632135.3	  -4532644.7	   1931611.2	  .1329230	  248.	  114.232	   3	   4	 102	   2	 201	   2	 301	 2,5-DIMETHYLHEXANE                    	
    4	 5647	      75285	  1.2050	  2.9250	 -4.2735	   2828.909	  -6349.769	  -8573.391	       .000	   -448130.7	   2211103.7	  -3933408.1	   2167361.2	  .0731110	  184.	   58.124	   2	   3	 102	   1	 301	 ISOBUTANE                             	
   18	 4463	     591764	  1.8925	  4.3808	 -5.8175	   5443.026	  -9703.485	 -16687.215	       .000	   -951926.3	   3525302.0	  -4554759.8	   1978551.6	  .1158410	  251.	  100.205	   4	   1	 101	   2	 102	   3	 201	   1	 301	 2-METHYLHEXANE                        	
    8	 5888	      78784	  1.3747	  3.5179	 -4.7696	   3649.529	  -7491.164	 -11529.522	       .000	   -636521.6	   2882310.2	  -4761736.7	   2511512.9	  .0872330	  207.	   72.151	   4	   1	 101	   2	 102	   1	 201	   1	 301	 ISOPENTANE                            	
   28	 4474	     592278	  1.8792	  6.1563	 -8.3796	   6652.749	 -11053.747	 -19412.299	       .000	  -1154550.9	   4009079.5	  -4917132.2	   2057488.9	  .1304640	  257.	  114.231	   4	   1	 101	   2	 102	   4	 201	   1	 301	 2-METHYLHEPTANE                       	
   91	 2939	    3221612	  2.0152	  7.2262	 -9.6926	   7967.490	 -12543.942	 -22234.120	       .000	  -1228383.7	   3964471.9	  -4838381.1	   2097471.5	  .1445720	  262.	  128.258	   4	   1	 101	   2	 102	   5	 201	   1	 301	 2-METHYLOCTANE                        	
   12	  546	     107835	  1.5153	  4.4509	 -5.9264	   4623.960	  -8672.960	 -14200.091	       .000	   -864483.5	   3844665.9	  -6132349.0	   3146178.1	  .1014900	  220.	   86.178	   4	   1	 101	   2	 102	   2	 201	   1	 301	 2-METHYLPENTANE                       	
   20	 4825	     617787	  1.7209	  4.8132	 -6.0140	   5218.668	  -9372.846	 -16914.361	       .000	   -966936.4	   3774128.9	  -5291478.1	   2480611.4	  .1163730	  300.	  100.205	   3	   3	 101	   3	 201	   1	 301	 3-ETHYLPENTANE                        	
   29	 8075	     589811	  1.8277	  6.0243	 -7.9715	   6390.030	 -10771.677	 -19476.097	       .000	  -1194136.2	   4353144.4	  -5676409.3	   2512709.5	  .1302880	  271.	  114.231	   4	   2	 101	   1	 102	   4	 201	   1	 301	 3-METHYLHEPTANE                       	
   19	 4408	     589344	  1.6857	  4.8493	 -6.3891	   5369.677	  -9581.117	 -16857.212	       .000	   -990265.4	   3760499.1	  -5131846.5	   2356598.5	  .1160700	  265.	  100.205	   4	   2	 101	   1	 102	   3	 201	   1	 301	 3-METHYLHEXANE                        	
   13	 6447	      96140	  1.4571	  4.5763	 -5.9117	   4548.202	  -8608.617	 -14421.975	       .000	   -925367.3	   4151350.3	  -6633721.1	   3402239.6	  .1013800	  243.	   86.178	   4	   2	 101	   1	 102	   2	 201	   1	 301	 3-METHYLPENTANE                       	
   30	 4413	     589537	  1.8832	  5.6296	 -7.3897	   6402.067	 -10763.640	 -19501.156	       .000	  -1202807.3	   4435747.7	  -5903230.8	   2665636.4	  .1300780	  265.	  114.231	   4	   2	 101	   1	 102	   4	 201	   1	 301	 4-METHYLHEPTANE                       	
    9	 3638	     463821	  1.3775	  3.5047	 -4.2490	   4288.260	  -7935.968	 -11510.410	       .000	   -584928.5	   2800687.5	  -5068686.7	   2847870.1	  .0880480	  260.	   72.151	   2	   4	 103	   1	 401	 NEOPENTANE                            	
  104	 2737	     287923	  1.0352	  2.3739	 -3.6709	   2638.169	  -6374.942	 -11200.265	       .000	   -711806.7	   2803505.7	  -3921835.0	   1827591.0	  .0768870	  260.	   70.135	   1	   5	 221	 CYCLOPENTANE                          	
  820	 3741	     496117	  1.2412	  3.6405	 -4.9569	   4012.708	  -8723.311	 -19764.977	       .000	  -1512538.9	   3397527.6	  -1227229.3	   -658082.9	  .1139410	  260.	  118.180	   3	   3	 221	   4	 501	   2	 605	 INDANE                                	
  111	 2546	    2532583	  1.2284	  3.9294	 -5.4608	   2827.498	  -6625.796	 -14652.240	       .000	   -851579.4	   2187344.2	  -1379090.6	     43394.4	  .1120320	  260.	   98.189	   3	   2	 102	   3	 221	   2	 314	 cis-1,3-DIMETHYLCYCLOPENTANE          	
  107	 1690	    1640897	  1.3469	  3.6394	 -5.1311	   3562.282	  -7684.785	 -15696.880	       .000	   -993247.3	   2929181.5	  -2662364.0	    725462.8	  .1088790	  260.	   98.189	   4	   1	 101	   1	 219	   4	 221	   1	 314	 ETHYLCYCLOPENTANE                     	
  105	 6460	      96377	  1.1193	  3.2213	 -4.6975	   2803.914	  -6569.170	 -13054.559	       .000	   -804700.4	   2662291.7	  -2968372.0	   1108990.4	  .0945080	  260.	   84.162	   3	   1	 102	   4	 221	   1	 314	 METHYLCYCLOPENTANE                    	
  112	24296	    1759586	  1.2246	  3.9657	 -5.5178	   2922.408	  -6707.679	 -14732.883	       .000	   -876126.9	   2335857.2	  -1630196.6	    169874.1	  .1120580	  260.	   98.189	   3	   2	 102	   3	 221	   2	 314	 trans-1,3-DIMETHYLCYCLOPENTA          	
  160	 2770	     292648	  1.1619	  3.3340	 -4.6165	   3627.454	  -8051.495	 -16990.402	       .000	  -1236704.1	   3651468.9	  -3504147.9	   1085819.4	  .1174540	  260.	  112.215	   1	   8	 209	 CYCLOOCTANE                           	
 1415	 5082	     628320	  1.8473	  4.9244	 -7.1020	   4205.162	  -8325.295	 -14875.174	       .000	   -823926.6	   3113347.8	  -4389895.1	   2097027.9	  .0937770	  225.	   88.150	   3	   2	 101	   3	 201	   1	1501	 ETHYL PROPYL ETHER                    	
 1402	 4621	      60297	  1.6651	  4.3718	 -6.1785	   3236.540	  -7148.606	 -12463.479	       .000	   -687894.1	   2847826.2	  -4402893.6	   2239402.4	  .0787160	  210.	   74.123	   3	   2	 101	   2	 201	   1	1501	 DIETHYL ETHER                         	
 1446	  752	     111433	  1.9971	  5.9055	 -8.4676	   5480.657	  -9783.599	 -17571.946	       .000	   -965529.6	   3362130.4	  -4447759.4	   2048100.8	  .1084730	  239.	  102.177	   3	   2	 101	   4	 201	   1	1501	 DI-n-PROPYL ETHER                     	
 1404	 1373	     142961	  2.3265	  7.5539	-10.4705	   6890.119	 -11857.662	 -22085.754	       .000	  -1321813.8	   4310161.7	  -5863715.3	   2868252.3	  .1368510	  380.	  130.231	   3	   2	 101	   6	 201	   1	1501	 DI-n-BUTYL ETHER                      	
 1403	  573	     108203	  1.6077	  5.9884	 -7.4851	   4008.238	  -7676.434	 -16773.661	       .000	   -850966.0	   2565283.7	  -2944737.0	   1227459.6	  .1219370	  288.	  102.177	   3	   4	 102	   2	 313	   1	1501	 DIISOPROPYL ETHER                     	
 1455	  707	     110714	  1.9135	  5.2557	 -7.3566	   4014.066	  -8265.863	 -17745.204	       .000	  -1032111.1	   3110109.4	  -3665593.7	   1584052.0	  .0869220	  263.	   90.122	   3	   2	 106	   2	 201	   2	1501	 1,2-DIMETHOXYETHANE                   	
 1407	 4046	     540670	  1.5079	  3.1471	 -4.3354	   2371.762	  -6121.574	 -10940.499	       .000	   -619717.6	   2571302.0	  -3995298.4	   2040935.2	  .0639640	  194.	   60.096	   4	   1	 101	   1	 106	   1	 201	   1	1501	 METHYL ETHYL ETHER                    	
 1585	 4041	     540545	  1.4897	  3.3350	 -4.4841	   3539.925	  -7981.491	 -11724.007	       .000	   -755203.3	   3658540.1	  -6305735.2	   3397433.0	  .0677630	  252.	   78.541	   4	   1	 101	   1	 201	   1	 210	   1	2401	 PROPYL CHLORIDE                       	
 1588	 4094	     543599	  1.8998	  4.4641	 -5.9263	   6037.742	 -10843.221	 -17551.988	       .000	  -1088333.2	   4409053.2	  -6437688.2	   3111777.6	  .0967860	  284.	  106.595	   4	   1	 101	   3	 201	   1	 210	   1	2401	 1-CHLOROPENTANE                       	
 1587	 5895	      78864	  1.4503	  3.9734	 -5.2409	   4421.149	  -8881.303	 -13541.358	       .000	   -915260.4	   4515905.2	  -8101599.1	   4493455.9	  .0856200	  260.	   92.569	   5	   1	 101	   1	 102	   1	 201	   1	 308	   1	2402	 sec-BUTYL CHLORIDE                    	
 1573	 4066	     541731	  1.9431	  4.5386	 -5.7692	   6856.128	 -11855.033	 -22734.016	       .000	  -1563807.6	   5289345.2	  -6217127.3	   2486401.3	  .1038750	  308.	  147.004	   3	   4	 501	   2	 603	   2	2405	 m-DICHLOROBENZENE                     	
 1578	  446	     106434	  1.7561	  4.6694	 -5.8950	   6589.453	 -11503.054	 -20888.928	       .000	  -1444084.7	   5048604.5	  -6514031.7	   2901600.3	  .1061780	  297.	  126.586	   5	   1	 104	   4	 501	   1	 601	   1	 603	   1	2405	 p-CHLOROTOLUENE                       	
 1571	  612	     108907	  1.4033	  3.8542	 -5.2534	   4998.045	  -9585.037	 -17405.932	       .000	  -1252955.2	   4663854.7	  -6332053.8	   2914664.3	  .0910080	  285.	  112.559	   3	   5	 501	   1	 603	   1	2405	 MONOCHLOROBENZENE                     	
 2654	  937	     115253	  1.6841	  7.1862	 -7.9770	   9796.194	 -12506.341	 -16943.317	       .000	   -702990.7	   3971230.4	  -9425366.6	   6134452.7	  .0941820	  233.	  200.032	   2	   4	 403	   8	2503	 OCTAFLUOROCYCLOBUTANE                 	
 2623	 5362	     678262	  2.1459	  9.1102	 -7.2113	   9905.257	 -12757.716	 -21230.405	       .000	   -795059.4	   3228377.0	  -6984216.5	   4534887.9	  .1289370	  180.	  288.037	   3	   5	 403	   6	2504	   6	2505	 PERFLUORO-n-PENTANE                   	
 1623	 3141	     355420	  2.2148	 11.4879	 -9.4339	  11593.858	 -14475.615	 -25251.392	       .000	   -867414.5	   2640955.4	  -5138115.9	   3347130.0	  .1514430	  202.	  338.045	   3	   6	 403	   8	2504	   6	2505	 PERFLUORO-n-HEXANE                    	
 2626	 3015	     335579	  2.5856	 11.0087	 -6.9230	  12534.517	 -15513.156	 -28699.312	       .000	   -990823.1	   2639880.2	  -4850629.8	   3184449.3	  .1739830	  225.	  388.053	   3	   7	 403	  10	2504	   6	2505	 PERFLUORO-n-HEPTANE                   	
 1625	 2866	     307346	  2.9583	 10.9530	 -6.4129	  13668.134	 -16675.398	 -32102.445	       .000	  -1107327.6	   2289929.4	  -3453174.6	   2250892.5	  .1977830	  286.	  438.061	   3	   8	 403	  12	2504	   6	2505	 PERFLUORO-n-OCTANE                    	
 1611	 1148	     124732	  1.8749	  7.1760	 -7.2667	   6930.621	 -10937.870	 -19798.254	       .000	  -1030842.6	   4203757.2	  -6196826.4	   3017291.7	  .0892950	  345.	  259.824	   3	   2	 403	   4	2506	   2	2701	 1,2-DIBROMOTETRAFLUOROETHANE          	
 2785	 1011	     119653	  1.3830	  3.8475	 -5.2230	   4554.822	  -9606.636	 -22954.463	       .000	  -1795040.4	   2806583.5	    873989.8	  -1885789.9	  .1137470	  373.	  127.147	   4	   5	 501	   2	 605	   2	 605	   1	2201	 ISOQUINOLINE                          	
 1791	  718	     110861	  1.0556	  2.7811	 -4.1652	   2846.361	  -7299.186	 -14547.804	       .000	  -1142151.8	   3864308.9	  -5198491.6	   2471012.1	  .0740470	  273.	   79.102	   2	   5	 501	   1	2201	 PYRIDINE                              	
 2796	  591	     108485	  1.6593	  4.4986	 -6.0694	   4666.054	  -9243.367	 -18924.534	       .000	  -1355455.7	   4222642.7	  -5185648.8	   2311955.7	  .1050920	  311.	  107.156	   4	   2	 103	   3	 501	   2	 601	   1	2201	 2,6-DIMETHYLPYRIDINE                  	
 1797	  624	     109068	  1.3404	  3.5432	 -4.9221	   3798.717	  -8339.155	 -16721.345	       .000	  -1187369.2	   3541791.6	  -4220906.8	   1861259.6	  .0896880	  293.	   93.129	   4	   1	 103	   4	 501	   1	 601	   1	2201	 2-METHYLPYRIDINE                      	
 2797	  619	     108996	  1.3420	  3.5891	 -4.9369	   4113.619	  -8708.471	 -17188.308	       .000	  -1266028.3	   3874602.2	  -4953419.5	   2338623.7	  .0900050	  281.	   93.129	   4	   1	 103	   4	 501	   1	 601	   1	2201	 3-METHYLPYRIDINE                      	
 2799	  611	     108894	  1.3803	  3.3925	 -4.7040	   4002.450	  -8616.787	 -17181.037	       .000	  -1301783.8	   4160894.7	  -5541216.4	   2673565.8	  .0899930	  311.	   93.129	   4	   1	 103	   4	 501	   1	 601	   1	2201	 4-METHYLPYRIDINE                      	
 1748	 6216	      91225	  1.4000	  3.7284	 -5.0627	   4372.370	  -9527.920	 -23191.487	       .000	  -1922527.0	   3418755.8	   -402337.8	  -1092569.7	  .1155960	  373.	  129.163	   3	   7	 501	   2	 605	   1	2201	 QUINOLINE                             	
 1052	 5900	      78933	  1.4295	  3.8468	 -5.0124	   4245.359	  -8469.545	 -14104.250	       .000	   -843133.3	   3619872.9	  -5595869.3	   2814274.8	  .0774700	  254.	   72.107	   5	   1	 101	   1	 117	   1	 206	   1	 903	   1	1601	 METHYL ETHYL KETONE                   	
 1062	 4464	     591786	  1.6748	  5.4438	 -7.0523	   6134.587	 -10627.055	 -19209.716	       .000	  -1223293.8	   4462106.9	  -5779418.8	   2535434.3	  .1064090	  279.	  100.161	   6	   1	 101	   1	 117	   2	 201	   1	 206	   1	 903	   1	1601	 2-HEXANONE                            	
 1060	  550	     107879	  1.5340	  4.4388	 -5.9464	   4788.934	  -9191.375	 -16053.551	       .000	  -1014878.7	   3911738.0	  -5328117.7	   2426770.2	  .0883530	  267.	   86.134	   6	   1	 101	   1	 117	   1	 201	   1	 206	   1	 903	   1	1601	 2-PENTANONE                           	
 1059	 4410	     589388	  1.6529	  5.2507	 -6.7479	   5642.790	 -10045.952	 -18619.892	       .000	  -1127753.1	   3964046.0	  -4894890.7	   2053816.2	  .1061310	  262.	  100.161	   5	   2	 101	   1	 201	   2	 206	   1	 903	   1	1601	 3-HEXANONE                            	
 1053	 6451	      96220	  1.4937	  4.4865	 -5.7434	   4841.102	  -9127.194	 -16227.575	       .000	  -1021476.2	   4090024.2	  -5861365.0	   2787244.4	  .0917840	  266.	   86.134	   4	   2	 101	   2	 206	   1	 903	   1	1601	 3-PENTANONE                           	
    3	 5624	      74986	  1.1716	  2.6720	 -3.8206	   1029.958	  -4531.425	  -5855.790	       .000	   -332348.9	   1770999.4	  -3334864.3	   1893697.3	  .0557580	  266.	   44.097	   2	   2	 101	   1	 201	 PROPANE                               	
    5	  477	     106978	  1.3217	  3.1754	 -4.4685	   2932.945	  -6715.499	  -9380.713	       .000	   -536164.6	   2666579.4	  -4700136.3	   2565698.0	  .0703850	  266.	   58.124	   2	   2	 101	   2	 201	 n-BUTANE                              	
    7	  643	     109660	  1.3932	  4.0262	 -5.7129	   3648.601	  -7662.196	 -11863.125	       .000	   -750109.2	   3502331.9	  -5838904.2	   3081006.7	  .0855420	  266.	   72.150	   2	   2	 101	   3	 201	 n-PENTANE                             	
   11	  696	     110543	  1.5100	  5.1802	 -7.1967	   4836.290	  -9050.483	 -14716.904	       .000	   -953493.9	   4131789.7	  -6395518.6	   3210727.2	  .0999640	  266.	   86.177	   2	   2	 101	   4	 201	 n-HEXANE                              	
   17	 1367	     142825	  1.6469	  6.1734	 -8.6466	   5873.136	 -10267.494	 -17340.348	       .000	  -1033772.5	   3893956.4	  -5337401.5	   2472052.0	  .1146470	  266.	  100.204	   2	   2	 101	   5	 201	 n-HEPTANE                             	
   27	  765	     111659	  1.7790	  7.1153	 -9.9077	   7146.965	 -11685.434	 -20107.866	       .000	  -1197622.0	   4263486.4	  -5671221.4	   2599853.2	  .1293410	  266.	  114.231	   2	   2	 101	   6	 201	 n-OCTANE                              	
   46	  786	     111842	  2.1398	  6.9397	 -9.7671	   7685.622	 -12564.554	 -22166.388	       .000	  -1413291.2	   4969054.1	  -6639300.4	   3076011.9	  .1439840	  266.	  128.258	   2	   2	 101	   7	 201	 n-NONANE                              	
   56	 1136	     124185	  2.1651	  8.5292	-11.7429	   8075.633	 -13267.166	 -24090.176	       .000	  -1545158.6	   5274152.9	  -7040510.5	   3303656.1	  .1586400	  266.	  142.285	   2	   2	 101	   8	 201	 n-DECANE                              	
   63	  812	    1120214	  2.3639	  9.2895	-12.8470	   8448.844	 -13976.826	 -25968.293	       .000	  -1717806.5	   5676560.3	  -7272347.8	   3304335.1	  .1734780	  266.	  156.312	   2	   2	 101	   9	 201	 n-UNDECANE                            	
   64	  874	     112403	  2.6297	  9.7728	-13.3774	   8931.426	 -14808.340	 -28033.096	       .000	  -1916459.1	   6413504.1	  -8468611.9	   3963602.7	  .1877250	  266.	  170.339	   2	   2	 101	  10	 201	 n-DODECANE                            	
   65	 5126	     629505	  3.0050	 10.3855	-13.5347	   7991.448	 -14447.394	 -29379.450	       .000	  -2011761.6	   6343635.2	  -7568671.8	   3228849.3	  .1995860	  266.	  184.366	   2	   2	 101	  11	 201	 n-TRIDECANE                           	
   66	 5130	     629594	  3.2622	 10.9795	-14.2923	   7981.654	 -14821.492	 -31050.263	       .000	  -2466480.5	   8438117.5	 -10897194.2	   4917717.9	  .2138930	  266.	  198.393	   2	   2	 101	  12	 201	 n-TETRADECANE                         	
   67	 5132	     629629	  3.5725	 10.9661	-14.0953	   8008.279	 -15236.557	 -32697.425	       .000	  -2442829.6	   7590630.8	  -8867699.7	   3712863.9	  .2283080	  266.	  212.420	   2	   2	 101	  13	 201	 n-PENTADECANE                         	
   68	 4112	     544763	  3.7288	 12.1207	-15.6098	   8178.003	 -15766.940	 -34522.255	       .000	  -2589855.4	   7428633.9	  -7674658.1	   2828746.3	  .2426440	  266.	  226.446	   2	   2	 101	  14	 201	 n-HEXADECANE                          	
   69	 5142	     629787	  3.9153	 12.8536	-16.4353	   8054.881	 -16041.531	 -36077.089	       .000	  -2863202.4	   9283893.5	 -11713438.3	   5285658.2	  .2569930	  266.	  240.473	   2	   2	 101	  15	 201	 n-HEPTADECANE                         	
   70	 4496	     593453	  4.0534	 14.0828	-17.9413	   8172.316	 -16532.452	 -37849.788	       .000	  -3111376.0	   9835261.1	 -11748248.0	   5017380.4	  .2712570	  266.	  254.500	   2	   2	 101	  16	 201	 n-OCTADECANE                          	
   71	 5148	     629925	  4.3525	 14.3397	-18.2078	   8145.426	 -16902.174	 -39492.237	       .000	  -3263987.6	  10820927.2	 -14158392.8	   6595059.6	  .2855270	  266.	  268.527	   2	   2	 101	  17	 201	 n-NONADECANE                          	
   73	  916	     112958	  4.4731	 15.4241	-19.3517	   7967.828	 -17121.453	 -41038.061	       .000	  -3533865.3	  11422456.9	 -14326505.1	   6427929.7	  .2998130	  266.	  282.554	   2	   2	 101	  18	 201	 n-EICOSANE                            	
   74	 5150	     629947	  4.8650	 15.3387	-19.2885	   7999.182	 -17534.462	 -42729.774	       .000	  -3936691.1	  13187766.1	 -17031957.0	   7770688.3	  .3141270	  266.	  296.581	   2	   2	 101	  19	 201	 n-HENEICOSANE                         	
   75	 5151	     629970	  4.9128	 17.0061	-21.4303	   7838.065	 -17767.800	 -44276.032	       .000	  -3833140.1	  11505233.5	 -13043283.6	   5364620.8	  .3284700	  266.	  310.608	   2	   2	 101	  20	 201	 n-DOCOSANE                            	
   76	 5233	     638675	  5.1236	 17.5352	-21.8503	   7914.125	 -18225.111	 -46013.427	       .000	  -4129732.6	  12710040.0	 -14880052.5	   6289460.9	  .3427000	  266.	  324.635	   2	   2	 101	  21	 201	 n-TRICOSANE                           	
   77	 5272	     646311	  5.3390	 18.2893	-22.7241	   7994.570	 -18687.456	 -47736.797	       .000	  -4195166.4	  12337056.8	 -13512600.3	   5361242.8	  .3569960	  266.	  338.662	   2	   2	 101	  22	 201	 n-TETRACOSANE                         	
  137	  715	     110827	   .9783	  3.1733	 -4.6139	   3833.721	  -7916.527	 -12910.058	       .000	   -880377.6	   3704811.0	  -5863345.5	   3033131.8	  .0896240	  280.	   84.161	   1	   6	 209	 CYCLOHEXANE                           	
  138	 7175	     108872	  1.1862	  3.3318	 -4.7073	   4019.349	  -8091.788	 -14433.453	       .000	   -963278.7	   3690303.0	  -5255296.6	   2522516.6	  .1069890	  286.	   98.189	   3	   1	 102	   5	 209	   1	 301	 METHYLCYCLOHEXANE                     	
  147	   17	    2207047	  1.3282	  3.8899	 -5.3037	   4301.432	  -8393.348	 -15996.191	       .000	  -1017445.2	   3473142.2	  -4284369.4	   1824938.7	  .1242650	  295.	  112.216	   3	   2	 102	   4	 209	   2	 301	 trans-1,4-DIMETHYLCYCLOHEXAN          	
 1886	 6519	      98953	  1.5550	  4.7869	 -6.1088	   7430.517	 -12371.275	 -24725.645	       .000	  -1878071.2	   5174623.0	  -5468578.3	   2159961.1	  .0994260	  349.	  123.112	   4	   5	 501	   1	 604	   2	1608	   1	2103	 NITROBENZENE                          	
 1181	  616	     108952	  1.2780	  3.7554	 -5.2130	   5412.527	 -10281.691	 -18252.942	       .000	  -1430894.5	   5498448.6	  -8030875.5	   3954341.9	  .0833310	  350.	   94.114	   4	   3	 501	   2	 501	   1	 601	   1	1406	 PHENOL                                	
 1170	 3931	     526750	  1.6936	  5.6947	 -7.0037	   9075.264	 -13752.217	 -25398.972	       .000	  -1691164.6	   5912666.7	  -8682642.8	   4435781.4	  .1153070	  365.	  122.168	   7	   2	 105	   1	 501	   1	 501	   1	 501	   2	 601	   1	 601	   1	1406	 2,3-XYLENOL                           	
 1172	  417	     105679	  1.7867	  5.7006	 -7.2301	   9131.505	 -14053.563	 -25126.939	       .000	  -1740057.3	   6050572.8	  -8720509.6	   4387739.5	  .1152940	  365.	  122.168	   6	   2	 105	   1	 501	   2	 501	   2	 601	   1	 601	   1	1406	 2,4-XYLENOL                           	
 1174	 6436	      95874	  1.8555	  5.2461	 -6.6983	   8882.816	 -13689.736	 -25450.079	       .000	  -1704316.7	   5317668.8	  -6980671.3	   3355797.9	  .1154490	  360.	  122.168	   6	   2	 105	   2	 501	   1	 505	   2	 601	   1	 601	   1	1406	 2,5-XYLENOL                           	
 1176	 4311	     576261	  1.7572	  5.7047	 -7.0133	   8565.885	 -13283.633	 -24669.782	       .000	  -1685959.5	   5991445.8	  -8753135.0	   4429184.7	  .1152570	  360.	  122.168	   6	   2	 105	   1	 501	   2	 501	   2	 601	   1	 601	   1	1406	 2,6-XYLENOL                           	
 1182	 6415	      95487	  1.5036	  4.7845	 -6.2864	   7854.062	 -12576.030	 -22186.386	       .000	  -1547937.7	   5553728.7	  -8045574.5	   4024899.9	  .0994880	  350.	  108.141	   7	   1	 105	   2	 501	   1	 501	   1	 501	   1	 601	   1	 601	   1	1406	 o-CRESOL                              	
 1177	 6424	      95658	  1.7774	  5.4145	 -6.7834	   6755.302	 -11785.398	 -24028.052	       .000	  -1714296.3	   4910862.1	  -5293503.5	   2090664.5	  .1151290	  350.	  122.168	   7	   2	 105	   1	 501	   1	 501	   1	 505	   2	 601	   1	 601	   1	1406	 3,4-XYLENOL                           	
 1178	  599	     108689	  1.9301	  5.0692	 -6.6581	   8623.002	 -13494.688	 -25713.448	       .000	  -1752748.6	   5027560.3	  -6148301.4	   2859936.2	  .1154130	  350.	  122.168	   6	   2	 105	   1	 501	   2	 505	   2	 601	   1	 601	   1	1406	 3,5-XYLENOL                           	
 1183	  584	     108394	  1.5965	  4.3507	 -5.9298	   7877.163	 -12654.710	 -22696.822	       .000	  -1601556.5	   5143957.4	  -6622637.6	   3067319.1	  .0996430	  360.	  108.141	   8	   1	 105	   1	 501	   1	 501	   1	 501	   1	 505	   1	 601	   1	 601	   1	1406	 m-CRESOL                              	
 1184	  447	     106445	  1.5888	  4.3626	 -5.9129	   8119.125	 -13076.042	 -22378.454	       .000	  -1645551.9	   6060628.8	  -8979665.2	   4548294.7	  .0995900	  360.	  108.141	   6	   1	 105	   2	 501	   2	 501	   1	 601	   1	 601	   1	1406	 p-CRESOL                              	
 1187	 1093	     123079	  1.8117	  4.6331	 -6.2000	   6850.396	 -11984.398	 -23016.309	       .000	  -1733999.6	   5514441.4	  -6543068.3	   2756355.8	  .1138500	  360.	  122.168	   7	   1	 101	   1	 208	   2	 501	   2	 501	   1	 601	   1	 601	   1	1406	 p-ETHYLPHENOL                         	
 1818	 3113	     352932	  2.0064	  4.6606	 -4.2810	   7761.194	 -13187.759	 -18351.652	       .000	  -1260429.4	   6367268.0	 -11608180.8	   6490838.8	  .0818130	  251.	   90.190	   3	   2	 101	   2	 205	   1	1701	 DIETHYL SULFIDE                       	
 1447	  746	     111342	  1.9187	  5.4901	 -7.6832	   5243.688	  -9580.439	 -17271.732	       .000	   -959898.7	   3242321.8	  -4085246.7	   1799266.6	  .1035010	  330.	  100.161	   5	   1	 101	   3	 201	   1	 701	   1	 801	   1	1501	 BUTYL VINYL ETHER                     	
  159	 2766	     291645	  1.0335	  3.3845	 -4.7359	   3712.716	  -8003.691	 -15115.045	       .000	  -1092183.7	   3931698.9	  -5159050.7	   2314866.3	  .1033900	  290.	   98.188	   1	   7	 209	 CYCLOHEPTANE                          	
   96	  497	    1071267	  2.0315	  6.2136	 -7.9398	   6777.411	 -11112.026	 -21097.761	       .000	  -1214349.9	   4093051.9	  -5108141.8	   2225846.5	  .1450820	  305.	  128.258	   4	   1	 101	   3	 103	   4	 201	   1	 401	 2,2-DIMETHYLHEPTANE                   	
   36	 4232	     563166	  1.6933	  5.4228	 -6.6362	   5051.769	  -9157.168	 -18281.169	       .000	  -1051316.6	   3391088.7	  -3704771.2	   1361013.6	  .1300360	  280.	  114.232	   4	   2	 101	   2	 103	   3	 201	   1	 401	 3,3-DIMETHYLHEXANE                    	
   37	 4350	     583482	  1.5649	  5.4862	 -7.0814	   5233.546	  -9412.473	 -18333.339	       .000	  -1139828.3	   4020916.5	  -5019787.9	   2134567.7	  .1328600	  295.	  114.232	   4	   2	 101	   2	 102	   2	 201	   2	 302	 3,4-DIMETHYLHEXANE                    	
   31	 4861	     619998	  1.8238	  5.3487	 -7.0886	   6003.189	 -10294.818	 -19302.371	       .000	  -1188409.0	   4251713.7	  -5307661.7	   2239550.6	  .1306640	  295.	  114.231	   3	   3	 101	   4	 201	   1	 301	 3-ETHYLHEXANE                         	
 1714	 5890	      78819	  1.2501	  3.6875	 -5.0963	   3710.988	  -7843.141	 -12488.824	       .000	   -812860.7	   3658710.7	  -6187275.8	   3335724.9	  .0809320	  230.	   73.138	   4	   2	 102	   1	 211	   1	 301	   1	1901	 ISOBUTYLAMINE                         	
 1782	  648	     109740	  1.3477	  3.3566	 -4.8366	   4378.187	  -9314.079	 -15481.163	       .000	  -1115864.0	   4368052.0	  -6304714.1	   3047430.2	  .0736580	  255.	   69.107	   5	   1	 101	   1	 201	   1	 207	   1	1202	   1	2302	 BUTYRONITRILE                         	
 1783	  700	     110598	  1.4872	  4.1809	 -5.9672	   5246.984	 -10258.700	 -18047.419	       .000	  -1375275.6	   5206059.4	  -7256093.1	   3419819.7	  .0881140	  295.	   83.133	   5	   1	 101	   2	 201	   1	 207	   1	1202	   1	2302	 VALERONITRILE                         	
  260	 6089	     872059	  2.3099	  7.9982	-10.8979	   7741.284	 -13020.426	 -23614.587	       .000	  -1470714.5	   4703554.7	  -5583435.4	   2344058.5	  .1532670	  315.	  140.269	   5	   1	 101	   6	 201	   1	 204	   1	 701	   1	 801	 1-DECENE                              	
 1572	 6417	      95501	  1.5896	  5.5514	 -6.9386	   6098.143	 -10806.949	 -21732.215	       .000	  -1454407.3	   4474522.0	  -4682655.4	   1658676.1	  .1045290	  320.	  147.004	   3	   4	 501	   2	 603	   2	2405	 o-DICHLOROBENZENE                     	
  527	  390	     105055	  2.1102	  5.2356	 -6.8601	   7829.205	 -12746.213	 -23679.688	       .000	  -1553798.5	   4370827.5	  -4057507.1	   1236406.1	  .1371380	  335.	  134.222	   4	   2	 101	   2	 208	   4	 501	   2	 601	 p-DIETHYLBENZENE                      	
   32	 4436	     590738	  1.7662	  5.8366	 -7.3077	   5890.967	 -10058.615	 -18646.252	       .000	  -1052869.6	   3787753.9	  -4958530.5	   2219492.8	  .1306520	  280.	  114.232	   4	   1	 101	   3	 103	   3	 201	   1	 401	 2,2-DIMETHYLHEXANE                    	
   21	 4430	     590352	  1.6489	  4.6801	 -5.7093	   4997.626	  -9002.134	 -16152.818	       .000	   -930032.9	   3757910.1	  -5565768.2	   2732751.8	  .1162580	  280.	  100.205	   4	   1	 101	   3	 103	   2	 201	   1	 401	 2,2-DIMETHYLPENTANE                   	
   24	 4229	     562492	  1.4940	  4.5917	 -5.4457	   4198.646	  -8170.767	 -16004.417	       .000	   -915320.6	   3336934.9	  -4384100.9	   1957993.3	  .1155430	  260.	  100.205	   4	   2	 101	   2	 103	   2	 201	   1	 401	 3,3-DIMETHYLPENTANE                   	
  262	  876	     112414	  2.7559	  9.2018	-12.2778	   8154.910	 -14147.518	 -27267.133	       .000	  -1765323.4	   5353173.3	  -6006488.1	   2411471.8	  .1821280	  380.	  168.323	   5	   1	 101	   8	 201	   1	 204	   1	 701	   1	 801	 1-DODECENE                            	
  519	 4015	     538932	  1.7577	  5.2787	 -7.0372	   6644.214	 -11289.818	 -22175.783	       .000	  -1529734.8	   4613669.0	  -4912737.7	   1824565.7	  .1388060	  300.	  134.223	   5	   2	 102	   1	 208	   1	 301	   5	 501	   1	 601	 ISOBUTYLBENZENE                       	
 1065	 1345	     141797	  1.5260	  4.8798	 -6.2779	   4448.297	  -8596.780	 -18344.273	       .000	  -1129126.4	   3345741.9	  -2945213.3	    726642.3	  .1010720	  290.	   98.146	   6	   1	 117	   2	 122	   1	 801	   1	 901	   1	 903	   1	1601	 MESITYL OXIDE                         	
 1461	  229	     100663	  1.8061	  4.3532	 -5.9455	   5647.957	 -10607.047	 -22661.489	       .000	  -1610574.8	   4014527.7	  -3508876.5	   1100214.3	  .1019810	  315.	  108.141	   4	   1	 106	   5	 501	   1	 602	   1	1509	 ANISOLE                               	
 1054	  566	     108101	  1.5152	  4.6883	 -6.1224	   4990.186	  -9149.229	 -16732.080	       .000	   -996824.9	   3711759.7	  -5034773.9	   2315643.4	  .1063390	  290.	  100.161	   6	   2	 102	   1	 117	   1	 215	   1	 301	   1	 903	   1	1601	 METHYL ISOBUTYL KETONE                	
  259	 1133	     124118	  2.2794	  6.4199	 -8.9388	   7449.540	 -12398.117	 -21696.296	       .000	  -1325477.9	   4434518.5	  -5454670.7	   2340897.6	  .1387800	  310.	  126.242	   5	   1	 101	   5	 201	   1	 204	   1	 701	   1	 801	 1-NONENE                              	
  559	 6295	      92944	  2.6777	  7.4607	 -9.4089	   9885.180	 -16341.046	 -41696.032	       .000	  -2948457.9	   -187340.0	  14968434.4	 -11822067.0	  .2099070	  555.	  230.312	   2	  14	 501	   4	 605	 p-TERPHENYL                           	
   52	11253	    1186534	  1.5344	  4.8692	 -5.9114	   4704.699	  -8826.934	 -19035.713	       .000	  -1102210.7	   3269730.7	  -3285311.0	   1113682.3	  .1477150	  555.	  128.259	   4	   3	 102	   3	 103	   2	 301	   1	 401	 2,2,3,4-TETRAMETHYLPENTANE            	
   54	 1741	   16747389	  1.4680	  4.4726	 -5.3336	   3410.049	  -7508.644	 -18117.761	       .000	  -1109292.4	   3039540.8	  -2503679.7	    570615.9	  .1474910	  555.	  128.259	   4	   4	 102	   2	 103	   2	 301	   1	 401	 2,3,3,4-TETRAMETHYLPENTANE            	
   42	 4221	     560214	  1.5212	  4.2534	 -5.0172	   3864.652	  -7918.188	 -17156.293	       .000	  -1023012.1	   3278738.0	  -3625389.2	   1366378.6	  .1314590	  555.	  114.232	   6	   1	 101	   2	 102	   2	 103	   1	 201	   1	 301	   1	 401	 2,3,3-TRIMETHYLPENTANE                	
   43	 4258	     565753	  1.4851	  4.5915	 -5.9292	   4790.028	  -8903.372	 -17435.979	       .000	  -1051184.5	   3496526.6	  -4022285.9	   1572867.8	  .1344760	  555.	  114.232	   2	   5	 102	   3	 301	 2,3,4-TRIMETHYLPENTANE                	
   38	 4684	     609267	  1.5252	  5.2673	 -6.8392	   5020.241	  -9210.820	 -18192.307	       .000	  -1107538.9	   3691437.8	  -4185664.6	   1598502.3	  .1324150	  555.	  114.232	   4	   2	 101	   2	 102	   2	 201	   2	 301	 2-METHYL-3-ETHYLPENTANE               	
  601	  206	     100425	  1.3873	  3.9923	 -5.4829	   5017.452	  -9582.966	 -17769.576	       .000	  -1277410.2	   4502375.0	  -5809544.9	   2577461.1	  .1041380	  275.	  104.153	   4	   4	 501	   1	 601	   1	 704	   2	 801	 STYRENE                               	
  212	 4234	     563462	  1.4073	  3.9894	 -5.3033	   3929.740	  -7730.166	 -12650.721	       .000	   -706234.9	   3085962.7	  -4888139.3	   2504070.6	  .0819150	  220.	   70.135	   5	   1	 101	   1	 122	   1	 204	   1	 701	   1	 901	 2-METHYL-1-BUTENE                     	
  214	 3862	     513359	  1.3732	  3.5751	 -4.6931	   3347.246	  -7038.852	 -13709.008	       .000	   -757817.3	   2617384.5	  -3067879.5	   1205984.5	  .0827030	  190.	   70.135	   3	   3	 122	   1	 801	   1	 901	 2-METHYL-2-BUTENE                     	
 1117	  395	     105306	  1.6612	  4.7881	 -6.5259	   5071.372	  -9329.623	 -17264.134	       .000	  -1071478.4	   3979461.3	  -5561937.3	   2648773.7	  .1073820	  320.	  102.177	   6	   1	 101	   1	 102	   2	 201	   1	 203	   1	 301	   1	1403	 2-METHYL-1-PENTANOL                   	
  207	13156	     115117	  1.2994	  3.0943	 -4.2688	   2871.676	  -6458.155	  -8929.758	       .000	   -477610.3	   2401135.0	  -4319413.1	   2392452.4	  .0678080	  205.	   56.108	   3	   2	 102	   1	 701	   1	 901	 ISOBUTENE                             	
  213	 4233	     563451	  1.3213	  3.7754	 -5.2371	   3390.919	  -6910.405	 -10907.564	       .000	   -590404.3	   2688079.8	  -4430472.5	   2329013.1	  .0838500	  195.	   70.135	   4	   2	 102	   1	 301	   1	 702	   1	 801	 3-METHYL-1-BUTENE                     	
  211	 5261	     646048	  1.5386	  4.0507	 -5.6552	   4290.468	  -8340.363	 -12186.569	       .000	   -729302.2	   3466035.6	  -5944613.7	   3202588.8	  .0822380	  225.	   70.135	   4	   1	 101	   1	 122	   1	 204	   2	 801	 trans-2-PENTENE                       	
 1673	  472	     106934	  1.7429	  4.3184	 -5.9903	   4384.015	 -11171.012	 -14194.776	       .000	  -1375856.5	   7636095.5	 -15493874.3	   9216589.7	  .0736670	  225.	  187.862	   2	   2	 210	   2	2702	 1,2-DIBROMOETHANE                     	
 1313	 1344	     141786	  1.8545	  4.4427	 -5.7804	   3898.441	  -7945.411	 -16053.203	       .000	   -965503.0	   3167051.1	  -4097626.2	   1892235.5	  .0802820	  230.	   88.107	   6	   1	 101	   1	 109	   1	 201	   1	 904	   1	1502	   1	1602	 ETHYL ACETATE                         	
 1314	  639	     109604	  1.9636	  5.2165	 -7.0202	   4639.331	  -8848.511	 -18252.935	       .000	  -1005683.1	   2926993.8	  -3597734.4	   1672975.4	  .0952930	  275.	  102.134	   6	   1	 101	   1	 109	   2	 201	   1	 904	   1	1502	   1	1602	 n-PROPYL ACETATE                      	
 1357	 5093	     628637	  2.1673	  6.5380	 -8.8839	   5991.539	 -10489.388	 -22737.534	       .000	  -1334911.7	   4091803.8	  -6683778.6	   3915211.7	  .1241280	  269.	  130.187	   6	   1	 101	   1	 109	   4	 201	   1	 904	   1	1502	   1	1602	 n-PENTYL ACETATE                      	
 1363	 1372	     142927	  2.4689	  7.6898	-10.0497	   7605.905	 -12305.505	 -25949.486	       .000	  -1444278.6	   4016143.3	  -6117691.6	   3531870.2	  .1383500	  294.	  144.214	   6	   1	 101	   1	 109	   5	 201	   1	 904	   1	1502	   1	1602	 n-HEXYL ACETATE                       	
 1367	  825	     112061	  2.7322	  8.0465	-10.5122	   8282.139	 -13152.543	 -28228.540	       .000	  -1671309.4	   4809862.3	  -7841686.0	   4682586.0	  .1527650	  303.	  158.241	   6	   1	 101	   1	 109	   6	 201	   1	 904	   1	1502	   1	1602	 n-HEPTYL ACETATE                      	
 1368	  839	     112141	  2.9105	  8.3493	-11.0053	   8951.166	 -13956.118	 -30487.333	       .000	  -1871433.5	   5846645.1	 -10961668.1	   6962334.7	  .1673280	  293.	  172.268	   6	   1	 101	   1	 109	   7	 201	   1	 904	   1	1502	   1	1602	 n-OCTYL ACETATE                       	
 1369	 1381	     143135	  3.1737	  8.8928	-11.4331	  10049.648	 -15202.251	 -33261.511	       .000	  -1960720.4	   5845787.1	 -11651721.8	   7738104.6	  .1811000	  314.	  186.295	   6	   1	 101	   1	 109	   8	 201	   1	 904	   1	1502	   1	1602	 n-NONYL ACETATE                       	
 1301	  521	     107313	  1.8162	  3.9391	 -5.0792	   3417.244	  -7372.625	 -13539.415	       .000	   -771378.4	   2861710.5	  -4330903.8	   2235851.1	  .0433610	  253.	   60.053	   4	   1	 106	   1	 804	   1	1509	   1	1602	 METHYL FORMATE                        	
 1302	  662	     109944	  1.9205	  4.3942	 -5.8272	   3588.179	  -7912.178	 -14064.600	       .000	   -824981.6	   3151321.6	  -5446287.2	   3113393.9	  .0580760	  253.	   74.080	   5	   1	 101	   1	 201	   1	 804	   1	1509	   1	1602	 ETHYL FORMATE                         	
 1303	  709	     110747	  1.9769	  5.1863	 -6.7149	   4818.707	  -9289.838	 -16820.812	       .000	   -961778.2	   3557453.1	  -6064960.3	   3461262.3	  .0726940	  263.	   88.107	   5	   1	 101	   2	 201	   1	 804	   1	1509	   1	1602	 n-PROPYL FORMATE                      	
 1304	 4487	     592847	  2.1797	  5.5186	 -7.1948	   5812.427	 -10437.905	 -19456.187	       .000	  -1144285.9	   4006306.2	  -6676177.7	   3804195.6	  .0872170	  302.	  102.134	   5	   1	 101	   3	 201	   1	 804	   1	1509	   1	1602	 n-BUTYL FORMATE                       	
 1306	 5227	     638493	  2.3217	  6.2118	 -8.0149	   6784.352	 -11562.653	 -22047.866	       .000	  -1348155.0	   4665055.6	  -7745128.5	   4414612.1	  .1016330	  290.	  116.160	   5	   1	 101	   4	 201	   1	 804	   1	1509	   1	1602	 n-PENTYL FORMATE                      	
 2308	  849	     112232	  2.5767	  8.0918	-10.4586	   7957.971	 -13211.239	 -26438.314	       .000	  -1632590.3	   5602486.9	  -9380149.3	   5392877.8	  .1305020	  350.	  144.214	   5	   1	 101	   6	 201	   1	 804	   1	1509	   1	1602	 n-HEPTYL FORMATE                      	
 1308	  866	     112323	  2.8530	  8.5209	-11.1993	   8030.376	 -13606.601	 -28196.844	       .000	  -1795779.5	   5721130.3	  -8778075.7	   4838721.9	  .1448120	  346.	  158.241	   5	   1	 101	   7	 201	   1	 804	   1	1509	   1	1602	 n-OCTYL FORMATE                       	
 1310	11979	    5451525	  3.3816	  9.1968	-11.9699	   8222.893	 -14469.437	 -31656.011	       .000	  -2284811.8	   7217863.5	 -10231293.8	   5278988.0	  .1736100	  378.	  186.295	   5	   1	 101	   9	 201	   1	 804	   1	1509	   1	1602	 n-DECYL FORMATE                       	
 1305	 4076	     542552	  1.6569	  5.2530	 -7.2018	   3852.364	  -7713.992	 -17112.215	       .000	   -924727.9	   2346342.3	  -2918540.9	   1490961.9	  .0991980	  240.	  102.134	   6	   2	 102	   1	 201	   1	 304	   1	 804	   1	1509	   1	1602	 ISOBUTYL FORMATE                      	
 5884	  733	     111159	  2.3517	  7.1406	 -9.9923	   6492.181	 -11042.688	 -23960.221	       .000	  -1367694.6	   3907785.5	  -6585395.7	   4029029.6	  .1192280	  330.	  132.160	   7	   1	 101	   1	 109	   3	 201	   1	 904	   1	1501	   1	1502	   1	1602	 2-ETHOXYETHYL ACETATE                 	
 1323	  398	     105373	  1.7284	  5.5037	 -7.5115	   4477.649	  -8782.676	 -16991.443	       .000	  -1002501.4	   3300474.9	  -4438645.6	   2135181.9	  .0954870	  263.	  102.134	   6	   2	 101	   1	 201	   1	 201	   1	 904	   1	1502	   1	1602	 ETHYL PROPIONATE                      	
 1324	  439	     106365	  1.8970	  6.2703	 -8.6238	   5564.551	 -10064.916	 -19571.633	       .000	  -1176200.9	   3696470.8	  -4789709.1	   2264109.2	  .1097300	  293.	  116.161	   5	   2	 101	   3	 201	   1	 904	   1	1502	   1	1602	 n-PROPYL PROPIONATE                   	
 1326	 4426	     590012	  2.0922	  7.2167	 -9.6881	   6933.758	 -11623.351	 -22510.697	       .000	  -1228949.1	   3180378.3	  -3380563.4	   1422067.3	  .1234970	  310.	  130.187	   5	   2	 101	   4	 201	   1	 904	   1	1502	   1	1602	 n-BUTYL PROPIONATE                    	
 1332	 4924	     623427	  1.7214	  5.1909	 -6.9549	   4195.713	  -8263.352	 -17491.160	       .000	   -971417.1	   2647656.9	  -2934441.8	   1255517.8	  .0951660	  263.	  102.134	   6	   1	 101	   1	 106	   2	 201	   1	 904	   1	1502	   1	1602	 METHYL n-BUTYRATE                     	
 1333	  409	     105544	  1.8865	  6.1870	 -8.4296	   5424.562	  -9898.036	 -19488.513	       .000	  -1158206.2	   3518962.5	  -4343097.4	   1978222.9	  .1096290	  298.	  116.161	   5	   2	 101	   3	 201	   1	 904	   1	1502	   1	1602	 ETHYL n-BUTYRATE                      	
 1327	  416	     105668	  2.1190	  6.9858	 -9.4274	   6704.415	 -11364.932	 -22237.346	       .000	  -1300153.5	   3931797.6	  -5236625.8	   2599894.1	  .1234870	  350.	  130.187	   5	   2	 101	   4	 201	   1	 904	   1	1502	   1	1602	 n-PROPYL n-BUTYRATE                   	
 1346	 4462	     591684	  2.4044	  8.7880	-11.8101	   6721.327	 -12137.543	 -25236.604	       .000	  -1519927.7	   3842103.3	  -4258447.6	   1927289.9	  .1531760	  291.	  158.241	   5	   2	 101	   6	 201	   1	 904	   1	1502	   1	1602	 n-BUTYL VALERATE                      	
 1395	  688	     110429	  2.8202	 10.1483	-12.9556	   5967.132	 -11883.044	 -29102.078	       .000	  -1894607.0	   4545103.9	  -4439290.7	   1780090.7	  .1808850	  309.	  186.295	   6	   1	 101	   1	 106	   8	 201	   1	 904	   1	1502	   1	1602	 METHYL DECANOATE                      	
 2385	  784	     111820	  3.1911	 11.4696	-14.8196	   5882.779	 -12478.813	 -32129.897	       .000	  -2228924.8	   5015642.9	  -4130987.7	   1333002.4	  .2107230	  405.	  214.349	   6	   1	 101	   1	 106	  10	 201	   1	 904	   1	1502	   1	1602	 METHYL DODECANOATE                    	
 2337	 7439	      97621	  1.7000	  5.9242	 -7.8350	   4704.601	  -8919.010	 -18319.301	       .000	  -1099376.9	   3481687.6	  -4433027.0	   2045952.4	  .1137400	  250.	  116.161	   7	   1	 101	   2	 102	   1	 201	   1	 301	   1	 904	   1	1502	   1	1602	 ETHYL ISOBUTYRATE                     	
 1336	 5252	     644495	  1.9380	  6.7274	 -8.8722	   5909.062	 -10301.759	 -20812.417	       .000	  -1184087.7	   3344989.1	  -3872134.6	   1706915.8	  .1263220	  360.	  130.188	   7	   1	 101	   2	 102	   2	 201	   1	 301	   1	 904	   1	1502	   1	1602	 n-PROPYL ISOBUTYRATE                  	
 1360	 6477	      97858	  2.0883	  6.9714	 -9.2837	   6363.150	 -10717.713	 -22240.261	       .000	  -1194675.0	   3139661.7	  -3397602.8	   1448255.0	  .1431760	  293.	  144.215	   6	   4	 102	   1	 201	   2	 301	   1	 904	   1	1502	   1	1602	 ISOBUTYL ISOBUTYRATE                  	
 1347	  596	     108645	  1.8196	  7.1205	 -9.5989	   5406.982	  -9807.707	 -20722.109	       .000	  -1148212.3	   2965826.2	  -2971472.8	   1150802.3	  .1257810	  293.	  130.188	   7	   1	 101	   2	 102	   2	 201	   1	 301	   1	 904	   1	1502	   1	1602	 ETHYL ISOVALERATE                     	
 1341	 6457	      96333	  1.5893	  4.3711	 -5.7300	   3274.320	  -7154.654	 -15425.293	       .000	   -890245.0	   2698285.5	  -2919767.2	   1109958.1	  .0760000	  253.	   86.091	   6	   1	 106	   1	 701	   1	 802	   1	 904	   1	1502	   1	1602	 METHYL ACRYLATE                       	
 1342	 1321	     140885	  1.7137	  5.3839	 -7.2378	   4355.123	  -8676.078	 -17219.198	       .000	  -1037613.2	   3141760.5	  -3549966.1	   1442599.0	  .0903970	  273.	  100.118	   7	   1	 101	   1	 201	   1	 701	   1	 802	   1	 904	   1	1502	   1	1602	 ETHYL ACRYLATE                        	
 1343	 6254	     925600	  1.9421	  5.9125	 -8.0984	   5393.064	  -9901.500	 -19728.420	       .000	  -1154963.7	   3313899.4	  -3803827.8	   1640586.4	  .1048620	  322.	  114.145	   7	   1	 101	   2	 201	   1	 701	   1	 802	   1	 904	   1	1502	   1	1602	 n-PROPYL ACRYLATE                     	
 1344	 1333	     141322	  2.1090	  6.7462	 -9.2817	   6576.424	 -11245.968	 -22398.691	       .000	  -1359542.8	   3993436.6	  -5159258.5	   2518055.4	  .1192920	  336.	  128.172	   7	   1	 101	   3	 201	   1	 701	   1	 802	   1	 904	   1	1502	   1	1602	 n-BUTYL ACRYLATE                      	
 1351	 5951	      80626	  1.7002	  5.0681	 -6.5916	   3183.109	  -7078.235	 -17002.706	       .000	   -919788.0	   2139726.6	  -1624091.8	    402800.1	  .0910530	  273.	  101.126	   7	   1	 103	   1	 106	   1	 701	   1	 901	   1	 904	   1	1502	   1	1602	 METHYL METHACRYLATE                   	
 1352	 6473	      97632	  1.8458	  6.0732	 -7.9852	   4522.634	  -8820.114	 -19092.737	       .000	  -1104152.1	   3182023.0	  -3708418.3	   1626121.5	  .1055310	  279.	  115.153	   8	   1	 101	   1	 103	   1	 201	   1	 701	   1	 901	   1	 904	   1	1502	   1	1602	 ETHYL METHACRYLATE                    	
