 130      c       q       EOK(K) b(cc/mol)Nd      KAD         EHB/RTc    Nas    Nds
912	1.2367	1.4509	90.093	6.2	1	0.022600	6.27	1	1
1002	1.1202	1.2290	326.061	20.359	1	2.26E-02	5.17	1	1
1003	1.1202	1.2290	326.061	20.359	1	2.26E-02	5.17	1	1
1005	1.1202	1.2290	326.061	20.359	1	2.26E-02	5.17	1	1
1034	1.1202	1.2290	326.061	20.359	1	2.26E-02	5.17	1	1
1041	2.178	3.244	370.351	35.702	1	0.0115  	0.865	1	1 
1051	2.1001	3.0954	274.703	26.965	1	0.100000	0.51	0	0
1052	2.2016	3.2889	284.201	31.545	0	0.00E+00	0	1	1
1101	1.1202	1.229	326.061	20.359	1	0.022600	5.17	1	1
1102	1.5655	2.0771	270.142	23.574	1	0.028300	4.86	1	1
1103	2.7681	4.3678	242.515	25.119	1	1.00E-01	2.50	1	1
1104	2.3148	3.5044	236.544	27.699	1	5.00E-02	3.75	1	1
1105	1.5086	1.9688	341.11	37.348	1	6.48E-03	5.05	1	1
1106	1.9352	2.7814	292.591	33.302	1	6.05E-03	4.50	1	1
1107	1.9352	2.7814	292.591	33.302	1	6.05E-03	4.50	1	1
1108	1.9352	2.7814	292.591	33.302	1	6.05E-03	4.50	1	1
1109	3.0401	4.8859	267.844	34.036	1	1.58E-02	2.45	1	1
1190	2.1266	3.1458	274.049	41.588	1	1.58E-02	2.45	1	1
1110	3.2308	5.2491	275.746	38.015	1	0.00E+00	0.00	1	1
1115	2.5819	4.0131	310.818	55.570	1	1.80E-03	5.74	1	1
1120	3.1573	5.1091	312.769	64.299	1	1.40E-03	3.80	1	1
1125	3.2055	5.2009	324.746	82.260	1	1.60E-03	3.90	1	1
1180	2.309	3.493	342.04	52.241	1	0.0108  	3.553	1	1
1181	1.645	2.2286	415.933	33.925	1	0.015200	3.465	1	1
1200	5.7083	9.9682	245.652	15.005	0	0.00E+00	0.00	1	1
1251	2.7485	4.3305	284.574	23.535	0	0.00E+00	0.00	1	1
1253	3.0610	4.9257	281.615	25.310	0	0.00E+00	0.00	1	1
1312	1.930	2.772	288.36	27.344	0	0.012951711	0	0	0
1321	2.2573	3.3948	274.817	29.955	1	0.00E+00	0.00	1	1
1351	6.7	11.9	295.48	165.0	0	0.00372656	0.0000	0	0
1352	4.0	6.7	292.97	83.2	0	0.006278467	0.0000	0	0
1353	4.7	8.1	299.38	107.2	0	0.005283657	0.0000	0	0
1354	5.1	8.8	301.83	119.2	0	0.004895793	0.0000	0	0
1355	5.6903	9.9340	279.855	122.526	0	0.004393404	0	0	0
1356	4.25	7.19	296.23	95.0	0	0.005883167	0.0000	0	0
1357	4.44	7.55	297.80	101.0	0	0.005634642	0.0000	0	0
1401	1.7283	2.3873	242.914	19.645	1	0.014500	5.00	1	0
1407	1.8943	2.7034	251.749	25.156	1	2.26E-02	5.17	1	1
1410	2.763	4.358	280.88	54.723	0	0.009048995	0	0	0
1411	2.032	2.965	324.77	28.182	0	0.012304853	0	0	0
1402	2.0354	2.9722	257.965	31.900	1	.0226000	5.17	1	1
1405	1.9895	2.8847	277.769	36.842	1	.0226000	5.17	1	1
1400	2.2908	3.4587	284.588	43.418	1	.0226000	5.17	1	1
1450	5.6277	9.8148	268.895	59.193	1	0.00E+00	0.00	1	1
1451	9999.9	9999.9	200.00	999999	1	0.00E+00	0	1	1
1452	9999.9	9999.9	200.00	999999	1	0.00E+00	0	1	1
1475	1.7621	2.4516	294.116	22.858	1	.0226000	5.17	1	1
1478	1.827	2.574	317.23	26.664	1	0.0000    	5.17	0	0
1479	1.7922	2.5089	320.796	26.722	1	.0226000	5.17	1	0
1501	1.6996	2.3327	341.430	31.657	1	0.000000	5.17	0	0
1521	1.7949	2.5140	318.313	25.643	1	0.014300	3.2	0	1
1710	2.5147	3.8852	244.199	29.780	1	0.009942	1.2658	1	1
1712	2.2932	3.4633	272.17	33.786	1	1.09E-02	1.18	1	1
1721	2.267	3.4133	365.24	36.899	1	0.0110000	0.8604	1	1
1729	2.118	3.1295	332.29	40.645	1	0.011800	0.9779	1	1
1772	2.9600	4.7333	176.990	9.4380	1	9.80E+01	0.796	1	1
1773	2.3017	3.4795	277.864	28.878	1	9.80E+01	0.757	1	1
1792	2.267	3.4133	365.24	36.899	1	0.011000	0.8598	1	1
1904	1.0000	1.0000	285.111	 8.746	1	0.6919E+00	1.297	1	1
1905	2.4305	3.7247	233.511	16.940	1	0.00E+00	0.00	1	1
1911	1.123	1.234	329.3	11.59	1	.02230000	2.96	1	1
1921	1.0053	1.0101	427.254	9.4110	1	1.00E-01	4.00	1	1
1922	1.0416	1.0792	333.837	11.678	1	4.42E-02	2.00	1	1
1965	2.4187	3.7023	264.722	67.358	0	0.010336177	0	0	0
2990	3.2211	5.2307	250.104	93.490	0	0.007761333	0	0	0
4994	3.6150	5.9809	256.81	121.55	0	0.006915704	0	0	0
1969	4.1427	6.9860	255.850	148.268	0	0.006034748	0	0	0
4993	4.3471	7.3754	263.285	177.169	0	0.00575099	0	0	0
2995	4.4814	7.6313	272.995	206.446	0	0.005578556	0	0	0
2991	4.6244	7.9035	279.710	235.735	0	0.005406159	0	0	0
8011	3.1	5.1	354.03	63.3	1	0.007971363	2.6588	1	1
8012	3.0	4.7	312.38	61.7	1	0.008423211	2.7364	1	1
8021	3.0	4.7	241.77	42.1	1	0.008457809	3.2172	1	1
8072	208.70	396.61	333.12	6765.2	0	0.000119791	0	0	0
8093	291.30	553.95	360.23	11163.	0	8.58222E-05	0	0	0
8062	2315.5	4409.5	327.38	74264.6	0	1.07969E-05	0	0	0
8161	79.6	150.7	316.26	2356.6	0	0.00031416	0	0	0
8162	139.5	264.7	316.37	4159.8	0	0.000179253	0	0	0
8163	217.6	413.6	316.51	6510.3	0	0.000114874	0	0	0
8164	315.4	599.9	316.52	9453.5	0	7.9265E-05	0	0	0
8165	397.6	756.5	316.57	11926.3	0	6.28726E-05	0	0	0
8166	493.9	939.9	321.95	14411.0	0	5.0617E-05	0	0	0
8167	508.6	967.9	315.47	15352.0	0	4.91523E-05	0	0	0
8168	489.7	931.8	313.50	14923.3	0	5.10527E-05	0	0	0
8169	431.0	820.1	312.19	13213.4	0	5.80004E-05	0	0	0
8178	1060.7	2019.4	329.31	29714.6	0	2.35701E-05	0.0000	0	0
8179	228.1	433.6	324.42	6780.7	0	0.000109583	0.0000	0	0
11002	27.6	51.7	327.93	852.3	0	0.000905318	0.0000	0	0
11007	94.5	179.1	329.83	3002.4	0	0.000264477	0.0000	0	0
11038	508.7	968.1	330.46	16312.8	0	4.91411E-05	0.0000	0	0
11177	2308.9	4397.0	326.31	75357.2	0	1.08277E-05	0.0000	0	0
11833	11131.5	21202.0	330.59	357668.	0	2.24587E-06	0.0000	0	0
12004   33.4	62.7	491.37	1561.9	0	0.000748127	0.0000	0	0
12010   97.1 	184.1	375.20	4252.2	0 	0.000257405 	0.0000 	0    	0
12025   241.8	459.7	375.20	10652.8	0	0.000103385	0.0000	0	0
12050   481.6	916.5	375.20	21260.8	0	5.19087E-05	0.0000	0	0
12097   795.2	1513.8	496.30	38346.6	0	3.14382E-05	0.0000	0	0
12290	2375.96	4524.72 496.41	114676.	0	.00000000	.00000	0	0
13040   329.8	627.3	395.17	17764.7	0	7.58062E-05	0.0000	0	0
14006   88.0	166.6	266.70	1871.6	0	0.00028424	0.0000	0	0
15500   7118.9	13558.8	281.41	170220.	0	3.5118E-06	0.0000	0	0
16020   245.5	466.7	300.53	6411.3	0	0.000101835	0.0000	0	0
17020	258.3	491.1	356.05	6214.0	0	9.67766E-05	0.0000	0	0
17170   2191.6	4173.6	356.35	52904.3	0	1.14072E-05	0.0000	0	0
21150   1596.1	3039.3	365.66	63466.9	0	1.5663E-05	0.0000	0	0
22020	237.5	451.5	333.57	8597.9	0	0.000105263	0.0000	0	0
22070	829.2	1578.5	333.79	30117.5	0	3.01507E-05	0.0000	0	0
22140	1657.3	3155.9	333.84	60238.9	0	1.50844E-05	0.0000	0	0
24089	3.0	4.9	258.37	56.3	1	0.008248105	3.1036	1	1
25001	6.2	10.9	358.71	298.2	0	0.004035493	0.0000	0	0
25841	9231.8	17583	375.22	357871	0	2.70802E-06	0.0000	0	0
157	4.5818	7.8224	300.47	119.638	1	0.00E+00	0	1	1
528	2.6501	4.1431	331.442	60.601	1	0.00E+00	0	1	1
529	2.8131	4.4535	331.967	66.891	1	0.00E+00	0	1	1
1001	1.2600	1.4952	292.100	16.590	2	0.015800	5.537	2	2
1040	2.3002	3.4765	280.687	47.761	2	1.00E-04	5.75	2	2
1182	2.0972	3.0899	354.336	29.989	2	1.22E-02	2.67	1	1
1183	2.0972	3.0899	354.336	29.989	3	1.22E-02	2.67	1	1
1185	4.9	8.5	230.59	53.9	2	0.005075994	1.6783	2	2
1889	2.3950	3.6571	333.360	32.205	2	1.04E-02	0.915	2	2
8053	559.74	1065.3	212.28	12578.7	622	4.46634E-05	0.354	622	622
18067   1292.3	2460.7	228.45	26036.6	1522	1.93446E-05	1.0775	1	1
19034	288.5	548.7	403.39	9753.5	544	8.66411E-05	1.4000	0	1
23050	502.0	955.4	463.86	19641.4	475	4.97964E-05	2.183	1	0
23040	401.8	764.5	463.78	15712.7	380	6.22145E-05	2.183	1	0
23065	649.7	1236.7	463.91	25434.1	514	3.84781E-05	2.183	1	0
24088	1047.7	1994.8	293.89	28071.5	475	2.38609E-05	2.0000	0	1
26068	905.5	1723.9	305.69	25349.6	474	2.76076E-05	1.1049	1	0
27064	1074.9	2046.5	259.87	26100.8	878	2.32582E-05	1.0871	1	1
8087	2104.0	4006.7	208.21	22547.	1522	1.18821E-05	1.0775	1522	1522

