245 4	Ccid    	Cas#	zRef1	   zRef2	 zRef3   	   a11  	   a12   	  a13   	  a14   	  a21  	      a22          a23             a24     vEffNm3 tMinK  Mw  	 nTypes ndType1	iTyp1..	name 
    3	    4	      74986	  1.1716	  2.6720	 -3.8206	   1070.742	  -4567.396	  -5974.103	       .000	   -333371.9	   1770819.8	  -3310693.5	   1870796.5	  .0539954	  148.	   44.097	   2	   2	 101	   1	 201	 PROPANE	
    5	    6	     106978	  1.3217	  3.1754	 -4.4685	   2891.370	  -6614.310	  -9345.890	       .000	   -529532.5	   2613943.1	  -4560874.5	   2472618.9	  .0698285	  170.	   58.124	   2	   2	 101	   2	 201	 n-BUTANE	
    7	    8	     109660	  1.3932	  4.0262	 -5.7129	   3600.875	  -7548.901	 -11806.753	       .000	   -740136.0	   3420409.9	  -5631926.4	   2946284.0	  .0865797	  211.	   72.150	   2	   2	 101	   3	 201	 n-PENTANE	
   11	   10	     110543	  1.5100	  5.1802	 -7.1967	   4784.382	  -8947.279	 -14690.780	       .000	   -944050.2	   4037940.3	  -6153078.6	   3053058.0	  .1025363	  228.	   86.177	   2	   2	 101	   4	 201	 n-HEXANE	
   17	   11	     142825	  1.6469	  6.1734	 -8.6466	   5814.676	 -10163.426	 -17325.983	       .000	  -1026407.8	   3807354.4	  -5115916.6	   2330108.0	  .1185540	  311.	  100.204	   2	   2	 101	   5	 201	 n-HEPTANE	
   27	   12	     111659	  1.7790	  7.1153	 -9.9077	   7124.046	 -11646.187	 -20219.590	       .000	  -1198865.2	   4209191.4	  -5509620.2	   2493935.2	  .1336781	  270.	  114.231	   2	   2	 101	   6	 201	 n-OCTANE	
   46	   13	     111842	  2.1398	  6.9397	 -9.7671	   7651.518	 -12508.426	 -22276.490	       .000	  -1413905.6	   4904486.3	  -6462912.4	   2964941.1	  .1496328	  283.	  128.258	   2	   2	 101	   7	 201	 n-NONANE	
   56	   14	     124185	  2.1651	  8.5292	-11.7429	   8046.833	 -13222.821	 -24240.821	       .000	  -1549411.6	   5221915.2	  -6890978.7	   3210681.9	  .1646796	  293.	  142.285	   2	   2	 101	   8	 201	 n-DECANE	
   63	   15	    1120214	  2.3639	  9.2895	-12.8470	   8433.410	 -13958.929	 -26189.370	       .000	  -1726085.0	   5618638.5	  -7092612.1	   3190781.4	  .1790767	  304.	  156.312	   2	   2	 101	   9	 201	 n-UNDECANE	
   64	   16	     112403	  2.6297	  9.7728	-13.3774	   8899.916	 -14770.853	 -28244.469	       .000	  -1923843.1	   6341413.6	  -8261827.5	   3836323.9	  .1942996	  329.	  170.339	   2	   2	 101	  10	 201	 n-DODECANE	
   65	   17	     629505	  3.0050	 10.3855	-13.5347	   7891.809	 -14344.338	 -29556.607	       .000	  -2021072.9	   6276526.7	  -7360836.7	   3097507.1	  .2092035	  338.	  184.366	   2	   2	 101	  11	 201	 n-TRIDECANE	
   66	   18	     629594	  3.2622	 10.9795	-14.2923	   7876.503	 -14721.069	 -31266.036	       .000	  -2480060.2	   8369479.0	 -10664270.1	   4767156.9	  .2241616	  347.	  198.393	   2	   2	 101	  12	 201	 n-TETRADECANE	
   67	   19	     629629	  3.5725	 10.9661	-14.0953	   7878.113	 -15101.638	 -32871.152	       .000	  -2452164.6	   7496650.0	  -8593856.8	   3542521.0	  .2389671	  372.	  212.420	   2	   2	 101	  13	 201	 n-PENTADECANE	
   68	   20	     544763	  3.7288	 12.1207	-15.6098	   8028.300	 -15605.303	 -34667.923	       .000	  -2595702.5	   7304805.0	  -7349815.1	   2633774.0	  .2527807	  380.	  226.446	   2	   2	 101	  14	 201	 n-HEXADECANE	
   69	   21	     629787	  3.9153	 12.8536	-16.4353	   7884.637	 -15853.445	 -36196.319	       .000	  -2869648.3	   9169845.4	 -11416660.9	   5109545.6	  .2688342	  386.	  240.473	   2	   2	 101	  15	 201	 n-HEPTADECANE	
   70	   90	     593453	  4.0534	 14.0828	-17.9413	   7977.800	 -16309.785	 -37922.604	       .000	  -3116788.2	   9712338.7	 -11433689.6	   4831336.9	  .2821353	  403.	  254.500	   2	   2	 101	  16	 201	 n-OCTADECANE	
   71	   91	     629925	  4.3525	 14.3397	-18.2078	   7929.179	 -16647.201	 -39520.500	       .000	  -3262639.9	  10661756.4	 -13789058.1	   6383740.0	  .2976581	  405.	  268.527	   2	   2	 101	  17	 201	 n-NONADECANE	
   73	   92	     112958	  4.4731	 15.4241	-19.3517	   7724.835	 -16825.137	 -41000.818	       .000	  -3528405.5	  11243066.2	 -13925520.1	   6201058.2	  .3122029	  422.	  282.554	   2	   2	 101	  18	 201	 n-EICOSANE	
   74	   74	     629947	  4.8650	 15.3387	-19.2885	   7754.068	 -17248.037	 -42748.823	       .000	  -3941626.0	  13051747.4	 -16699365.6	   7579194.8	  .3262561	  440.	  296.581	   2	   2	 101	  19	 201	 N-HENEICOSANE	
   75	   75	     629970	  4.9128	 17.0061	-21.4303	   7546.574	 -17392.704	 -44106.063	       .000	  -3818201.5	  11275060.4	 -12554170.1	   5090994.1	  .3384529	  440.	  310.608	   2	   2	 101	  20	 201	 N-DOCOSANE	
   76	   76	     638675	  5.1236	 17.5352	-21.8503	   7602.166	 -17818.377	 -45794.713	       .000	  -4112275.9	  12473688.0	 -14395713.1	   6024140.7	  .3511714	  460.	  324.635	   2	   2	 101	  21	 201	 N-TRICOSANE	
   77	 1738	     646311	  5.3390	 18.2893	-22.7241	   7666.945	 -18257.804	 -47489.192	       .000	  -4171897.3	  12060028.1	 -12942685.8	   5045357.4	  .3694793	  460.	  338.662	   2	   2	 101	  22	 201	 n-TETRACOSANE	
   78	 8078	     629992	  5.5469	 19.2365	-23.9756	   7564.469	 -18542.080	 -49099.114	       .000	  -4836661.8	  16261684.7	 -21279943.8	   9841515.6	  .3810117	  460.	  352.688	   2	   2	 101	  23	 201	 N-PENTACOSANE	
   79	 8079	     630013	  5.6770	 20.3522	-25.2902	   7755.399	 -19079.036	 -50860.774	       .000	  -5268101.8	  18803521.7	 -26315690.4	  12762499.2	  .3950548	  480.	  366.715	   2	   2	 101	  24	 201	 N-HEXACOSANE	
   80	 8080	     593497	  5.9380	 20.8428	-25.8218	   7484.441	 -19187.630	 -52193.183	       .000	  -4997185.9	  16301370.1	 -21134121.3	   9817169.4	  .4102468	  480.	  380.742	   2	   2	 101	  25	 201	 N-HEPTACOSANE	
 2081	 8083	     423001	  6.8163	 24.1565	-27.6702	  10742.908	 -23728.935	 -61141.588	       .000	  -5877621.8	  19810345.2	 -26122164.3	  12173197.5	  .4340418	  513.	  422.823	   2	   2	 101	  28	 201	 N-TRIACONTANE	
   23	  434	     108087	  1.6004	  4.7814	 -6.2752	   5144.328	  -9136.571	 -15953.111	       .000	   -958506.2	   3920941.8	  -5781801.0	   2814582.6	  .1197490	  250.	  100.205	   3	   4	 102	   1	 201	   2	 301	 24-DIMETHYLPENTANE	
   34	  594	     589435	  1.6681	  5.8108	 -7.6028	   5753.368	  -9861.686	 -18424.073	       .000	  -1086269.8	   3793059.8	  -4653341.0	   1942251.1	  .1389515	  267.	  114.232	   4	   1	 101	   3	 102	   2	 201	   2	 301	 24-DIMETHYLHEXANE	
   35	  595	     592132	  1.7453	  5.8833	 -7.8478	   6047.071	 -10261.737	 -18572.709	       .000	  -1039345.9	   3602261.6	  -4401211.3	   1834450.6	  .1360201	  248.	  114.232	   3	   4	 102	   2	 201	   2	 301	 25-DIMETHYLHEXANE	
 2097	 1667	   15869893	  2.1203	  7.0675	 -9.4257	   8067.059	 -12496.861	 -23990.388	       .000	  -1306568.6	   3840083.7	  -4145235.7	   1604886.5	  .1692703	  271.	  142.285	   4	   1	 101	   3	 102	   4	 201	   2	 301	 25-DIMETHYLOCTANE	
  176	 1450	    1072055	  1.8957	  7.0343	 -9.4410	   7194.735	 -11615.528	 -21367.282	       .000	  -1173546.3	   3639107.4	  -3943318.0	   1473850.6	  .1509956	  261.	  128.259	   3	   4	 102	   3	 201	   2	 301	 26-DIMETHYLHEPTANE	
   18	   79	     591764	  1.8925	  4.3808	 -5.8175	   5402.362	  -9657.409	 -16763.269	       .000	   -954476.7	   3489511.0	  -4414848.8	   1877204.8	  .1189427	  251.	  100.205	   4	   1	 101	   2	 102	   3	 201	   1	 301	 2-METHYLHEXANE	
    8	    7	      78784	  1.3747	  3.5179	 -4.7696	   3599.917	  -7378.041	 -11424.974	       .000	   -627721.3	   2822548.9	  -4616758.9	   2417694.1	  .0864431	  207.	   72.151	   4	   1	 101	   2	 102	   1	 201	   1	 301	 ISOPENTANE	
   28	   81	     592278	  1.8792	  6.1563	 -8.3796	   6642.800	 -11044.946	 -19551.547	       .000	  -1159746.6	   3968767.2	  -4757660.2	   1943724.9	  .1344171	  257.	  114.231	   4	   1	 101	   2	 102	   4	 201	   1	 301	 2-METHYLHEPTANE	
   86	 1478	     871830	  2.3995	  7.0656	 -9.2750	   7609.414	 -12729.061	 -23786.152	       .000	  -1470052.1	   4711442.9	  -5585887.7	   2338042.2	  .1647877	  288.	  142.285	   4	   1	 101	   2	 102	   6	 201	   1	 301	 2-METHYLNONANE	
   91	  611	    3221612	  2.0152	  7.2262	 -9.6926	   7976.072	 -12566.383	 -22451.968	       .000	  -1238343.8	   3936154.0	  -4705778.2	   2003266.4	  .1498932	  262.	  128.258	   4	   1	 101	   2	 102	   5	 201	   1	 301	 2-METHYLOCTANE	
   12	   52	     107835	  1.5153	  4.4509	 -5.9264	   4491.624	  -8420.632	 -13885.070	       .000	   -842081.8	   3712898.1	  -5857157.8	   2980714.1	  .1006888	  224.	   86.178	   4	   1	 101	   2	 102	   2	 201	   1	 301	 2-METHYLPENTANE	
   94	 1451	   15869804	  2.1563	  5.9079	 -7.2875	   6748.830	 -11243.276	 -21997.656	       .000	  -1314114.7	   4340386.5	  -4966895.1	   1938771.6	  .1485365	  305.	  128.258	   3	   3	 101	   5	 201	   1	 301	 3-ETHYLHEPTANE	
   20	  436	     617787	  1.7209	  4.8132	 -6.0140	   5191.999	  -9338.008	 -17021.824	       .000	   -975710.4	   3747273.0	  -5132322.1	   2357395.5	  .1186398	  300.	  100.205	   3	   3	 101	   3	 201	   1	 301	 3-ETHYLPENTANE	
   29	  590	     589811	  1.8277	  6.0243	 -7.9715	   6331.300	 -10680.397	 -19482.381	       .000	  -1195313.6	   4297486.6	  -5492024.8	   2385418.7	  .1341833	  271.	  114.231	   4	   2	 101	   1	 102	   4	 201	   1	 301	 3-METHYLHEPTANE	
   19	   80	     589344	  1.6857	  4.8493	 -6.3891	   5290.461	  -9441.008	 -16750.889	       .000	   -983647.0	   3685016.3	  -4926626.7	   2220555.3	  .1177513	  265.	  100.205	   4	   2	 101	   1	 102	   3	 201	   1	 301	 3-METHYLHEXANE	
   85	 1479	    5911046	  2.3650	  6.8591	 -9.1164	   8007.783	 -12876.311	 -24340.608	       .000	  -1419334.6	   4121283.3	  -4373948.7	   1667247.6	  .1650777	  295.	  142.285	   4	   2	 101	   1	 102	   6	 201	   1	 301	 3-METHYLNONANE	
   92	  850	    2216333	  2.0420	  6.7866	 -9.0522	   7747.858	 -12243.699	 -22486.086	       .000	  -1228569.1	   3496928.2	  -3345391.6	   1073477.3	  .1505636	  284.	  128.258	   4	   2	 101	   1	 102	   5	 201	   1	 301	 3-METHYLOCTANE	
   13	   53	      96140	  1.4571	  4.5763	 -5.9117	   4473.041	  -8457.916	 -14274.524	       .000	   -915544.4	   4069856.5	  -6428197.9	   3268658.3	  .1022305	  243.	   86.178	   4	   2	 101	   1	 102	   2	 201	   1	 301	 3-METHYLPENTANE	
   30	  591	     589537	  1.8832	  5.6296	 -7.3897	   6325.696	 -10642.930	 -19460.706	       .000	  -1199852.7	   4359394.6	  -5682309.3	   2518425.9	  .1345066	  265.	  114.231	   4	   2	 101	   1	 102	   4	 201	   1	 301	 4-METHYLHEPTANE	
   87	 1480	   17301949	  2.1893	  7.9004	-10.4788	   7774.098	 -12588.127	 -24102.809	       .000	  -1481024.7	   4597407.5	  -5260195.5	   2138546.5	  .1671828	  288.	  142.285	   4	   2	 101	   1	 102	   6	 201	   1	 301	 4-METHYLNONANE	
   93	  851	    2216344	  2.0814	  6.3849	 -8.4793	   7380.763	 -11858.985	 -22122.555	       .000	  -1412834.7	   5057749.3	  -6709981.2	   3059344.7	  .1519738	  278.	  128.258	   4	   2	 101	   1	 102	   5	 201	   1	 301	 4-METHYLOCTANE	
   88	 1481	   15869859	  2.3724	  7.0155	 -9.5436	   7626.952	 -12459.641	 -24039.025	       .000	  -1569615.0	   5401822.8	  -7021199.7	   3182139.2	  .1683096	  288.	  142.285	   4	   2	 101	   1	 102	   6	 201	   1	 301	 5-METHYLNONANE	
   15	   55	      79298	  1.3593	  4.1483	 -5.3673	   4257.703	  -8126.242	 -13598.657	       .000	   -788805.5	   3389274.9	  -5294521.1	   2688496.2	  .1028251	  225.	   86.178	   2	   4	 102	   2	 301	 23-DIMETHYLBUTANE	
   22	  433	     565593	  1.4055	  5.2568	 -6.6545	   4803.520	  -8830.981	 -16097.521	       .000	   -894574.0	   3277221.7	  -4305955.4	   1918621.0	  .1174611	  242.	  100.205	   4	   1	 101	   3	 102	   1	 201	   2	 301	 23-DIMETHYLPENTANE	
   33	  593	     584941	  1.6222	  5.7908	 -7.4381	   5769.876	  -9945.923	 -18689.365	       .000	  -1122980.5	   3943860.7	  -4856305.7	   2030701.4	  .1344922	  266.	  114.232	   4	   1	 101	   3	 102	   2	 201	   2	 301	 23-DIMETHYLHEXANE	
 2095	 1665	    7146603	  2.0438	  7.3087	 -9.7040	   7894.551	 -12408.362	 -24003.116	       .000	  -1396420.5	   4078731.0	  -4325121.7	   1637453.4	  .1681918	  276.	  142.285	   4	   1	 101	   3	 102	   4	 201	   2	 301	 23-DIMETHYLOCTANE	
    9	    9	     463821	  1.3775	  3.5047	 -4.2490	   4164.049	  -7677.589	 -11106.059	       .000	   -562414.6	   2695447.3	  -4884238.7	   2746324.4	  .0863471	  260.	   72.151	   2	   4	 103	   1	 401	 NEOPENTANE	
   14	   54	      75832	  1.5411	  4.1187	 -5.0396	   4080.833	  -7869.681	 -13572.128	       .000	   -729054.7	   3082370.9	  -4863278.5	   2504878.2	  .1035708	  220.	   86.178	   4	   1	 101	   3	 103	   1	 201	   1	 401	 22-DIMETHYLBUTANE	
   44	  603	     594821	   .4866	 11.7214	-16.4138	   3181.121	  -7083.774	 -16613.984	       .000	   -924437.4	   3142590.2	  -4285326.4	   2060249.8	  .1349153	  400.	  114.232	   2	   6	 103	   2	 401	 2233-TETRAMETHYLBUTANE	
   25	  437	     464062	  1.4472	  4.0786	 -4.6471	   3891.092	  -7735.971	 -15105.836	       .000	   -867572.5	   3268109.9	  -4566129.9	   2161103.0	  .1189542	  280.	  100.205	   4	   2	 102	   3	 103	   1	 301	   1	 401	 223-TRIMETHYLBUTANE	
   41	   82	     540841	  1.5664	  5.0687	 -6.3724	   5065.227	  -8953.252	 -17208.279	       .000	   -953053.5	   3187937.8	  -3885143.7	   1646322.7	  .1371593	  250.	  114.232	   5	   2	 102	   3	 103	   1	 201	   1	 301	   1	 401	 224-TRIMETHYLPENTANE	
   47	  370	    3522949	  1.8887	  6.2096	 -7.9871	   6317.123	 -10466.473	 -20323.625	       .000	  -1054922.3	   3198372.2	  -3349032.3	   1202025.2	  .1535220	  280.	  128.259	   6	   2	 102	   3	 103	   1	 201	   1	 201	   1	 301	   1	 401	 225-TRIMETHYLHEXANE	
   44	  603	     594821	   .4866	 11.7214	-16.4138	   3181.121	  -7083.774	 -16613.984	       .000	   -924437.4	   3142590.2	  -4285326.4	   2060249.8	  .1349153	  400.	  114.232	   2	   6	 103	   2	 401	 2233-TETRAMETHYLBUTANE	
   51	  372	    7154792	  1.3911	  5.6901	 -6.6579	   3232.134	  -7258.162	 -18499.421	       .000	   -983177.5	   2346024.5	  -1496107.0	    130152.3	  .1534680	  320.	  128.259	   4	   1	 101	   5	 103	   1	 201	   2	 401	 2233-TETRAMETHYLPENTANE	
   53	  374	    1070877	  1.6903	  5.6243	 -6.0311	   5807.879	  -9770.753	 -19846.870	       .000	  -1085957.5	   3583253.3	  -4360921.4	   1857871.7	  .1523446	  280.	  128.259	   3	   6	 103	   1	 201	   2	 401	 2244-TETRAMETHYLPENTANE	
   58	 8058	    1071814	  1.9852	  7.2719	 -8.3553	   7655.607	 -11746.858	 -23159.515	       .000	  -1208710.7	   3802619.8	  -4358011.1	   1758498.0	  .1664236	  290.	  142.286	   3	   6	 103	   2	 201	   2	 401	 2255-TETRAMETHYLPENTANE	
  204	   24	     106989	  1.3371	  3.0432	 -4.3485	   2826.931	  -6547.911	  -8859.402	       .000	   -488008.3	   2481280.8	  -4492766.4	   2495763.5	  .0649408	  255.	   56.108	   4	   1	 101	   1	 201	   1	 701	   1	 801	 1-BUTENE	
  209	   29	     109671	  1.5255	  3.5735	 -5.0151	   4148.793	  -8158.670	 -11674.557	       .000	   -714836.0	   3541993.1	  -6246000.4	   3413511.2	  .0806154	  266.	   70.135	   5	   1	 101	   1	 201	   1	 204	   1	 701	   1	 801	 1-PENTENE	
  216	   35	     592416	  1.6188	  4.6094	 -6.3769	   5127.843	  -9362.687	 -14482.014	       .000	   -881255.3	   3884547.5	  -6169020.4	   3160513.6	  .0963666	  213.	   84.162	   5	   1	 101	   2	 201	   1	 204	   1	 701	   1	 801	 1-HEXENE	
  234	   56	     592767	  1.8081	  5.2659	 -7.3184	   6086.963	 -10527.261	 -17186.729	       .000	  -1009160.3	   3907760.8	  -5472981.2	   2569965.3	  .1090935	  268.	   98.189	   5	   1	 101	   3	 201	   1	 204	   1	 701	   1	 801	 1-HEPTENE	
  250	   83	     111660	  1.9926	  6.0676	 -8.4789	   7241.456	 -11843.249	 -19981.470	       .000	  -1173475.6	   4283305.1	  -5819614.3	   2704833.2	  .1273795	  274.	  112.216	   5	   1	 101	   4	 201	   1	 204	   1	 701	   1	 801	 1-OCTENE	
  205	   25	     590181	  1.4983	  3.1359	 -4.6691	   3292.469	  -7026.598	 -10263.404	       .000	   -554621.5	   2664206.0	  -4511752.1	   2398899.8	  .0643887	  220.	   56.108	   2	   2	 122	   2	 801	 cis-2-BUTENE	
  217	  552	    7688213	  1.7048	  4.6591	 -6.5552	   5356.690	  -9614.897	 -15136.302	       .000	   -902194.6	   3893806.4	  -6092205.9	   3095619.4	  .0951806	  247.	   84.162	   5	   1	 101	   1	 122	   1	 201	   1	 204	   2	 801	 cis-2-HEXENE	
  235	  806	    6443921	  1.8715	  5.4466	 -7.6367	   6402.579	 -10821.272	 -17872.410	       .000	  -1070517.0	   4079359.8	  -5643971.0	   2629920.5	  .1115600	  269.	   98.189	   5	   1	 101	   1	 122	   2	 201	   1	 204	   2	 801	 cis-2-HEPTENE	
  276	 1656	    7642048	  2.0888	  6.0087	 -8.4413	   7507.047	 -12107.745	 -20649.099	       .000	  -1274413.1	   4894078.2	  -7166720.6	   3541021.7	  .1273505	  356.	  112.216	   5	   1	 101	   1	 122	   3	 201	   1	 204	   2	 801	 cis-2-OCTENE	
  206	   26	     624646	  1.5330	  2.9294	 -4.4164	   3183.346	  -6872.964	 -10073.024	       .000	   -574275.5	   2753382.6	  -4610918.9	   2428304.9	  .0660430	  193.	   56.108	   2	   2	 122	   2	 801	 trans-2-BUTENE	
  218	  553	    4050457	  1.6986	  4.6697	 -6.5404	   5395.477	  -9637.569	 -15153.358	       .000	   -881147.6	   3652422.2	  -5495828.3	   2719641.1	  .0947911	  248.	   84.162	   5	   1	 101	   1	 122	   1	 201	   1	 204	   2	 801	 trans-2-HEXENE	
  236	 1393	   14686136	  1.8096	  5.7700	 -8.0402	   6222.693	 -10585.644	 -17847.843	       .000	  -1073903.1	   4107901.5	  -5710033.4	   2671756.7	  .1137978	  269.	   98.189	   4	   1	 101	   1	 122	   3	 201	   2	 801	 trans-2-HEPTENE	
  251	  585	   13389429	  2.0774	  6.0237	 -8.4283	   7375.689	 -11945.635	 -20409.911	       .000	  -1246289.0	   4540339.2	  -6229177.8	   2928727.1	  .1280440	  288.	  112.216	   5	   1	 101	   1	 122	   3	 201	   1	 204	   2	 801	 trans-2-OCTENE	
  303	   28	     106990	  1.5816	  2.5070	 -3.8647	   2028.240	  -5917.026	  -8647.223	       .000	   -537135.8	   2680570.9	  -4637096.2	   2490222.3	  .0609324	  205.	   54.092	   2	   2	 701	   2	 802	 13-BUTADIENE	
  305	  724	    1574410	  1.5513	  3.4485	 -4.8735	   3908.514	  -7888.970	 -12879.496	       .000	   -746242.9	   3126660.0	  -4601099.8	   2217583.4	  .0763883	  226.	   68.119	   4	   1	 122	   1	 701	   1	 801	   2	 802	 cis-13-PENTADIENE	
  306	  297	    2004708	  1.5269	  3.5563	 -5.0347	   3925.399	  -7855.518	 -12792.952	       .000	   -770781.6	   3312420.3	  -4972890.5	   2427617.1	  .0779066	  226.	   68.119	   4	   1	 122	   1	 701	   1	 801	   2	 802	 trans-13-PENTADIENE	
  501	   40	      71432	  1.3628	  2.8002	  -.8613	   4949.282	  -9604.886	 -14554.933	       .000	  -1055960.8	   4982431.2	  -8522100.0	   4587528.7	  .0690356	  279.	   78.115	   1	   6	 501	 BENZENE	
  502	   41	     108883	  1.4604	  3.2809	 -4.2384	   5117.388	  -9711.876	 -16150.922	       .000	  -1131657.9	   4525025.5	  -6828698.5	   3429249.1	  .0893187	  281.	   92.142	   3	   1	 104	   5	 501	   1	 601	 TOLUENE	
  507	   44	     106423	  1.6436	  4.2533	 -5.5927	   6273.879	 -11046.038	 -18944.997	       .000	  -1340811.6	   4955052.3	  -6913544.4	   3291906.8	  .1054228	  308.	  106.169	   3	   2	 104	   4	 501	   2	 601	 p-XYLENE	
  506	   43	     108383	  2.0023	  4.6684	 -3.8844	   7820.599	 -12840.286	 -21430.387	       .000	  -1383925.5	   5656117.4	  -8377808.8	   4099037.4	  .1005748	  309.	  106.169	   3	   2	 104	   4	 501	   2	 601	 m-XYLENE	
  516	   77	     108678	  1.9587	  5.2486	 -6.8085	   7912.940	 -12890.174	 -22591.038	       .000	  -1501428.7	   5138331.5	  -6324599.1	   2683545.5	  .1196180	  351.	  120.196	   3	   3	 104	   3	 501	   3	 601	 MESITYLENE	
  504	   45	     100414	  1.8488	  4.0901	 -3.8336	   6927.231	 -11821.916	 -20055.101	       .000	  -1381488.9	   5415920.1	  -7521802.9	   3481293.4	  .1019717	  309.	  106.168	   4	   1	 101	   1	 208	   5	 501	   1	 601	 ETHYLBENZENE	
  509	   70	     103651	  1.7433	  4.3740	 -5.7201	   5881.510	 -10622.655	 -20318.673	       .000	  -1363932.3	   4071340.6	  -4020399.4	   1311483.8	  .1244833	  319.	  120.195	   5	   1	 101	   1	 201	   1	 208	   5	 501	   1	 601	 n-PROPYLBENZENE	
  518	   78	     104518	  2.2260	  5.9491	 -5.8747	   8698.285	 -13888.181	 -25526.425	       .000	  -1696797.4	   5721157.0	  -6874403.6	   2846232.7	  .1341202	  330.	  134.222	   5	   1	 101	   2	 201	   1	 208	   5	 501	   1	 601	 n-BUTYLBENZENE	
  701	  185	      91203	  1.8417	  3.5083	 -2.7318	   7076.555	 -12524.637	 -24549.580	       .000	  -1956465.5	   5990836.7	  -5632835.8	   1596292.9	  .1133160	  393.	  128.175	   2	   8	 501	   2	 605	 NAPHTHALENE	
  804	  409	     120127	  1.9748	  4.1929	 -5.6860	   8206.048	 -13989.984	 -32091.859	       .000	  -2674837.4	   2673012.7	   6263001.6	  -6256849.8	  .1612080	  489.	  178.236	   2	  10	 501	   4	 605	 ANTHRACENE	
  805	  200	      85018	  1.8112	  4.5908	 -6.1618	   7616.597	 -13205.292	 -31305.608	       .000	  -2415984.2	    993214.0	   9604524.8	  -8169730.6	  .1600690	  403.	  178.236	   2	  10	 501	   4	 605	 PHENANTHRENE	
  137	   38	     110827	   .9783	  3.1733	 -4.6139	   4120.718	  -8277.771	 -12972.864	       .000	   -910178.2	   3968828.6	  -6602652.3	   3537098.7	  .0895764	  280.	   84.161	   1	   6	 209	 CYCLOHEXANE	
  138	   39	     108872	  1.1862	  3.3318	 -4.7073	   4297.472	  -8461.240	 -14679.660	       .000	  -1011545.3	   4010852.8	  -6003896.7	   2997623.1	  .1091776	  286.	   98.189	   3	   1	 102	   5	 209	   1	 301	 METHYLCYCLOHEXANE	
  140	   60	    1678917	  1.4373	  3.9738	 -5.4972	   5651.961	 -10098.909	 -17688.369	       .000	  -1259141.8	   4691503.5	  -6462899.2	   3023015.1	  .1230522	  305.	  112.215	   4	   1	 101	   5	 209	   1	 219	   1	 301	 ETHYLCYCLOHEXANE	
  149	  184	    1678928	  1.5980	  5.1790	 -6.9257	   6969.481	 -11570.580	 -20711.322	       .000	  -1356368.2	   4611258.9	  -5730885.5	   2470296.8	  .1389554	  320.	  126.242	   5	   1	 101	   1	 201	   5	 209	   1	 219	   1	 301	 n-PROPYLCYCLOHEXANE	
  152	  190	    1678939	  1.9537	  4.7921	 -6.5348	   6681.973	 -11507.531	 -22379.494	       .000	  -1503471.1	   4523144.3	  -4832322.3	   1809854.1	  .1573077	  334.	  140.269	   5	   1	 101	   2	 201	   5	 209	   1	 219	   1	 301	 n-BUTYLCYCLOHEXANE	
  145	   84	    2207036	  1.4059	  3.5078	 -4.8780	   4547.719	  -8812.125	 -16609.139	       .000	  -1030963.5	   3286684.6	  -3690975.3	   1431131.1	  .1265863	  299.	  112.216	   3	   2	 102	   4	 209	   2	 301	 trans-13-DIMETHYLCycC6	
  147	   86	    2207047	  1.3282	  3.8899	 -5.3037	   4558.568	  -8746.241	 -16380.318	       .000	  -1073800.2	   3761825.0	  -4839705.7	   2147037.0	  .1284926	  295.	  112.216	   3	   2	 102	   4	 209	   2	 301	 trans-14-DIMETHYLCycC6	
  150	  366	     696297	  1.5535	  4.2830	 -5.2208	   5210.030	  -9736.256	 -19276.376	       .000	  -1290154.6	   4261693.7	  -4866446.2	   1892163.4	  .1402383	  282.	  126.243	   3	   2	 102	   5	 209	   2	 306	 ISOPROPYLCYCLOHEXANE	
 1003	  261	     123386	  1.3558	  2.9425	 -4.3032	   3249.991	  -7608.076	 -11764.139	       .000	   -775082.2	   3590827.9	  -5990199.9	   3170099.8	  .0573090	  235.	   58.080	   4	   1	 101	   1	 217	   1	 805	   1	1606	 1-PROPANAL	
 1005	  448	     123728	  1.5077	  3.6519	 -5.1545	   4218.339	  -8636.818	 -14177.563	       .000	   -874020.7	   3528308.5	  -5231476.6	   2572912.4	  .0733858	  331.	   72.107	   5	   1	 101	   1	 201	   1	 217	   1	 805	   1	1606	 1-BUTANAL	
 1007	  303	     110623	  1.6639	  4.5161	 -6.2360	   5310.587	  -9878.812	 -16892.454	       .000	  -1016618.4	   3795792.1	  -5276646.6	   2493737.0	  .0880017	  307.	   86.134	   5	   1	 101	   2	 201	   1	 217	   1	 805	   1	1606	 1-PENTANAL	
 1009	  770	      66251	  1.7923	  5.4170	 -7.5096	   6223.897	 -10914.177	 -19373.497	       .000	  -1223547.6	   4294078.0	  -5704268.9	   2629316.1	  .1040563	  351.	  100.161	   5	   1	 101	   3	 201	   1	 217	   1	 805	   1	1606	 1-HEXANAL	
 1008	  808	     111717	  1.9685	  6.2569	 -8.6316	   7203.356	 -12061.531	 -21957.242	       .000	  -1344109.8	   4464297.6	  -5925550.6	   2798986.3	  .1191555	  289.	  114.188	   5	   1	 101	   4	 201	   1	 217	   1	 805	   1	1606	 1-HEPTANAL	
 1010	 1421	     124130	  2.2162	  6.7705	 -9.1881	   7541.597	 -12732.563	 -23933.141	       .000	  -1539096.8	   5079435.2	  -6772326.6	   3224091.1	  .1316254	  295.	  128.215	   5	   1	 101	   5	 201	   1	 217	   1	 805	   1	1606	 1-OCTANAL	
 1011	  849	     124196	  2.4770	  7.5745	-10.0956	  10117.633	 -15268.047	 -28050.548	       .000	  -1616671.2	   4885193.4	  -7117501.3	   3834342.2	  .1467769	  300.	  142.242	   5	   1	 101	   6	 201	   1	 217	   1	 805	   1	1606	 1-NONANAL	
 1020	  869	     112312	  2.6489	  8.1177	-11.0376	   7774.352	 -13599.061	 -27359.226	       .000	  -1810564.3	   5324526.9	  -6176486.5	   2655525.7	  .1618860	  365.	  156.269	   5	   1	 101	   7	 201	   1	 217	   1	 805	   1	1606	 1-DECANAL	
 1021	 1487	     112447	  2.8625	  9.2343	-12.0674	  12551.116	 -17980.899	 -33709.068	       .000	  -2021597.8	   6622541.7	 -11822375.6	   7193439.4	  .1763057	  327.	  170.296	   5	   1	 101	   8	 201	   1	 217	   1	 805	   1	1606	 1-UNDECANAL	
 1025	  889	     112549	  3.0370	  9.8500	-12.9883	  13579.790	 -19036.050	 -36008.699	       .000	  -2238229.6	   7951873.3	 -15772332.2	  10022646.2	  .1978279	  400.	  184.322	   5	   1	 101	   9	 201	   1	 217	   1	 805	   1	1606	 1-DODECANAL	
 1026	 1503	   10486198	  3.3441	 10.5187	-13.6094	  15061.001	 -20699.442	 -39212.499	       .000	  -2562036.7	   9110332.0	 -18169545.2	  11579193.7	  .2117469	  440.	  198.349	   5	   1	 101	  10	 201	   1	 217	   1	 805	   1	1606	 1-TRIDECANAL	
 1103	  146	      71238	  1.3125	  3.1342	 -4.5276	   3806.980	  -9028.397	 -13628.443	       .000	   -771547.6	   3538865.6	  -6012371.4	   3240456.2	  .1542695	  255.	   60.096	   4	   1	 101	   1	 201	   1	 203	   1	1403	 1-PROPANOL	
 1105	  160	      71363	  1.4979	  3.6584	 -5.2037	   4913.378	 -10046.161	 -16311.899	       .000	   -987727.7	   4252165.2	  -6722723.2	   3452668.2	  .2133583	  254.	   74.123	   4	   1	 101	   2	 201	   1	 203	   1	1403	 1-BUTANOL	
 1109	  313	      71410	  1.5668	  4.5560	 -6.1682	   5946.929	 -11283.571	 -19372.581	       .000	  -1180651.4	   4619085.9	  -6642022.9	   3198579.6	  .0899766	  278.	   88.150	   4	   1	 101	   3	 201	   1	 203	   1	1403	 1-PENTANOL	
 1114	  335	     111273	  1.7966	  5.2991	 -7.2962	   6971.313	 -12314.261	 -21980.280	       .000	  -1325010.0	   4802629.2	  -6492152.0	   3009248.3	  .1038852	  290.	  102.177	   4	   1	 101	   4	 201	   1	 203	   1	1403	 1-HEXANOL	
 1125	  357	     111706	  1.9289	  6.2018	 -8.4966	   7906.247	 -13368.964	 -24469.588	       .000	  -1589887.6	   5694303.0	  -7771948.3	   3661053.7	  .1197514	  300.	  116.204	   4	   1	 101	   5	 201	   1	 203	   1	1403	 1-HEPTANOL	
 1132	  360	     111875	  2.1552	  6.6643	 -9.0890	   8468.171	 -14136.905	 -26627.735	       .000	  -1710021.5	   5843604.6	  -7810183.6	   3668231.4	  .1340206	  294.	  130.231	   4	   1	 101	   6	 201	   1	 203	   1	1403	 1-OCTANOL	
 1134	  613	     143088	  2.3318	  7.4290	 -9.9556	   8417.952	 -14401.438	 -28236.663	       .000	  -1842350.1	   5975073.4	  -7558172.5	   3417082.2	  .1465625	  301.	  144.257	   4	   1	 101	   7	 201	   1	 203	   1	1403	 1-NONANOL	
 1136	  396	     112301	  2.5006	  8.4579	-11.3290	   8720.318	 -14937.770	 -29908.052	       .000	  -1913049.3	   5579922.1	  -6207145.8	   2533322.3	  .1617525	  308.	  158.284	   4	   1	 101	   8	 201	   1	 203	   1	1403	 1-DECANOL	
 1104	  145	      67630	  1.1849	  2.8103	 -4.3254	   2887.197	  -7755.704	 -12546.367	       .000	   -814662.9	   3609124.1	  -6915352.8	   4110489.2	  .0629713	  275.	   60.096	   3	   2	 101	   1	 303	   1	1404	 ISOPROPANOL	
 1107	  450	      78922	  1.3261	  3.6205	 -5.1674	   3967.055	  -8857.873	 -15180.923	       .000	   -996417.7	   4199823.1	  -7416448.4	   4203560.3	  .0764483	  270.	   74.123	   5	   1	 101	   1	 101	   1	 201	   1	 303	   1	1404	 2-BUTANOL	
 1110	  499	    6032297	  1.5213	  4.6516	 -6.3166	   5176.315	 -10189.279	 -18015.492	       .000	  -1146276.7	   4478191.7	  -7321486.8	   3979405.1	  .0907716	  280.	   88.150	   5	   1	 101	   1	 101	   2	 201	   1	 303	   1	1404	 2-PENTANOL	
 1115	 1364	     626937	  1.7616	  4.9973	 -6.9725	   6079.839	 -11008.675	 -20041.529	       .000	  -1299439.9	   4699357.4	  -7044334.8	   3635492.0	  .1063763	  315.	  102.177	   5	   1	 101	   1	 101	   3	 201	   1	 303	   1	1404	 2-HEXANOL	
 1126	  822	     543497	  1.9279	  6.0846	 -8.1808	   7483.618	 -12622.788	 -23243.223	       .000	  -1547242.5	   5751302.8	  -8917080.0	   4702198.1	  .1206721	  300.	  116.204	   5	   1	 101	   1	 101	   4	 201	   1	 303	   1	1404	 2-HEPTANOL	
 1133	  361	     123966	  2.1001	  6.6912	 -9.3104	   8241.671	 -13404.092	 -25243.130	       .000	  -1573663.5	   4886644.3	  -6800587.8	   3474048.6	  .1322337	  320.	  130.231	   5	   1	 101	   1	 101	   5	 201	   1	 303	   1	1404	 2-OCTANOL	
 1135	 1452	   70419066	  2.4961	  7.0850	 -9.2208	   9879.019	 -15288.808	 -28830.479	       .000	  -1814336.1	   5950935.8	  -9045401.3	   4891038.6	  .1532434	  325.	  144.258	   5	   1	 101	   1	 101	   6	 201	   1	 303	   1	1404	 2-NONANOL	
 1120	  500	     584021	  1.5802	  4.4016	 -5.7314	   5346.954	 -10465.404	 -18517.190	       .000	  -1162123.5	   4416988.4	  -7027457.6	   3763162.6	  .0883095	  245.	   88.150	   4	   2	 101	   2	 201	   1	 303	   1	1404	 3-PENTANOL	
 1116	 1116	     623370	  1.7483	  4.9424	 -6.6167	   5954.258	 -10903.961	 -19969.966	       .000	  -1277345.5	   4599789.4	  -6833487.1	   3503186.2	  .1042163	  293.	  102.177	   4	   2	 101	   3	 201	   1	 303	   1	1404	 3-HEXANOL	
 1127	 1127	     589822	  1.9390	  5.9470	 -7.7964	   7282.875	 -12360.277	 -22910.498	       .000	  -1460283.1	   5158401.4	  -7556064.1	   3848806.0	  .1190177	  303.	  116.204	   4	   2	 101	   4	 201	   1	 303	   1	1404	 3-HEPTANOL	
 1719	  271	      75310	  1.1007	  3.1809	 -4.5602	   2412.811	  -6273.893	 -10599.876	       .000	   -623273.4	   2629077.2	  -4413568.0	   2403235.3	  .0662103	  225.	   59.112	   3	   2	 102	   1	 311	   1	1904	 ISOPROPYLAMINE	
 1726	  717	   13952846	  1.2702	  3.7026	 -5.1287	   3131.924	  -7117.407	 -12964.132	       .000	   -771306.8	   2939576.6	  -4479501.8	   2306821.2	  .0819799	  280.	   73.138	   5	   1	 101	   1	 102	   1	 201	   1	 311	   1	1904	 sec-BUTYLAMINE	
 1705	 2054	     594398	  1.4092	  4.3021	 -5.2359	   3388.940	  -7324.710	 -14630.481	       .000	   -827239.8	   2943129.5	  -4341862.1	   2220333.0	  .0966120	  350.	   87.165	   5	   1	 101	   2	 103	   1	 201	   1	 401	   1	1904	 2Butyl2MethylAmine	
 1727	  718	      75649	  1.3041	  3.9367	 -4.9054	   3223.967	  -7043.853	 -12376.153	       .000	   -670916.4	   2794322.5	  -4872735.9	   2743297.4	  .0814350	  275.	   73.139	   3	   3	 103	   1	 401	   1	1904	 tert-BUTYLAMINE	
 1729	  777	     108918	  1.0923	  3.4172	 -4.8364	   3594.673	  -7930.928	 -15873.360	       .000	  -1117273.2	   3758967.1	  -5182715.0	   2534436.9	  .1034052	  311.	   99.176	   3	   5	 209	   1	 311	   1	1904	 CYCLOHEXYLAMINE	
 1710	  294	     109897	  1.5102	  4.0897	 -5.5774	   4062.191	  -8146.334	 -13589.178	       .000	   -839369.0	   3594909.8	  -5618225.2	   2857734.0	  .0812623	  248.	   73.138	   3	   2	 101	   2	 211	   1	2001	 DIETHYLAMINE	
 1707	  338	     142847	  1.9112	  5.4605	 -7.6675	   5883.045	 -10300.880	 -18536.493	       .000	  -1083488.8	   3560495.4	  -4250330.6	   1769972.6	  .1124068	  248.	  101.192	   4	   2	 101	   2	 201	   2	 211	   1	2001	 DI-n-PROPYLAMINE	
 1744	  364	     111922	  2.2885	  6.8804	 -9.3833	   7130.727	 -12100.772	 -22965.804	       .000	  -1377734.0	   3977889.9	  -4398152.6	   1793648.8	  .1437035	  271.	  129.246	   4	   2	 101	   4	 201	   2	 211	   1	2001	 DI-n-BUTYLAMINE	
 1704	  138	      75047	  1.1391	  2.5133	 -3.5560	   1993.868	  -6453.307	  -8467.260	       .000	   -537898.9	   2756815.1	  -5236623.8	   3012771.8	  .0474080	  210.	   45.084	   3	   1	 101	   1	 211	   1	1901	 ETHYLAMINE	
 1711	  270	     107108	  1.2856	  3.2389	 -4.4167	   3544.470	  -8043.107	 -11566.596	       .000	   -731228.6	   3518075.6	  -6232376.3	   3439561.6	  .0617049	  224.	   59.111	   4	   1	 101	   1	 201	   1	 211	   1	1901	 n-PROPYLAMINE	
 1712	  292	     109739	  1.4633	  3.8010	 -5.2093	   4576.686	  -9182.812	 -14251.924	       .000	   -947976.5	   4295236.4	  -7137924.2	   3784039.1	  .0767242	  239.	   73.138	   4	   1	 101	   2	 201	   1	 211	   1	1901	 n-BUTYLAMINE	
 1713	  502	     110587	  1.6193	  4.6726	 -6.2456	   5724.862	 -10447.160	 -16997.596	       .000	  -1105278.8	   4555678.0	  -6898571.6	   3442476.9	  .0924976	  250.	   87.165	   4	   1	 101	   3	 201	   1	 211	   1	1901	 n-PENTYLAMINE	
 2706	  787	     111262	  1.7878	  5.5672	 -7.4908	   6887.099	 -11754.288	 -19816.334	       .000	  -1263710.0	   4876996.6	  -7050775.3	   3431388.7	  .1084928	  263.	  101.192	   4	   1	 101	   4	 201	   1	 211	   1	1901	 n-HEXYLAMINE	
 2707	  823	     111682	  1.9581	  6.4249	 -8.6356	   8139.293	 -13153.580	 -22686.400	       .000	  -1407423.3	   4958069.2	  -6782712.1	   3225197.0	  .1236973	  273.	  115.219	   4	   1	 101	   5	 201	   1	 211	   1	1901	 n-HEPTYLAMINE	
 2708	  839	     111864	  2.1868	  7.1022	 -9.6450	   8448.762	 -13749.225	 -24489.799	       .000	  -1566992.1	   5380145.2	  -7288936.6	   3467345.0	  .1406226	  282.	  129.246	   4	   1	 101	   6	 201	   1	 211	   1	1901	 n-OCTYLAMINE	
 2709	  853	     112209	  2.3563	  7.7326	-10.2656	   8496.374	 -14113.708	 -26207.177	       .000	  -1766599.9	   5987561.6	  -7961748.5	   3731859.6	  .1567616	  292.	  143.273	   4	   1	 101	   7	 201	   1	 211	   1	1901	 n-NONYLAMINE	
 1051	  140	      67641	  1.3338	  3.0190	 -4.1439	   2783.735	  -7285.190	 -11679.848	       .000	   -764275.6	   3532047.5	  -5776385.9	   3004850.1	  .0588033	  241.	   58.080	   3	   2	 117	   1	 903	   1	1601	 ACETONE	
 1052	  153	      78933	  1.4295	  3.8468	 -5.0124	   4415.213	  -8806.927	 -14717.014	       .000	   -875512.5	   3744971.7	  -5760544.7	   2886105.9	  .0741154	  254.	   72.107	   5	   1	 101	   1	 117	   1	 206	   1	 903	   1	1601	 METHYLETHYLKETONE	
 1060	  304	     107879	  1.5340	  4.4388	 -5.9464	   4886.260	  -9390.162	 -16484.499	       .000	  -1038189.1	   3975699.8	  -5360645.0	   2418682.4	  .0892981	  267.	   86.134	   6	   1	 101	   1	 117	   1	 201	   1	 206	   1	 903	   1	1601	 2-PENTANONE	
 1062	  771	     591786	  1.6748	  5.4438	 -7.0523	   6229.257	 -10800.050	 -19627.974	       .000	  -1245584.1	   4507458.4	  -5768650.0	   2501667.4	  .1049986	  279.	  100.161	   6	   1	 101	   1	 117	   2	 201	   1	 206	   1	 903	   1	1601	 2-HEXANONE	
 1063	  809	     110430	  1.8610	  6.3019	 -8.1758	   7396.854	 -12085.080	 -22351.099	       .000	  -1376657.2	   4633261.3	  -5627542.8	   2365817.1	  .1201405	  290.	  114.188	   6	   1	 101	   1	 117	   3	 201	   1	 206	   1	 903	   1	1601	 2-HEPTANONE	
 1083	 1422	     111137	  1.8873	  8.1691	-10.8115	  10327.834	 -14953.757	 -26440.887	       .000	  -1552326.4	   5093513.8	  -6603628.5	   3049819.3	  .1347418	  318.	  128.215	   6	   1	 101	   1	 117	   4	 201	   1	 206	   1	 903	   1	1601	 2-OCTANONE	
 1074	 1444	     821556	  2.2297	  7.9948	-10.4080	   8493.842	 -13730.760	 -26434.064	       .000	  -1673474.0	   5200355.0	  -6209744.2	   2674829.5	  .1500340	  338.	  142.242	   6	   1	 101	   1	 117	   5	 201	   1	 206	   1	 903	   1	1601	 2-NONANONE	
 1053	  165	      96220	  1.4937	  4.4865	 -5.7434	   4953.446	  -9341.158	 -16700.925	       .000	  -1041751.6	   4139667.8	  -5870033.5	   2766603.0	  .0896617	  266.	   86.134	   4	   2	 101	   2	 206	   1	 903	   1	1601	 3-PENTANONE	
 1059	 1356	     589388	  1.6529	  5.2507	 -6.7479	   5734.646	 -10215.222	 -19053.473	       .000	  -1144726.2	   3980131.6	  -4826949.2	   1986915.0	  .1046020	  262.	  100.161	   5	   2	 101	   1	 201	   2	 206	   1	 903	   1	1601	 3-HEXANONE	
 1057	 1400	     106354	  1.7836	  6.1402	 -7.8702	   6946.966	 -11577.580	 -21901.260	       .000	  -1326171.5	   4276644.7	  -4792785.8	   1838545.2	  .1186424	  315.	  114.188	   5	   2	 101	   2	 201	   2	 206	   1	 903	   1	1601	 3-HEPTANONE	
 2083	 2083	     106683	  1.7944	  7.8574	-10.2182	   9922.899	 -14388.702	 -25814.332	       .000	  -1461215.4	   4513181.8	  -5282260.4	   2217276.1	  .1340195	  304.	  128.215	   5	   2	 101	   3	 201	   2	 206	   1	 903	   1	1601	 3-OCTANONE	
 2085	 2085	     925780	  2.4592	  6.0579	 -7.9755	  10811.398	 -15602.599	 -28173.614	       .000	  -1613222.9	   4814596.9	  -5672410.2	   2457404.9	  .1481617	  307.	  142.242	   5	   2	 101	   4	 201	   2	 206	   1	 903	   1	1601	 3-NONANONE	
 1058	 1401	     123193	  1.7773	  6.1038	 -7.8463	   6589.769	 -11124.117	 -21343.167	       .000	  -1305268.6	   4140511.1	  -4518866.5	   1680001.5	  .1174918	  298.	  114.188	   5	   2	 101	   2	 201	   2	 206	   1	 903	   1	1601	 4-HEPTANONE	
 2084	 2084	     589639	  1.8232	  7.6588	 -9.9749	   9559.548	 -13993.943	 -25414.986	       .000	  -1465897.0	   4607219.3	  -5507586.1	   2354589.0	  .1334275	  320.	  128.215	   5	   2	 101	   3	 201	   2	 206	   1	 903	   1	1601	 4-OCTANONE	
 2087	 2087	    4485090	  1.9785	  8.7290	-11.2970	  10538.260	 -15276.187	 -27880.579	       .000	  -1617844.0	   4941286.9	  -5909559.1	   2574760.2	  .1510618	  330.	  142.242	   5	   2	 101	   4	 201	   2	 206	   1	 903	   1	1601	 4-NONANONE	
 1073	  610	     502567	  2.2094	  7.3232	 -9.4202	   8295.967	 -13269.653	 -26067.543	       .000	  -1606644.1	   4535797.9	  -4522486.4	   1587997.4	  .1516499	  375.	  142.242	   5	   2	 101	   4	 201	   2	 206	   1	 903	   1	1601	 5-NONANONE	
 1181	  174	     108952	  1.2780	  3.7554	 -5.2130	   6101.979	 -11491.989	 -20004.191	       .000	  -1573710.7	   6186006.2	  -9241371.2	   4618709.4	  .0776920	  350.	   94.114	   4	   3	 501	   2	 501	   1	 601	   1	1406	 PHENOL	
 1182	  177	      95487	  1.5036	  4.7845	 -6.2864	   8313.613	 -13418.964	 -23579.432	       .000	  -1667752.1	   6098876.9	  -8915685.5	   4468330.6	  .0908028	  350.	  108.141	   7	   1	 104	   2	 501	   1	 501	   1	 501	   1	 601	   1	 601	   1	1406	 o-CRESOL	
 1183	  346	     108394	  1.5965	  4.3507	 -5.9298	   8373.837	 -13557.086	 -24302.166	       .000	  -1732125.1	   5640750.0	  -7286920.9	   3364225.8	  .0925223	  360.	  108.141	   8	   1	 104	   1	 501	   1	 501	   1	 501	   1	 505	   1	 601	   1	 601	   1	1406	 m-CRESOL	
 1184	  347	     106445	  1.5888	  4.3626	 -5.9129	   8710.807	 -14124.802	 -24060.720	       .000	  -1789798.3	   6697251.7	  -9958172.4	   5033063.6	  .0909676	  360.	  108.141	   6	   1	 104	   2	 501	   2	 501	   1	 601	   1	 601	   1	1406	 p-CRESOL	
 1172	  569	     105679	  1.7867	  5.7006	 -7.2301	   9632.367	 -14912.739	 -26657.917	       .000	  -1866760.2	   6561656.9	  -9397538.7	   4679394.2	  .1039962	  360.	  122.168	   6	   2	 104	   1	 501	   2	 501	   2	 601	   1	 601	   1	1406	 24-XYLENOL	
 1174	  570	      95874	  1.8555	  5.2461	 -6.6983	   9248.535	 -14336.504	 -26729.081	       .000	  -1806709.3	   5689420.2	  -7415292.8	   3520281.8	  .1057679	  360.	  122.168	   6	   2	 104	   2	 501	   1	 505	   2	 601	   1	 601	   1	1406	 25-XYLENOL	
 1176	  571	     576261	  1.7572	  5.7047	 -7.0133	   8819.631	 -13797.621	 -25662.253	       .000	  -1776359.9	   6385773.2	  -9303220.1	   4674568.0	  .1176696	  360.	  122.168	   6	   2	 104	   1	 501	   2	 501	   2	 601	   1	 601	   1	1406	 26-XYLENOL	
 1178	  573	     108689	  1.9301	  5.0692	 -6.6581	   9143.559	 -14355.388	 -27469.813	       .000	  -1882577.8	   5396647.7	  -6432450.3	   2903993.5	  .1080753	  360.	  122.168	   6	   2	 104	   1	 501	   2	 505	   2	 601	   1	 601	   1	1406	 35-XYLENOL	
 1820	  136	      75183	  1.6506	  3.3985	 -3.5086	   4275.663	  -9608.876	 -10182.684	       .000	   -751041.7	   4258404.0	  -8593030.7	   5078225.6	  .0492323	  226.	   62.136	   2	   2	 101	   1	1701	 DIMETHYLSULFIDE	
 1813	  269	     624895	  1.7738	  3.6055	 -2.9691	   6100.253	 -11066.857	 -14545.464	       .000	   -906057.4	   4648401.4	  -8683849.8	   4933425.5	  .0662509	  240.	   76.163	   4	   1	 101	   1	 101	   1	 201	   1	1701	 METHYLETHYLSULFIDE	
 1814	 1637	    3877154	  1.5867	  4.4300	 -5.8819	   5602.571	 -10413.240	 -15754.201	       .000	  -1097314.0	   5059684.9	  -8600647.8	   4629833.8	  .0855731	  268.	   90.190	   4	   1	 101	   1	 101	   2	 201	   1	1701	 METHYL-n-PROPYLSULFIDE	
 2815	 8815	     638460	  1.8912	  4.8179	 -6.1506	   6929.312	 -11934.086	 -18908.020	       .000	  -1297100.9	   5508464.1	  -8532705.1	   4314197.3	  .0998667	  295.	  104.217	   4	   1	 101	   1	 101	   3	 201	   1	1701	 MethylButylSulfide	
 1803	 1265	     107039	  2.3940	  4.6031	  1.7972	  11418.816	 -17312.981	 -17750.079	       .000	   -947331.5	   5667235.0	 -11561680.5	   6831914.5	  .0577144	  241.	   76.163	   3	   1	 101	   2	 201	   1	1801	 n-PROPYLMERCAPTAN	
 1841	  715	     109795	  4.7511	  1.7039	 49.3029	  36661.099	 -44399.962	 -35548.921	       .000	  -1323871.0	   8826980.3	 -18938838.3	  11420057.2	  .0575656	  257.	   90.190	   3	   1	 101	   3	 201	   1	1801	 n-BUTYLMERCAPTAN	
 1827	  743	     110667	  1.7650	  4.6455	 -6.2937	   6347.683	 -11544.104	 -17760.169	       .000	  -1245625.3	   5406010.5	  -8638867.0	   4470483.1	  .1004894	  299.	  104.217	   3	   1	 101	   4	 201	   1	1801	 n-PENTYLMERCAPTAN	
 1807	 1368	     111319	  2.1733	  5.7900	 -7.8210	  19291.908	 -22650.300	 -32970.562	       .000	  -1382646.1	   5776983.1	  -9083225.2	   4681711.8	  .1203033	  312.	  118.244	   3	   1	 101	   5	 201	   1	1801	 n-HEXYLMERCAPTAN	
 1839	 1408	    1639094	  2.3633	  6.7025	 -9.0452	  27120.397	 -30314.416	 -40441.838	       .000	  -1610986.9	   6777158.2	 -10984260.9	   5808337.7	  .1290697	  339.	  132.271	   3	   1	 101	   6	 201	   1	1801	 n-HEPTYLMERCAPTAN	
 1502	  115	      74873	  1.1163	  2.2634	 -3.0682	   1602.228	  -5320.795	  -7296.251	       .000	   -420367.1	   2141826.4	  -3879021.4	   2154537.3	  .0377112	  198.	   50.488	   2	   1	 120	   1	2401	 METHYLCHLORIDE	
 1503	  132	      75003	  1.3007	  2.5985	 -3.5748	   2167.661	  -6399.500	  -8834.243	       .000	   -569514.8	   2952270.2	  -5372054.4	   2985471.0	  .0515678	  219.	   64.514	   3	   1	 101	   1	 210	   1	2401	 ETHYLCHLORIDE	
 1585	  263	     540545	  1.4897	  3.3350	 -4.4841	   3550.124	  -7996.676	 -11811.993	       .000	   -757647.3	   3656968.9	  -6270851.9	   3366624.0	  .0669957	  252.	   78.541	   4	   1	 101	   1	 201	   1	 210	   1	2401	 n-PROPYLCHLORIDE	
 1586	  284	     109693	  1.6553	  4.0391	 -5.3728	   4895.932	  -9509.885	 -14790.991	       .000	   -958470.6	   4348233.0	  -6989852.1	   3594903.5	  .0822290	  256.	   92.568	   4	   1	 101	   2	 201	   1	 210	   1	2401	 n-BUTYLCHLORIDE	
 1588	  738	     543599	  1.8998	  4.4641	 -5.9263	   5987.280	 -10768.992	 -17555.991	       .000	  -1085657.0	   4362194.2	  -6301151.2	   3019597.2	  .0976615	  284.	  106.595	   4	   1	 101	   3	 201	   1	 210	   1	2401	 1-CHLOROPENTANE	
 1530	  264	      75296	  1.2883	  3.2199	 -4.3751	   3502.253	  -7769.525	 -10735.471	       .000	   -704606.4	   3677932.7	  -6968756.6	   3989248.6	  .0677445	  273.	   78.542	   3	   2	 102	   1	 308	   1	2402	 ISOPROPYLCHLORIDE	
 1587	  285	      78864	  1.4503	  3.9734	 -5.2409	   4380.332	  -8809.110	 -13525.907	       .000	   -902539.0	   4429483.7	  -7897985.1	   4363788.5	  .0827727	  260.	   92.569	   5	   1	 101	   1	 102	   1	 201	   1	 308	   1	2402	 sec-BUTYLCHLORIDE	
 1522	  126	      75343	  1.3589	  3.5365	 -4.7049	   3081.957	  -7223.769	 -12758.604	       .000	   -795288.2	   3329029.1	  -5117281.1	   2579410.4	  .0681715	  235.	   98.959	   3	   1	 102	   1	 308	   2	2403	 11-DICHLOROETHANE	
 2526	 1259	      78999	  1.6537	  3.8116	 -5.0564	   4108.038	  -8480.926	 -15459.673	       .000	   -938602.4	   3542348.0	  -4930902.4	   2323641.0	  .0825117	  266.	  112.986	   4	   1	 101	   1	 201	   1	 308	   2	2403	 11-DICHLOROPROPANE	
 1523	  127	     107062	  1.5641	  3.9985	 -5.3064	   4407.421	  -9430.457	 -14196.083	       .000	  -1032994.5	   5036918.2	  -8515981.5	   4505871.7	  .0631297	  267.	   98.959	   2	   2	 210	   2	2401	 12-DICHLOROETHANE	
 1526	  259	      78875	  1.6251	  4.1400	 -5.4202	   5113.586	 -10002.616	 -15484.072	       .000	  -1084473.4	   5134110.3	  -8872296.2	   4814703.6	  .0791334	  273.	  112.986	   5	   1	 102	   1	 210	   1	 308	   1	2401	   1	2402	 12-DICHLOROPROPANE	
 2527	 1260	     142289	  1.8268	  4.2449	 -5.5713	   5937.864	 -11204.957	 -17580.835	       .000	  -1226597.9	   5486876.7	  -8606751.4	   4339784.0	  .0778691	  271.	  112.986	   3	   1	 201	   2	 210	   2	2401	 13-DICHLOROPROPANE	
 8601	 8601	     460139	  1.3644	  3.4968	 -4.8585	   4329.551	 -10093.002	 -15628.326	       .000	   -806228.8	   3576877.7	  -6367759.2	   3591155.9	  .0484298	  196.	   62.087	   4	   1	 101	   1	 201	   1	 224	   1	2501	 FLUOROPROPANE	
 1508	  706	     110565	  1.9275	  5.2563	 -6.7153	   7322.674	 -12800.747	 -20849.981	       .000	  -1440209.6	   6120100.9	  -9280856.6	   4594160.9	  .0932754	  321.	  127.013	   3	   2	 201	   2	 210	   2	2401	 14-DICHLOROBUTANE	
 1509	 1509	     628762	  2.2024	  5.5254	 -7.1373	   8535.377	 -14158.973	 -23839.563	       .000	  -1612460.0	   6345259.8	  -9131276.4	   4390676.9	  .1090963	  348.	  141.040	   3	   3	 201	   2	 210	   2	2401	 15-DICHLOROPENTANE	
 1521	  112	      67663	  1.4431	  3.8101	 -5.0101	   3134.756	  -7320.656	 -13457.945	       .000	   -821958.7	   3522263.7	  -5358294.4	   2654096.3	  .0656290	  255.	  119.377	   2	   1	 308	   3	2404	 CHLOROFORM	
 1511	  222	      75092	  1.3520	  3.1118	 -4.1029	   2951.932	  -7263.449	 -11577.219	       .000	   -733228.1	   3433636.9	  -5656467.9	   2951727.2	  .0498911	  230.	   84.932	   2	   1	 210	   2	2403	 DICHLOROMETHANE	
 1562	  794	     100447	  1.7055	  4.0170	 -5.1684	   6552.659	 -11668.012	 -21567.022	       .000	  -1635752.7	   5802513.7	  -7354259.1	   3180735.6	  .1027981	  309.	  126.586	   4	   1	 208	   5	 501	   1	 601	   1	2405	 BENZYLCHLORIDE	
 1578	  527	     106434	  1.7561	  4.6694	 -5.8950	   6692.859	 -11677.920	 -21160.024	       .000	  -1466860.1	   5162398.1	  -6692073.9	   2988450.1	  .1027295	  297.	  126.586	   5	   1	 104	   4	 501	   1	 601	   1	 603	   1	2405	 p-CHLOROTOLUENE	
 1573	  168	     541731	  1.9431	  4.5386	 -5.7692	   6827.962	 -11766.417	 -22411.632	       .000	  -1544655.3	   5278838.3	  -6320149.9	   2580558.5	  .1012257	  308.	  147.004	   3	   4	 501	   2	 603	   2	2405	 m-DICHLOROBENZENE	
 1574	  170	     106467	  1.9431	  4.5386	 -5.7692	   6942.792	 -11964.300	 -22788.542	       .000	  -1570632.8	   5367615.8	  -6426439.8	   2623957.4	  .1040866	  342.	  147.004	   3	   4	 501	   2	 603	   2	2405	 p-DICHLOROBENZENE	
 1645	  246	      74964	  1.4070	  3.0111	 -4.2189	   1693.803	  -6634.256	  -8191.944	       .000	   -663737.7	   3731250.3	  -7744103.9	   4668803.5	  .0791114	  226.	  108.966	   3	   1	 101	   1	 210	   1	2702	 BROMOETHANE	
 1650	  681	     106945	  1.5282	  3.8748	 -5.1745	   3844.349	  -8930.737	 -11780.200	       .000	   -880850.6	   4635115.5	  -8922461.1	   5159409.7	  .0894708	  250.	  122.993	   4	   1	 101	   1	 201	   1	 210	   1	2702	 1-BROMOPROPANE	
 1680	  171	     108861	  1.5271	  3.9264	 -5.0996	   6110.015	 -11318.713	 -18966.965	       .000	  -1462890.7	   5965379.9	  -8768064.5	   4257485.1	  .0905883	  285.	  157.011	   3	   5	 501	   1	 603	   1	2703	 BROMOBENZENE	
 1678	 1323	     108361	  2.0158	  4.7849	 -6.2086	   8872.612	 -15005.416	 -23069.103	       .000	  -1907012.3	   8503187.1	 -14451974.5	   7838532.9	  .1891026	  353.	  235.907	   3	   4	 501	   2	 603	   2	2702	 m-DIBROMOBENZENE	
 1655	  711	     109659	  1.7805	  4.1680	 -5.5384	   5363.682	 -10607.984	 -15024.443	       .000	  -1131309.3	   5673682.8	 -10288612.6	   5736851.3	  .1004723	  273.	  137.020	   4	   1	 101	   2	 201	   1	 210	   1	2702	 1-BROMOBUTANE	
 8616	 8616	     110532	  1.8701	  4.9054	 -6.5837	   6665.334	 -11993.881	 -17978.792	       .000	  -1326375.5	   6113866.8	 -10343174.4	   5546364.8	  .1115323	  294.	  151.047	   4	   1	 101	   3	 201	   1	 210	   1	2702	 n-PentylBromide	
 1667	 1405	     629049	  2.3710	  6.1620	 -8.1362	   9483.786	 -15161.896	 -24278.338	       .000	  -1681906.3	   6826171.9	 -10658004.7	   5503579.6	  .1310671	  333.	  179.100	   4	   1	 101	   5	 201	   1	 210	   1	2702	 1-BROMOHEPTANE	
 8622	 8622	     111831	  2.4004	  7.3832	 -9.8924	   9430.104	 -15399.716	 -25815.214	       .000	  -1819055.6	   7048474.9	 -10695040.9	   5454288.1	  .1411646	  350.	  193.127	   4	   1	 101	   6	 201	   1	 210	   1	2702	 n-OctylBromide	
 8624	 8624	     693583	  2.6477	  7.8134	-10.3733	   9632.233	 -15951.410	 -27729.084	       .000	  -1919777.7	   6587223.1	  -8759460.8	   4080427.6	  .1501694	  367.	  207.154	   4	   1	 101	   7	 201	   1	 210	   1	2702	 n-NonylBromide	
 1791	  295	     110861	  1.0556	  2.7811	 -4.1652	   2888.661	  -7292.040	 -14323.642	       .000	  -1128974.9	   3894669.3	  -5376142.1	   2604791.4	  .0737544	  273.	   79.102	   2	   5	 501	   1	2201	 PYRIDINE	
 1797	  622	     109068	  1.3404	  3.5432	 -4.9221	   3794.326	  -8297.147	 -16535.426	       .000	  -1169970.6	   3530132.4	  -4286884.2	   1921364.3	  .0875262	  293.	   93.129	   4	   1	 103	   4	 501	   1	 601	   1	2201	 2-METHYLPYRIDINE	
 2797	  623	     108996	  1.3420	  3.5891	 -4.9369	   4208.070	  -8875.020	 -17410.432	       .000	  -1277980.2	   3953634.6	  -5119039.1	   2436938.7	  .0876259	  281.	   93.129	   4	   1	 103	   4	 501	   1	 601	   1	2201	 3-METHYLPYRIDINE	
 2799	  323	     108894	  1.3803	  3.3925	 -4.7040	   4087.559	  -8767.970	 -17378.681	       .000	  -1311494.0	   4228085.8	  -5676927.2	   2751638.4	  .0887995	  311.	   93.129	   4	   1	 103	   4	 501	   1	 601	   1	2201	 4-METHYLPYRIDINE	
 1759	  857	      91634	  1.7844	  4.2868	 -5.7876	   5731.648	 -10875.176	 -25402.992	       .000	  -1948126.3	   2999121.8	    580855.2	  -1631126.1	  .1295489	  444.	  143.190	   5	   1	 103	   6	 501	   1	 601	   2	 605	   1	2201	 QUINALDINE	
 1748	  842	      91225	  1.4000	  3.7284	 -5.0627	   4480.353	  -9499.759	 -22539.595	       .000	  -1893513.8	   3630681.4	  -1101525.5	   -635608.4	  .1158029	  373.	  129.163	   3	   7	 501	   2	 605	   1	2201	 QUINOLINE	
 2785	  841	     119653	  1.3830	  3.8475	 -5.2230	   4892.119	  -9985.038	 -23076.065	       .000	  -1837114.0	   3245075.6	   -133734.4	  -1276338.6	  .1130338	  373.	  127.147	   4	   5	 501	   2	 605	   2	 605	   1	2201	 ISOQUINOLINE	
 3740	 1733	     260946	  1.8762	  4.5978	 -6.0367	   6022.732	 -11623.765	 -31194.179	       .000	  -2705559.5	   2338584.9	   4672651.2	  -4304432.9	  .1616317	  435.	  179.223	   4	   9	 501	   2	 605	   2	 605	   1	2201	 ACRIDINE	
 1761	  665	      79243	  1.4251	  3.7599	 -5.1629	   4748.492	 -10002.812	 -15539.942	       .000	  -1225617.3	   5649853.0	  -9741135.0	   5308022.6	  .0614900	  282.	   75.067	   4	   1	 101	   1	 225	   2	1607	   1	2103	 NITROETHANE	
 1762	  686	     108032	  1.4891	  5.0113	 -6.5435	   6470.933	 -11530.237	 -18659.689	       .000	  -1360567.0	   5719423.5	  -9007760.7	   4639181.1	  .0761507	  272.	   89.094	   5	   1	 101	   1	 201	   1	 225	   2	1607	   1	2103	 1-NITROPROPANE	
 1769	 1769	     627054	  1.9499	  5.0016	 -6.6266	   8572.730	 -13932.712	 -21880.816	       .000	  -1516733.2	   5866017.0	  -8400476.0	   4043104.3	  .0895736	  265.	  103.121	   5	   1	 101	   2	 201	   1	 225	   2	1607	   1	2103	 1-NITROBUTANE	
 1886	  457	      98953	  1.5550	  4.7869	 -6.1088	   7505.497	 -12444.032	 -24659.729	       .000	  -1885922.3	   5312586.5	  -5876398.4	   2436921.7	  .0965372	  349.	  123.112	   4	   5	 501	   1	 604	   2	1608	   1	2103	 NITROBENZENE	
 2740	 1324	      99650	  2.1268	  6.5485	 -7.6959	   9954.601	 -15014.890	 -35655.602	       .000	  -2586473.2	   1061997.3	   8416284.4	  -6893392.0	  .1139234	  405.	  168.110	   4	   4	 501	   2	 604	   4	1608	   2	2103	 m-DINITROBENZENE	
 2741	 1325	     528290	  1.7388	  7.2849	 -8.2809	   7312.228	 -12087.289	 -34786.961	       .000	  -2369408.4	    372278.3	   8828486.9	  -6836151.0	  .1216511	  458.	  168.110	   4	   4	 501	   2	 604	   4	1608	   2	2103	 o-DINITROBENZENE	
 2742	 1326	     100254	  2.0155	  6.8565	 -8.2206	  11269.237	 -16255.501	 -35934.058	       .000	  -2814175.8	   3786229.0	   2081102.5	  -3069280.3	  .1208925	  450.	  168.110	   4	   4	 501	   2	 604	   4	1608	   2	2103	 p-DINITROBENZENE	
 1780	  796	      99081	  1.9360	  5.2130	 -6.4878	   9226.110	 -14296.520	 -28101.840	       .000	  -2002372.8	   4950216.9	  -4432702.2	   1475299.3	  .1100664	  331.	  137.139	   6	   1	 104	   4	 501	   1	 601	   1	 604	   2	1608	   1	2103	 m-NITROTOLUENE	
 1778	  797	      88722	  1.5510	  6.0474	 -7.2090	   5641.964	 -10130.868	 -25835.133	       .000	  -1634807.2	   2297258.1	   1762813.4	  -2425783.4	  .1153885	  348.	  137.139	   6	   1	 110	   4	 501	   1	 601	   1	 604	   2	1608	   1	2103	 o-NITROTOLUENE	
 1779	  798	      99990	  1.8913	  5.4654	 -6.8190	   9290.998	 -14523.000	 -28409.865	       .000	  -2203069.9	   6230518.8	  -7080278.8	   3038888.6	  .1095898	  362.	  137.139	   6	   1	 104	   4	 501	   1	 601	   1	 604	   2	1608	   1	2103	 p-NITROTOLUENE	
 2743	 1381	     121142	  1.9913	  8.0392	 -9.2193	   7411.273	 -11997.092	 -36387.800	       .000	  -2023762.6	  -3492714.3	  18189850.7	 -12662550.4	  .1353328	  443.	  183.145	   5	   1	 110	   4	 501	   2	 604	   4	1608	   2	2103	 24-DINITROTOLUENE	
 2749	 1383	     618859	  2.3670	  7.7114	 -9.3422	  12512.581	 -17538.868	 -39951.771	       .000	  -2324892.0	  -1185621.3	  13072579.4	  -9560224.2	  .1287666	  490.	  182.137	   6	   1	 104	   3	 501	   1	 601	   2	 604	   4	1608	   2	2103	 35-DINITROTOLUENE	
 1252	  130	      64197	  1.2138	  2.7929	 -4.1839	   1117.339	  -4300.988	  -8859.303	       .000	   -476413.4	   1777757.7	  -4084804.8	   2775220.6	  .1519989	  293.	   60.053	   4	   1	 119	   1	 904	   1	1412	   1	1603	 ACETICACID	
 1253	  143	      79094	  1.3331	  3.3747	 -4.8540	   2373.587	  -6839.268	 -16939.847	       .000	   -782385.9	   1955519.6	  -3419418.5	   2238316.6	  .0705542	  322.	   74.080	   5	   1	 101	   1	 222	   1	 904	   1	1412	   1	1603	 PROPIONICACID	
 1256	  154	     107926	  1.5501	  4.3726	 -6.0476	   3390.071	  -8138.334	 -19566.412	       .000	   -928698.7	   2381283.1	  -3834665.6	   2373647.7	  .0857459	  350.	   88.107	   6	   1	 101	   1	 201	   1	 222	   1	 904	   1	1412	   1	1603	 n-BUTYRICACID	
 1260	  283	      79312	  1.3780	  3.8831	 -5.3294	   2818.680	  -7488.982	 -17853.808	       .000	   -830816.4	   2312059.7	  -4633921.1	   3142206.3	  .0864048	  334.	   88.107	   5	   2	 102	   1	 315	   1	 904	   1	1412	   1	1603	 ISOBUTYRICACID	
 1258	  306	     109524	  1.6698	  4.7012	 -6.4259	   3747.627	  -8575.316	 -21398.556	       .000	  -1041024.4	   2654690.0	  -4769020.1	   3143429.7	  .1026295	  361.	  102.134	   6	   1	 101	   2	 201	   1	 222	   1	 904	   1	1412	   1	1603	 n-PENTANOICACID	
 1261	  621	     503742	  1.4594	  4.5938	 -6.2144	   2400.227	  -6903.381	 -19647.916	       .000	   -828587.8	   1471179.2	  -2584017.8	   1932696.0	  .1053177	  364.	  102.134	   6	   2	 102	   1	 222	   1	 315	   1	 904	   1	1412	   1	1603	 ISOVALERICACID	
 1262	  510	     142621	  1.8904	  5.2286	 -7.1336	   4737.955	  -9703.139	 -23938.176	       .000	  -1191723.7	   2983816.5	  -5297525.3	   3491053.7	  .1171697	  371.	  116.160	   6	   1	 101	   3	 201	   1	 222	   1	 904	   1	1412	   1	1603	 n-HEXANOICACID	
 2261	  819	     111148	  2.0058	  6.3821	 -8.4776	   5694.875	 -10739.761	 -26445.025	       .000	  -1375533.0	   3622918.5	  -6301269.0	   4036804.8	  .1341683	  385.	  130.187	   6	   1	 101	   4	 201	   1	 222	   1	 904	   1	1412	   1	1603	 n-HEPTANOICACID	
 1265	  540	     124072	  2.1736	  7.3189	 -9.7276	   5466.394	 -10847.290	 -27901.972	       .000	  -1501566.0	   3614781.7	  -5287718.8	   3159438.9	  .1489082	  395.	  144.214	   6	   1	 101	   5	 201	   1	 222	   1	 904	   1	1412	   1	1603	 n-OCTANOICACID	
 1259	  544	     112050	  2.3268	  8.4572	-11.2272	   5036.737	 -10541.045	 -29379.445	       .000	  -1615191.1	   4029775.4	  -6772033.1	   4337603.0	  .1706453	  410.	  158.241	   6	   1	 101	   5	 201	   2	 222	   1	 904	   1	1412	   1	1603	 n-NONANOICACID	
 1254	  545	     334485	  2.6562	  8.4865	-11.3434	   5464.336	 -11183.579	 -31490.180	       .000	  -1631417.4	   2952706.9	  -3630518.7	   2292710.9	  .1820126	  423.	  172.268	   6	   1	 101	   6	 201	   2	 222	   1	 904	   1	1412	   1	1603	 n-DECANOICACID	
 1266	 8266	     112378	  2.9080	  8.6341	-11.4376	   6136.298	 -12305.179	 -33090.976	       .000	  -1988376.8	   5009305.0	  -7651820.1	   4610435.9	  .1954723	  393.	  186.295	   6	   1	 101	   8	 201	   1	 222	   1	 904	   1	1412	   1	1603	 n-UnDECANOICACID	
 1269	  890	     143077	  3.0384	  9.8702	-13.0291	   6403.053	 -12848.683	 -34782.245	       .000	  -2067672.5	   4716153.3	  -6457545.9	   3788123.7	  .2114747	  445.	  200.322	   6	   1	 101	   9	 201	   1	 222	   1	 904	   1	1412	   1	1603	 n-DODECANOICACID	
 1270	 1505	     638539	  3.2344	 10.5119	-13.7199	   6144.397	 -12921.277	 -35941.366	       .000	  -2278726.8	   4925859.5	  -5997812.8	   3329833.9	  .2261979	  455.	  214.349	   6	   1	 101	  10	 201	   1	 222	   1	 904	   1	1412	   1	1603	 n-TRIDECANOICACID	
 1271	  902	     544638	  3.3293	 12.0763	-15.6458	   6264.402	 -13398.406	 -37762.850	       .000	  -2481194.6	   5660054.7	  -6532333.8	   3335330.6	  .2398855	  465.	  228.376	   6	   1	 101	  11	 201	   1	 222	   1	 904	   1	1412	   1	1603	 n-TETRADECANOICACID	
 2259	  909	    1002842	  3.6788	 11.7299	-15.0261	   5419.304	 -12932.313	 -38441.056	       .000	  -2674993.8	   6603533.8	  -9016032.0	   5063904.6	  .2569491	  474.	  242.403	   6	   1	 101	  12	 201	   1	 222	   1	 904	   1	1412	   1	1603	 PENTADECANOICACID	
 1272	  912	      57103	  3.8679	 12.7682	-16.4091	   6068.704	 -13896.205	 -40633.564	       .000	  -2861196.0	   6279640.2	  -6543890.7	   3104911.2	  .2706240	  484.	  256.429	   6	   1	 101	  13	 201	   1	 222	   1	 904	   1	1412	   1	1603	 n-HEXADECANOICACID	
 2265	 1521	     506127	  3.8713	 14.3100	-18.1598	   5409.984	 -13607.769	 -41390.388	       .000	  -3088231.2	   7438295.9	  -9201958.2	   4828708.5	  .2846442	  493.	  270.456	   6	   1	 101	  14	 201	   1	 222	   1	 904	   1	1412	   1	1603	 n-HEPTADECANOICACID	
 1276	  550	      57114	  4.0803	 15.2541	-19.5181	   5402.642	 -14083.481	 -43403.638	       .000	  -3200903.3	   7733114.5	  -9613471.4	   5060148.7	  .3009189	  497.	  284.483	   6	   1	 101	  15	 201	   1	 222	   1	 904	   1	1412	   1	1603	 STEARICACID	
 2266	  920	     646300	  4.4871	 14.9055	-18.9889	   4853.697	 -13828.937	 -44213.114	       .000	  -3352055.1	   7478796.4	  -8188896.9	   4037778.5	  .3113077	  511.	  298.510	   6	   1	 101	  16	 201	   1	 222	   1	 904	   1	1412	   1	1603	 NONADECANOICACID	
