227	4	Ccid	Cas#	zRef1	zRef2	zRef3	a11	a12	a13	a14	a21	a22	a23	a24	vEffNm3	tMinK	Mw	nTypes	ndType1	iTyp1..	name
1	2	74828	0.94821	1.60748	-2.072557	-1548.337628	-2262.396691	1723.26684	1464.05583	-85943.2624	567277.428	-1645965.44	992582.25	0.02588	76.25	16.043	1	1	1	Methane
2	3	74840	1.02704	2.09276	-3.322278	-2423.160462	-4379.892286	4020.54389	116.37339	-209839.3913	1266118.812	-3289822.77	2496264.3	0.041011	137.44	30.07	1	2	101	Ethane
3	4	74986	1.3726	2.8607	-3.32910	-2923.936	-6178.702	3098.161	3684.036	-379867.6	2358643.5	-6485879.1	5530321.1	0.053832	148	44.096	2	2	101	1	201	Propane	
4	5	75285	1.205	2.925	-4.27350	-3025.158	-6841.157	3668.814	3381.873	-438388.5	2314706.2	-5871803.7	4068797	0.073111	173	58.124	2	3	102	1	301	iButaneUnluParms
5	6	106978	1.3065	3.1662	-4.51130	-3105.549	-7708.08	3479.419	3847.879	-476403.5	2046694.1	-4462089.8	2565117.7	0.070554	170	58.124	2	2	101	2	201	nButane	
7	8	109660	1.56359	3.73293	-5.604603	-3431.853779	-8009.140156	-1623.94781	10390.33812	-679725.105	2818981.597	-6536435.32	4537388.61	0.085618	211.35	72.151	2	2	101	3	201	nPentane	
11	10	110543	1.81493	4.29059	-5.552626	-4016.6704	-6078.570772	-16772.1984	29014.80941	-805614.5418	3021284.632	-7246589.14	5343634.81	0.098133	202.92	86.177	2	2	101	4	201	nHexane	
12	12	12	1.5153	4.4509	-5.92640	-3460.427	-9212.244	-1359.469	9909.655	-714840.9	2071237.8	-2971481.8	56831.4	0.10149	224	86.178	4	1	101	2	102	2	201	1	301	2-methylpentane.dat
15	15	15	1.4015	3.9219	-5.14080	-3349.098	-8153.026	-2812.937	10192.544	-690679.5	2657084.8	-6552622.8	4947311.9	0.103788	213	86.178	2	4	102	2	302	23dimethylbutane	
17	11	142825	1.6469	6.1734	-8.64660	-3719.868	-12216.187	643.389	9983.436	-933610.8	2805723	-7168143.8	5363692.1	0.114647	311	100.204	2	2	101	5	201	nHeptane	
27	12	111659	2.16259	5.98381	-8.315906	-4071.073439	-11921.81572	-7025.15376	19482.62171	-1144726.144	3816276.318	-10941662.33	8782770.41	0.128619	241.69	114.231	2	2	101	6	201	nOctane	
46	13	111842	2.38772	7.09602	-9.830618	-4303.417579	-12356.09762	-13243.32595	27929.46528	-1240804.37	3845631.21	-11683712.77	7798191.78	0.142218	268.04	128.258	2	2	101	7	201	nNonane	
56	14	124185	2.53771	7.83981	-11.158493	-4483.314443	-12776.16019	-17238.68795	32946.7117	-1612611.307	8542450.512	-31228617.32	26224786.38	0.157617	278.3	142.285	2	2	101	8	201	nDecane	
64	16	112403	2.74234	10.638	-15.0690	-4798.420	-14705.13313	-23696.43982	42811.95517	-1778409.068	5029874.387	-10985776.72	-13832987.94	0.186169	345.56	170.339	2	2	101	10	201	nDodecane	
68	20	544763	3.9575	11.0285	-14.0540	-5511.127	-18317.672	-37392.358	60250.537	-2609367.9	7626905.9	-19054036.5	-23921827	0.242122	326	226.446	2	2	101	14	201	nHexadecane	
73	92	112958	5.124	16.159	-18.6510	-6197.80	-23294.5	-56231.9	90609.9	-3300604	1427209.8	-20124230	-35204383.8	0.29136	365	282.55	2	2	101	18	201	nEicosane	
104	104	104	1.0548	2.6404	-3.76780	-3552.384	-6951.198	-2152.496	9121.539	-671318.1	2869109	-7831421.9	6739812.8	0.075981	217	70.135	1	5	209	cyclopentane
105	105	105	1.2718	3.007	-4.12220	-3570.818	-7280.806	-5509.831	12236.145	-795006.5	3264448.4	-9481208.6	9279437.8	0.093009	226	84.162	3	1	102	4	209	1	306	methylcyclopentane.da
137	38	110827	1.2549	3.0077	-3.44320	-3882.199	-6900.067	-7681.76	16112.547	-853024.6	3797027.4	-10086665.9	8308274.7	0.086147	280	84.161	1	6	209	cyclohexane
138	39	108872	1.3092	3.1895	-4.16550	-3747.477	-7217.167	-8930.037	16019.573	-913041.4	3629123.7	-11419977.8	12042639.5	0.106652	286	98.189	3	1	102	5	209	1	306	MethylCyclohexane
140	60	1678917	1.3907	3.5695	-5.04180	-3918.061	-7449.909	-12773.303	18944.867	-1141673.7	6157189.3	-28946848.4	38282929.1	0.122075	305	112.215	4	1	101	1	219	5	209	1	306	EthylCyclohexane	
141	87	590669	1.3389	3.5774	-4.52220	-3704.175	-6939.041	-13198.383	18465.765	-912101.1	3245880.5	-14459016.5	19003569	0.120308	296	112.216	3	2	115	5	209	1	401	1,1-DimethylCyclohexane
142	88	2207014	1.3939	3.5188	-4.42240	-3881.085	-7289.762	-12961.243	19220.692	-1001880.9	3653564.9	-16298058	22369579	0.12206	303	112.216	3	2	102	4	209	2	306	Cis-1,2-DimethylCyclohexane
145	84	2207036	1.4543	3.3541	-4.57610	-3863.654	-7124.983	-12970.931	19299.942	-1025697.5	3958228.7	-17594749.9	23894461.5	0.123658	299	112.216	3	2	102	4	209	2	306	Trans-1,3-DimethylCyclohexane
147	86	2207047	1.4814	3.4679	-4.47580	-3905.439	-7463.882	-12594.756	19247.247	-1055950.1	4477700.7	-19163336.7	25132117.5	0.122703	295	112.216	3	2	102	4	209	2	306	Trans-1,4-DimethylCyclohexane
149	184	1678928	1.9265	4.9113	-6.55210	-4401.049	-9490.202	-19381.266	28402.602	-1524487.8	6726848.2	-29309239.5	34905536.7	0.149185	334	140.269	4	1	101	3	201	5	209	1	306	nPropylCyclohexane	
152	190	1678939	1.7479	3.9631	-5.29100	-4114.171	-8374.047	-16248.087	23714.885	-1363660.5	7062118.6	-31660461.3	40647963.8	0.134768	320	126.242	4	1	101	2	219	5	209	1	306	nButylCyclohexane	
154	387	493027	1.3435	3.3017	-4.34160	-4353.55	-7424.846	-18024.821	23288.728	-1594678.7	8692137.8	-43758901	61514613.4	0.141843	361	138.253	2	8	209	2	306	Trans-Decalin	
155	888	92513	1.7301	4.5285	-5.74570	-4641.302	-8655.449	-25642.75	31719.18	-1959457.2	10083409.4	-52014210.1	69281601.1	0.169195	364	166.307	2	10	209	2	306	Dicyclohexane	
201	22	74851	0.9757	2.29815	-3.554491	-2168.65361	-3914.654915	5502.89715	-1997.00767	-150428.9478	1016373.534	-2786028.27	2159099.45	0.035381	127.06	28.054	1	2	701	Ethylene
202	23	115071	1.1623	2.7314	-3.99560	-2741.373	-5150.583	549.706	5162.218	-364983.5	2023117.1	-5365459	4386371.1	0.051037	146	42.081	3	1	122	1	702	1	801	Propylene
204	24	106989	1.29756	3.30994	-4.851205	-3159.386973	-6577.694902	851.98924	6623.31164	-469230.4266	2007357.492	-3954077.89	1661483.43	0.066039	188.82	56.108	4	1	101	1	201	1	701	1	801	1Butene	
205	25	590181	1.36915	3.63329	-4.21849	-3349.478225	-7057.433758	-934.51381	9349.75182	-564411.5359	2954551.763	-7334182.91	5606282.84	0.064386	196.01	56.108	2	2	101	2	801	Cis2Butene	
206	26	624646	1.4333	3.2495	-4.42950	-3347.324524	-7297.008051	1091.12268	7131.19883	-533216.7546	2491300.109	-5581694.75	3492649.93	0.065066	192.88	56.107	2	2	107	2	801	2ButeneTr	
207	27	115117	1.2994	3.0943	-4.2688	-3006.954	-6898.625	1595.476	4675.625	-470900.6	2133640.5	-4928675.9	3273014	0.067808	205	56.108	3	2	102	1	701	1	901	iButene
209	29	109671	1.50219	3.76919	-5.508927	-3418.119288	-7932.36988	-936.3757	9876.89	-637079.2285	2982886.85	-8020137.42	6679492.26	0.080935	209.15	70.135	4	1	101	2	201	1	701	1	801	1Pentene	
214	214	214	1.4583	3.9386	-4.99970	-3656.511	-9238.068	-744.634	9423.59	-687060.8	1754772	-1830402.4	-1817651.5	0.082995	200	70.135	4	1	102	2	102	1	801	1	901	2methyl2butene	
216	35	592416	1.73107	4.51948	-6.349988	-3714.631518	-8897.237555	-4306.38155	14756.50253	-853516.0609	4085383.274	-11783050.57	10772174.57	0.094992	226.81	84.162	4	1	101	3	201	1	701	1	801	1Hexene	
218	553	4050457	1.69025	4.63071	-6.740829	-3721.481612	-8998.029896	-4481.68167	14552.00503	-885869.7687	4368742.957	-13987316.71	14551563.75	0.096807	230.85	84.162	3	2	101	2	201	2	801	2hexene
220	555	13269528	1.756987	4.524861	-6.402622	-3724.013112	-9435.969209	-3512.49705	13835.39495	-943501.4798	5188452.347	-16958397.86	17647844.44	0.096019	229.05	84.162	3	2	101	2	201	2	801	3hexene
234	234	234	1.8518	4.9852	-6.954	-3856.197	-11154.554	-2329.541	13224.88	-935300.8	3067773.1	-7869639.6	6104565.1	0.109588	228	98.189	4	1	101	4	201	1	701	1	801	1heptene	
302	0	590192	1.3387	2.9375	-4.2252	-3193.721	-7155.107	274.337	6346.455	-541441.1	2400633.2	-6569648.3	6019607.4	0.064182	200	54.092	4	1	122	1	701	1	802	1	1001	12Butadiene
303	28	106990	1.5816	2.507	-3.8647	-3256.721	-8945.991	9041.755	-1449.023	-534680.8	2742567.6	-6348232.6	4153139.8	0.061027	205	54.092	2	2	701	2	802	Butadiene.dat
309	61	78795	1.5221	3.936	-5.0134	-3269.821	-8343.839	-1929.902	9637.005	-652100	2285796.3	-4865511.4	2772897.9	0.082837	218	70.135	4	1	101	2	102	1	801	1	901	isoprene	
402	66	74997	1.2435	1.9142	-3.0789	-2834.01	-5982.453	2738.097	2431.7	-419093.6	2287088.7	-6343223.6	5502866.8	0.048403	200	40.065	3	1	107	1	1101	1	1201	1PropyneUnluEoks
403	67	107006	1.3091	3.1259	-4.6646	-3094.794	-7294.884	1419.642	5128.55	-573369.8	2978017.6	-8546562.4	7762755	0.062823	233	54.092	4	1	101	1	201	1	1101	1	1201	1ButyneUnluEoks
418	148	689974	1.3706	2.9618	-4.7266	-3119.535	-6488.632	-2134.937	8216.084	-542054.9	2591405.8	-8390483.5	8840302	0.058793	204	52.076	4	1	701	1	802	1	1101	1	1203	vinylAcetylene
501	40	71432	1.3628	2.8002	-0.8613	-4268.87741	-7901.338961	-5796.22954	16581.27064	-906173.8009	3096850.751	-3457442.21	-4161641.93	0.073287	278.68	78.115	1	6	501	Benzene
502	41	108883	1.460428	3.280863	-4.238429	-4238.671032	-8832.060139	-7390.00687	17578.98422	-1126928.181	5122287.547	-15471339.19	13146312.48	0.092151	281.08	92.142	3	1	104	5	501	1	601	MethylBenzene
504	45	100414	1.848841	4.090077	-3.83363	-4350.218865	-9757.715824	-13138.64051	24659.50551	-1164556.529	3243556.701	-7752898.31	6878391.13	0.102281	308.58	106.169	4	1	101	1	208	5	501	1	601	EthylBenzene	
505	42	95476	1.36274	4.236626	-5.580802	-4231.179864	-8843.267123	-11200.3125	19969.7142	-1308746.579	5513786.961	-17099947.97	15121688.65	0.108658	315.15	106.169	3	2	112	4	501	2	601	OrthoXylene
506	43	108383	2.002267	4.668373	-3.884427	-4394.58745	-10873.61669	-11697.68846	24796.72195	-1277003.608	5202422.726	-14659807.89	13135177.06	0.104618	308.5	106.169	3	2	104	4	501	2	601	metaXylene
507	44	106423	1.895705	4.787313	-4.5525	-4457.686118	-10488.98969	-12042.57011	24494.2668	-1250622.889	3837558.943	-7651940.23	3596887.42	0.105392	308.1	106.169	3	2	104	4	501	2	601	paraXylene
509	70	103651	1.7433	4.374	-5.7201	-4407.660417	-9187.720638	-16467.95296	26402.98696	-1417601.148	6415220.942	-26918212.16	33098939.98	0.12101	319.18	120.195	5	1	101	1	201	1	208	5	501	1	601	nPropylBenzene
511	72	611143	1.669587	4.839086	-6.242443	-4215.447102	-9204.758497	-16553.12098	25424.98542	-1388988.681	5800286.749	-25953421.43	33391212.18	0.123223	325.58	120.196	5	1	101	1	112	1	213	4	501	2	601	o-Methylethylbenzene
516	77	108678	1.958722	5.248624	-6.808472	-4307.474042	-11284.07787	-12944.44445	25182.90318	-1434792.364	5975774.796	-22232402.86	24819050.64	0.124851	350.55	120.196	3	3	104	3	501	3	601	Mesitylene
518	78	104518	2.226	5.9491	-5.8747	-4800.287287	-11076.12812	-22530.785	36935.94282	-1670135.278	6553826.172	-23133594.77	24818676.26	0.128898	330.25	134.222	5	1	101	2	201	1	208	5	501	1	601	nButylBenzene
701	185	91178	1.841694	3.508299	-2.731825	-5104.575498	-9969.258476	-22077.95379	34236.46357	-1768708.505	6567169.817	-25590459.19	32513137.52	0.11225	392.91	128.175	2	8	501	2	605	Naphthalene	
901	47	7782447	1.267511	2.797568	-2.663499	-1351.750873	-2729.695309	4720.84653	-2432.83727	-50667.6225	351339.081	-927972.91	627046.89	0.018825	69.56	31.999	1	2	1601	OXygen
905	46	7727379	1.111549	3.16629	-3.916347	-1112.067953	-2139.216135	3794.61177	-1972.33877	-35695.8339	263637.521	-734019.67	545941.87	0.022468	56.74	28.013	1	2	2301	Nitrogen
909	49	124389	1.802722	3.313663	-3.475832	-2464.909048	-5744.706765	1930.67524	3968.37017	-291762.7221	1563760.979	-3509296.11	1445121.95	0.023042	216.58	40.022	1	2	8	CarbonDioxide
914	98	7440371	1.143666	2.102779	-1.630633	-1295.650943	-2128.986593	2982.93425	-888.1668	-45924.1551	300629.705	-721143.66	172221.55	0.019599	128.23	39.948	1	1	2	Argon
917	208	7782414	1.44011	2.343695	-1.566011	-1308.114475	-2755.457386	5201.63868	-3041.90216	-50792.1844	361572.661	-981794.29	643424.76	0.016137	64.94	37.997	1	2	9	Fluorine
918	105	7782505	1.560122	2.685857	-1.929263	-3599.296011	-8022.043756	11092.9175	-4280.66577	-426051.7708	2905994.189	-7808799.22	5953780.49	0.03151	187.72	70.905	1	2	10	Chlorine
922	99	7726956	1.543052	3.535225	-3.108643	-4696.623673	-10305.91282	6455.74998	4050.60114	-821992.6025	4382011.249	-9636295.28	5141575.24	0.038045	265.9	159.808	1	2	2701	Bromine
1002	128	75070	1.1477	2.3247	-3.7086	-3510.987	-7701.904	4199.31	2415.868	-707356.6	3317711.8	-8304341.3	1432294.9	0.047374	198	44.053	3	1	102	1	805	1	1607	acetaldehyde
1003	261	123386	1.4139	3.3022	-4.5057	-3633.904	-8875.723	3473.001	4876.96	-706515.4	3515300.5	-9008920.7	6226007.6	0.061833	286	58.08	4	1	101	1	217	1	801	1	1606	1-Propanal	
1007	303	86001	1.6797	4.6563	-6.2853	-3867.549	-11024.778	122.831	10150.63	-1064984	5224157.2	-15429763.1	14193654.2	0.091339	307	86.134	5	1	101	2	201	1	217	1	801	1	1606	1-pentanal
1051	140	67641	1.5309	3.1579	-2.8014	-4048.911	-10293.13	6976.667	3549.686	-829294	5167159.5	-14046454.4	10523926.3	0.058417	198	58.08	3	2	115	1	903	1	1601	Acetone
1052	153	78933	1.4355	3.5226	-4.6093	-3734.931	-9518.039	1008.732	7802.113	-797708.3	3204141	-6728215.7	3124061.8	0.075854	254	72.107	5	1	101	1	115	1	206	1	903	1	1601	2-Butanone(MEK)
1053	165	1053	1.5364	4.132	-5.2624	-3700.98	-9270.183	-4352.727	12628.384	-885266.2	3231916.7	-9206863.1	8631329.2	0.090156	266	86.134	4	2	101	2	206	1	903	1	1601	3-Pentanone	
1057	1400	1057	2.0808	5.9683	-6.314	-4282.868	-11611.623	-12020.33	24190.391	-1276347.9	4647446.4	-15308108.1	16719885.8	0.114712	315	114.188	5	2	101	2	201	2	206	1	903	1	1601	3-Heptanone
1058	1401	1058	1.7873	5.8822	-7.6426	-4053.149	-11034.745	-9636.754	19553.792	-1211973.5	3825326.7	-11174136.7	10378677.7	0.119142	298	114.188	5	2	101	2	201	2	206	1	903	1	1601	4-Heptanone
1059	1356	1059	1.9152	5.3371	-5.2183	-4057.428	-11111.113	-7667.991	18734.158	-1124774.6	3993667.6	-9213032.7	6952442.6	0.100338	262	100.161	5	2	101	1	201	2	206	1	903	1	1601	3-Hexanone
1060	304	107879	1.5694	4.4509	-5.6482	-3820.635	-9712.353	-4091.008	13143.926	-878819.8	2434543.2	-4768334.5	2601550.5	0.089963	267	86.134	6	1	101	1	113	1	201	1	206	1	903	1	1601	2-Pentanone	
1062	771	591786	1.7476	5.0033	-6.4941	-4008.878	-11056.22	-5535.008	15658.48	-1108369.6	4276228.3	-13423756.2	12828608.9	0.10446	279	100.161	6	1	101	1	113	2	201	1	206	1	903	1	1601	2-Hexanone	
1063	809	110430	2.1777	6.4503	-6.5478	-4389.899	-13149.145	-9658.979	23518.181	-1386138	5671076	-16541923.8	14734296	0.113524	290	114.188	6	1	101	1	113	3	201	1	206	1	903	1	1601	2-Heptanone	
1073	610	1073	2.2177	6.917	-9.1101	-4408.92	-12991.588	-15066.295	27163.16	-1638718.1	6647747.4	-26746133.9	28619519.7	0.147831	304	142.242	5	2	101	4	201	2	206	1	903	1	1601	5-Nonanone
1074	1444	1074	2.2665	7.4344	-9.8629	-4500.35	-14132.824	-13492.054	26937.862	-1633029.7	6220858.1	-22881864.4	19428905.1	0.147996	338	142.242	6	1	101	1	113	5	201	1	206	1	903	1	1601	2-Nonanone	
1080	1080	1080	1.1558	3.9645	-5.3041	-4235.339	-8435.872	-10219.215	17313.327	-1149548.2	4035173.5	-14119979.8	15925260.4	0.095892	278	98.145	3	5	209	1	903	1	1601	cyclohexanone
1083	1083	111137	2.048	6.5915	-9.0989	-4329.77	-12829.14	-10710.987	22573.158	-1586595.6	7469989.5	-25792858.9	23045429.5	0.134403	301	128.215	6	1	101	1	113	4	201	1	206	1	903	1	1601	2-Octanone	
1101	117	67561	0.978736	2.433816	-3.5548	-2919.095	-5126.006	5274.02	-960.442	-312792.4	1893397.1	-4954645.5	3531408.8	0.030906	218	32.042	2	1	105	1	1401	Methanol	
1102	1102	1102	1.0636	2.8971	-4.509	-2872.195	-5707.314	1554.567	4505.119	-377679.4	2213198.3	-6118326.6	5312536	0.045231	231	46.069	3	1	101	1	202	1	1402	Ethanol
1103	146	71238	1.2594	3.5256	-5.1434	-3466.689	-7285.958	122.8060	7459.845	-592695.7	2640984.8	-7048070.6	5958344.7	0.060607	255	60.096	4	1	101	1	201	1	203	1 1403  nPropanol
1105	160	71363	1.4825	4.0255	-5.6061	-3678.339	-8285.351	-2580.801	11416.487	-828392.3	4335745.5	-13206989.3	12348126.9	0.074559	254	74.123	3	1	101	3	201	1	1403	nButanol
1104	145	67630	1.2143	2.7223	-4.1543	-2971.812	-6460.008	201.1150	5158.31	-539233.3	2670283	-8251183.9	6806815.1	0.064946	229	60.096	3	2	102	1	303	1	1404	isopropanol
1108	1108	1108	1.3974	3.9528	-4.5547	-3956.682	-9388.895	-2050.598	10792.979	-894393.1	3499772.3	-9535659.3	4017150.6	0.0784	304	74.123	3	3	103	1	406	1	1405	tertbutanol
1109	313	71410	1.9696	3.0536	-3.2972	-3949.673	-8937.981	-6516.778	16661.993	-1052627.4	5899107	-20795087.8	23805482.2	0.089997	278	88.15	4	1	101	3	201	1	203	1 1403  nPentanol.dat		
1114	335	111273	2.125197	5.025768	-5.606411	-4111.78832	-10455.96847	-7697.94751	19297.29761	-1202560.986	6022651.637	-19698967.08	20386284.03	0.103157	336.24	102.177	4	1	101	4	201	1	203	1	1403	nHexanol	
1125	357	111706	2.172044	5.872762	-7.882458	-4192.686013	-11771.38855	-8605.9473	21560.23906	-1246861.695	5069091.795	-14329538.91	9842847.53	0.119541	300.15	116.204	3	1	101	6	201	1	1403	1Heptanol
1132	360	111875	2.2706	6.8186	-9.3612	-4527.673	-11442.885	-16948.058	31408.099	-1449854.5	5858491.6	-20244415.1	18694379.3	0.132794	294	130.231	3	1	101	7	201	1	1403	nOctanol
1134	613	143088	2.608565	7.63824	-10.23772	-4544.730261	-13902.3895	-14500.60511	30796.29288	-1662084.485	8183266.589	-27664992.15	19295802.81	0.148485	301.01	144.257	3	1	101	8	201	1	1403	1-nonanol
1136	396	112301	2.81035	8.555838	-11.603067	-4718.00382	-14794.5777	-17570.62669	35391.14333	-1690603.198	5376353.836	-11977080.98	-7947875.4	0.163219	307.98	158.284	3	1	101	9	201	1	1403	1-decanol
1151	1151	1151	1.1594	3.2415	-4.813	-4563.078	-9049.158	-8357.499	16917.281	-1396776.9	6068563	-22729240.1	19005798.5	0.098874	358	100.161	3	5	209	1	306	1	1408	cyclohexanol.dat		
1181	174	108952	1.278	3.7554	-5.213	-4658.022	-10696.81	-5530.466	15717.051	-1344251.4	4077420.9	-8535476.5	3285210.3	0.083331	350	94.114	4	3	501	2	503	1	602	1	1406	Phenol								
1252	1252	1252	1.3141	2.7032	-3.8189	-2926.582	-5948.859	-152.259	5913.989	-424864.7	1820775.5	-4687823.2	2709289.5	0.046157	296	57.545	4	1	119	1	904	1	1412	1	1603	AcAcid	
1313	155	141786	1.8545	4.4427	-5.7804	-3697.826	-8535.267	-9034.024	15999.436	-952982.1	3636955.5	-13676644	13862667.1	0.080282	262	88.107	6	1	101	1	109	1	216	1	904	1	1502	1	1602	Ethyl Acetate	
1314	166	109604	1.9636	5.2165	-7.0202	-3696.777	-9092.49	-10580.59	18117.285	-1080927.8	5913088.6	-25045419.8	26691046.5	0.095293	275	102.134	6	1	101	1	109	2	201	1	904	1	1502	1	1602	N-Propyl Acetate	
1315	330	123864	2.110452	5.927328	-8.079991	-3928.944154	-9656.459464	-14000.83122	22514.98395	-1207179.31	6541059.585	-28592602.79	28247076.95	0.110084	275.1	116.161	6	1	101	1	109	3	201	1	904	1	1502	1	1602	N-ButylAcetate	
1316	331	110190	1.820463	5.836362	-8.118683	-3562.437553	-7377.302026	-17348.97645	21764.33351	-1153034.016	6440386.135	-31117488.56	34729810.74	0.112837	266.38	116.161	7	2	102	1	109	1	201	1	302	1	904	1	1502	1	1602	IsobutylAcetate
1318	726	591877	1.789427	5.384598	-7.214972	-3796.305913	-8730.894026	-11759.72515	19166.62274	-1076907.384	5401266.389	-23673552.43	25390006.11	0.090793	265.53	100.118	7	1	109	1	216	1	701	1	801	1	904	1	1502	1	1602	AllylAcetate
1319	733	108214	1.6607	4.466829	-5.807574	-3267.12413	-6959.402367	-13325.8112	16620.30986	-967357.1382	5331740.639	-27756645.27	34110877.65	0.09768	252.7	102.134	6	2	102	1	109	1	302	1	904	1	1502	1	1602	IsopropylAcetate	
1320	772	105464	1.872087	5.63751	-7.242446	-3587.991875	-7850.615144	-16684.20603	21850.26688	-1068155.906	5586012.153	-28134815.01	31762081.14	0.112106	294.53	116.161	8	1	101	1	114	1	114	0	214	0	414	0	914	1	1502	1	1602	Sec-ButylAcetate	
1327	820	123922	2.150325	6.01221	-7.819633	-3830.643335	-8549.35198	-20753.72499	26837.03361	-1313499.033	6722514.533	-32210856.23	32217037.45	0.12531	284.53	130.187	7	2	102	1	109	2	201	1	302	1	904	1	1502	1	1602	IsopentylAcetate
1332	166	109604	1.963612	5.21654	-7.020205	-3696.751883	-9092.405356	-10580.64258	18117.20543	-1080916.205	5913043.51	-25045332.7	26690993.74	0.095293	274.87	102.133	6	1	101	1	109	2	201	1	904	1	1502	1	1602	N-PropylAcetate	
1357	821	123922	2.167329	6.53803	-8.883887	-4111.112611	-10126.32059	-17588.05401	26628.26659	-1343717.937	5592533.686	-20737292.8	11594357.34	0.124128	269.1	130.187	6	1	101	1	109	4	201	1	904	1	1502	1	1602	N-PentylAcetate	
1358	870	103093	2.419424	8.66575	-11.005945	-4083.04372	-9329.211197	-31958.96364	38439.09824	-1474173.11	4315168.818	-19685458.93	8696414.22	0.170045	305.14	172.268	8	2	101	1	109	3	201	2	215	1	302	1	904	1	1502	1	1602	2-EthylhexylAcetate	
1363	1423	142927	2.468894	7.689762	-10.049658	-4246.519416	-12229.06073	-18404.58444	29766.05596	-1311430.838	3618747.834	-14226486.64	4527608.12	0.13835	293.55	144.214	6	1	101	1	109	5	201	1	904	1	1502	1	1602	N-HexylAcetate	
1367	1717	112061	2.732218	8.046487	-10.512244	-4523.229045	-12243.71391	-23632.44342	35660.79049	-1426182.894	2531530.204	-8211916.97	-6996996.61	0.152765	302.58	158.241	6	1	101	1	109	6	201	1	904	1	1502	1	1602	N-HeptylAcetate	
1368	1723	112141	2.910532	8.349256	-11.00526	-4641.662119	-13323.50877	-25953.68786	39085.26515	-1828171.117	6197466.395	-21141723.81	1482938	0.167328	293.4	172.268	6	1	101	1	109	7	201	1	904	1	1502	1	1602	1-octanolAcetate	
1369	1724	143135	3.173726	8.892788	-11.433092	-4830.037544	-14091.25784	-29999.02688	44404.27002	-2017043.948	7719542.337	-29312082.08	7403923.63	0.1811	313.98	186.295	6	1	101	1	109	8	201	1	904	1	1502	1	1602	N-NonylAcetate	
1370	1731	112174	3.126841	10.717317	-13.948991	-4855.85562	-16194.66812	-28218.7886	42971.79078	-2014151.701	3429130.568	-3891604.27	-34843605.09	0.195213	322.05	200.322	6	1	101	1	109	9	201	1	904	1	1502	1	1602	1-DecanolAcetate	
1387	765	111557	2.507561	8.03411	-11.036115	-4424.731788	-11015.49475	-26524.95025	35589.86066	-1733149.387	7078666.851	-27015786.8	10779891.73	0.120184	359.15	146.144	5	2	109	2	216	2	904	2	1502	2	1602	EthyleneAcetate
1391	844	140114	2.122899	6.184009	-7.516592	-4612.464461	-9913.561172	-26949.91399	35147.42191	-1693204.252	6281496.446	-30344933.97	30945235.14	0.1308	349.5	150.178	7	1	109	1	218	5	501	1	601	1	904	1	1502	1	1602	BenzylAcetate
1401	133	115106	1.3486	2.7432	-3.6672	-2772.3	-7944.6	5995.4	0	-512163.3	3075197.6	-6279557.6	4292494.6	0.04923	180	46.069	2	2	107	1	1601	EtherDi-Methyl	
1403	1403	1403	1.6077	5.9884	-7.4851	-3272.249	-7750.622	-10236.915	16492.148	-760159.2	2963356.3	-10916569	12251393.8	0.121937	288	102.177	3	4	102	2	313	1	1501	diisopropylether
1402	1402	1402	1.6651	4.3718	-6.1785	-3394.301	-8098.92	-2851.445	10956.247	-685200.9	3015325.3	-8596513.9	7852902.6	0.078716	210	74.123	3	2	101	2	201	1	1501	SatDiEtEther.dat
1415	318	628320	1.8473	4.9244	-7.102	-3620.005	-8882.081	-5615.01	14801.673	-796556.4	3049769.1	-8820387.2	8243371.1	0.093777	225	88.15	3	2	101	3	201	1	1501	SatEtProEther.dat
1415	318	628320	1.8473	4.9244	-7.102	-3639.556	-9004.858	-5099.7	14481.034	-796216.6	3048116.1	-8503234.5	7672003.1	0.093777	225	88.15	3	2	101	3	201	1	1501	EtherEthyl-n-Propyl
1446	778	111433	1.9971	5.9055	-8.4676	-3777.626	-10125.581	-7655.374	18419.431	-989322	4334835.7	-14763395.1	15388082.9	0.108473	239	102.177	3	2	101	4	201	1	1501	SatDiPropEther.dat
1407	486	540670	1.5184	2.9184	-3.825	-3034.3	-9682.2	7253.4	0	-703604.5	4191256.6	-8471685.1	5722947.9	0.06321	197	60.096	4	1	101	1	106	1	206	1	1501	MethylEtherEthyl	
1408	1287	557175	1.6538	4.3315	-6.0348	-3092.9	-11992.4	8802.9	0	-839974.2	4772033.2	-9188392.5	5899155.3	0.0787	214	74.123	4	1	101	1	107	2	201	1	1601	EtherMethyl-n-Propyl	
1421	1421	1421	1.1705	2.8603	-3.9302	-3763.443	-7141.458	-7653.65	11991.213	-1344533	7144091	-23890422	24463195	0.077006	284.95	88.106	2	4	209	2	1504	14dioxane	
1500	8686	97643	1.7635	5.815	-7.8459	-4110.563	-10795.21	-11064.237	17850.206	-1375853.4	6382261.6	-28816838.1	29219920.7	0.103464	118.133	118.133	1	8	1	101	1	102	1	201	1	303	1	904	1	1404	1	1502	1	1602	EtLactate
1501	100	56235	1.5971	5.5527	-6.2526	-3869.819	-11427.69	2523.831	7218.286	-887942	3642119	-6982735.5	999665	0.076762	250	153.822	2	1	403	4	2405	CCl4	
1503	115	75003	1.292	2.6108	-3.5777	-3508.512	-8443.198	6186.951	1136.699	-615047.3	3424556.5	-9096518.7	7118107.3	0.05309	207	64.514	3	1	101	1	210	1	2401	1chloroethane
1508	706	110565	1.8982	5.3115	-6.9615	-4722.126	-14477.719	879.044	12805.804	-1283891.3	3792097.3	-6596079.2	1760906	0.095025	288	127.013	3	2	201	2	210	2	2401	14dichlorobutane
1509	732	628762	2.084	5.9279	-7.7724	-4852.436	-15549.286	-1772.138	16509.586	-1560638.1	5647068.5	-13921318.5	8916680.8	0.109649	298	141.04	3	3	201	2	210	2	2401	15dichloropentane
1511	1511	1511	1.352	3.1118	-4.1029	-3553.419	-7463.216	-3095.506	10068.551	-716751.3	3096820.7	-8695055.4	6423627.2	0.051547	230	84.932	2	1	210	2	2406	DiChloMe
1521	1521	1521	1.4431	3.8101	-5.0101	-3762.33	-8699.97	-1241.404	8655.651	-780322.4	3464921.6	-8888562.1	7741039.6	0.06785	255	119.377	2	1	308	3	2407	CHCl3
1522	126	75343	1.3198	3.5082	-4.91	-3711.601	-9435.369	4055.934	3937.927	-719045.3	3271390.1	-8145967.9	5943212.6	0.070215	235	98.959	3	1	102	1	308	2	2403	11dichloroethane
1523	127	107062	1.58	3.998	-5.3118	-4451.199	-12268.177	6138.204	4915.909	-1036725	4758355.1	-10913672.4	7266731.6	0.06554	267	98.959	2	2	210	2	2401	12dichloroethane	
1526	259	78875	1.6509	4.2344	-5.4625	-4316.887	-11478.166	-753.569	11046.307	-1042782.4	3798151.9	-9115750.6	7259914	0.083454	257	112.986	5	1	102	1	210	1	308	1	2401	1	2404	12dichloropropane
1530	264	75296	1.2552	3.4814	-4.6556	-3416.822	-8492.955	3469.792	4060.253	-624646.4	3109101.2	-8550539.7	7088786.5	0.071291	220	78.542	3	2	102	1	308	1	2404	2chloropropane
1542	233	127184	1.8866	6.388	-7.3694	-3938.214	-12637.12	-3567.362	12922.487	-936386	1916851.2	-3506130.2	2954469.8	0.087246	264	165.833	2	2	902	4	2403	tetrachloroethylene	
1562	794	100447	1.5612	4.4208	-5.7259	-4608.486	-10438.835	-12896.186	22133.336	-1596193	6180994.6	-20467878.6	22070244.2	0.104324	309	126.586	4	1	208	5	501	1	601	1	2401	benzylchloride	
1571	172	108907	1.4264	3.8475	-5.0732	-4340.369	-10420.171	-4861.654	14985.503	-1179338.5	4286353.1	-10767119.7	7290820.8	0.089863	285	112.559	3	5	501	1	603	1	2405	monochlorobenzene
1573	168	541731	1.8191	4.6361	-5.9138	-4870.728	-12110.178	-13979.545	24732.805	-1548762	2528084	-5651203.2	6459913.8	0.103046	308	147.004	3	4	501	2	603	2	2403	mdichlorobenzene
1574	170	106467	1.7872	4.7685	-6.1284	-4920.935	-12270.337	-13564.261	24268.289	-1746782.3	5872500.6	-20166819.1	23629581.8	0.102906	342	147.004	3	4	501	2	603	2	2403	pdichlorobenzene
1578	527	106434	1.6307	4.8922	-6.3259	-4541.058	-10964.856	-11486.01	21175.12	-1429785.4	4719822.5	-16153355.4	16686770.4	0.105818	297	126.586	5	1	104	4	501	1	601	1	603	1	2403	pchlorotoluene
1585	263	540545	1.4761	3.4105	-4.589	-3773.584	-9568.567	3982.37	4928.835	-775306.6	3838685.4	-9649035	7193453.5	0.067769	226	78.541	4	1	101	1	201	1	210	1	2401	1chloropropane	
1586	284	109693	1.6646	4.0785	-5.4478	-4007.10	-10715.055	1351.666	8997.344	-933564.9	3641965.9	-7269578.9	3406036.4	0.082281	242	92.568	4	1	101	2	201	1	210	1	2401	1chlorobutane	
1587	285	78864	1.4198	3.9847	-5.4224	-3709.166	-9304.5	-1097.855	9240.681	-813000.9	3055477.5	-7747780.7	6363258	0.086201	221	92.569	5	1	101	1	102	1	201	1	308	1	2404	2chlorobutane
1588	738	543599	1.7776	5.1151	-6.7204	-4169.279	-12219.949	-261.81	12037.018	-1176545	6136947.9	-18620802.5	16703643.8	0.096751	256	106.595	4	1	101	3	201	1	210	1	2401	1chloropentane	
1616	218	75730	1.3117	3.635	-5.0515	-1584.783	-3848.372	692.282	2936.76	-148251.4	782797.2	-2064121.1	1621194.6	0.042481	90	88.005	2	1	403	4	2503	carbontetrafluoride	
1622	693	238001	1.8678	8.7624	-8.2799	-2511.309	-6137.397	-16402.426	24974.705	-478339.8	827126.7	592517.4	-8378296.5	0.106344	164	238.029	3	4	403	4	2504	6	2505	perfluoroNC04.dat
1623	1623	1623	2.2148	11.4879	-9.4339	-2928.263	-5200.303	-34474.286	43865.416	-563820.7	-306753.9	298842.8	-6544566.2	0.151443	224	338.045	3	6	403	8	2504	6	2504	perfluoroNC6
1641	1641	1641	1.175	2.1499	-2.9378	-3520.158	-7692.004	6780.279	-348.759	-519704.9	2627457.7	-6084161.6	3347008.5	0.0438	198	94.939	2	1	119	1	2702	bromoNC1	
1645	1645	1645	1.3762	3.0097	-4.206	-3849.102	-9471.873	6751.044	1560.838	-674524	2945163.3	-6065460.4	2796202.3	0.058701	164	108.966	3	1	101	1	210	1	2702	bromoNC2
1650	1650	1650	1.5183	3.7249	-5.1722	-4014.567	-10671.876	4719.956	5103.673	-870891.7	3853307.2	-9050975	6046954.8	0.073677	177	122.993	4	1	101	1	201	1	210	1	2702	bromoNC3	
1655	1655	1655	1.7748	4.3515	-5.6842	-4215.303	-12304.221	3122.63	8410.949	-1027034	4160129.4	-9669104.6	6528188.1	0.087497	245	137.02	4	1	101	2	201	1	210	1	2702	bromoNC4	
1667	1667	1667	2.2823	6.8514	-8.9375	-4672.605	-15718.738	-4943.00	20312.109	-1579807	5989203.8	-17705062.9	14038726.3	0.130790	260	179.1	4	1	101	5	201	1	210	1	2702	bromoNC7	
1680	171	108861	1.4918	3.9158	-5.1668	-4577.576	-11724.356	-2999.051	14381.93	-1222209.3	3713992.9	-8666754.7	4841738.4	0.092849	285	157.011	3	5	501	1	603	1	2703	bromobenzene
1681	1681	1681	1.2416	2.2724	-3.0138	-4174.247	-8848.231	7415.083	304.5370	-749730.3	4119743.2	-10024970.7	6121790.5	0.044939	224	141.939	2	1	107	1	2802	IodoNC1	
1682	1682	1682	1.4555	3.1268	-4.2891	-4331.574	-10410.36	6972.798	2374.705	-855614.2	3914070.8	-8155074	3522318.0	0.059790	238	155.966	3	1	101	1	210	1	2802	IodoNC2
1683	1683	1683	1.6557	3.8084	-5.1523	-4415.977	-11870.949	5255.231	5918.912	-1018061.8	4487780.8	-10713760	7340116.1	0.074410	282	169.993	4	1	101	1	201	1	210	1	2802	IodoNC3	
1684	1684	1684	1.4587	3.7434	-5.0226	-4259.023	-11488.865	7668.521	2248.013	-1034920.5	5741402.5	-14723288.6	10769877.5	0.078402	275	169.993	3	2	102	1	308	1	2804	IodoIC3
1691	1691	1691	1.623	4.1976	-5.4281	-5071.071	-13643.615	-822.383	14225.782	-1631609.6	6564429.8	-15435704.7	8132668.4	0.096995	343	204.011	3	5	501	1	603	1	2803	IodoBenzene
1701	118	74895	1.0325	1.8567	-2.7324	-3342.139	-6578.428	8582.244	-2389.541	-416658	2745336.4	-7554875.4	5289249.4	0.033866	199	31.058	2	1	123	1	1901	AmineNC01
1702	249	124403	1.2231	2.5118	-3.4527	-3100.686	-5880.681	-3722.789	9302.198	-537731.3	2067687.6	-5707537.7	4684647.8	0.051516	200	45.084	2	2	123	1	2001	AmineDiNC1
1704	138	75047	1.3383	2.6328	-2.6832	-3558.308	-8753.71	10281.231	-1908.158	-517480.3	3108172.7	-7963532	5079566.6	0.046770	205	45.084	3	1	101	1	211	1	1901	AmineC2
1706	339	121448	1.6879	5.057	-5.7745	-3532.47	-7344.188	-14457.42	20997.642	-1113277.932	4901836.395	-14218193	14099825	0.112172	294	101.192	3	3	101	3	201	1	2101	AmineTriC2
1707	338	142847	1.9112	5.4605	-7.6675	-3813.194	-10417.293	-6936.976	16119.841	-1042830.5	4385669.8	-16829644.8	19440518.8	0.109951	248	101.192	4	2	101	2	201	2	211	1	2001	AmineDiNC3
1710	1710	109897	1.5102	4.0897	-5.5774	-3414.854	-8175.145	-3425.966	10330.177	-772235.2	3457593.8	-11281033.5	12473469.1	0.080902	248	73.138	3	2	101	2	211	1	2001	DiEtAmine
1711	270	107108	1.2856	3.2389	-4.4167	-3561.616	-8686.306	4431.888	4018.840	-631718.5	2905175.6	-6485251.6	3312253.4	0.063090	224	59.111	4	1	101	1	201	1	211	1	1901	AmineNC3
1712	292	109739	1.4633	3.801	-5.2093	-3809.054	-10110.804	2993.919	6752.974	-853913.3	3746311.2	-8526332.2	4774261.1	0.077803	239	73.138	4	1	101	2	201	1	211	1	1901	AmineNC4	
1713	502	110587	2.3534	5.87513	-3.7151	-4492.934	-13574.5703	28.29132	18589.19268	-1081848.488	5180937.753	-11136444.47	5857203.48	0.083547	249.75	87.165	3	1	101	4	201	1	1901	nPentylAmine
1744	364	111922	2.2885	6.8804	-9.3833	-4601.928	-10036.376	-17743.187	28171.972	-1413019.7	6140009.7	-24952003.5	27541989.2	0.138853	271	129.246	4	2	101	4	201	2	211	1	2001	AmineDiNC4
1760	1760	1760	1.2218	3.6716	-5.0975	-4241.552	-9674.731	-392.420	8541.818	-1068522.4	4777687.7	-14086596.2	12457072.4	0.047190	250	61.04	3	1	110	2	1607	1	2103	NitroNC1
1761	1761	1761	1.4251	3.7599	-5.1629	-3870.407	-13712.406	8164.487	1285.007	-1136610	4680812.4	-14158360.7	11476212.6	0.062432	252	75.067	4	1	101	1	211	2	1607	1	2103	NitroNC2	
1762	1762	1762	1.4891	5.0113	-6.5435	-4315.647	-10785.231	-6150.678	15581.81	-1227422.8	4287134.3	-13435343	11225994.4	0.076916	257	89.094	5	1	101	1	201	1	211	2	1607	1	2103	NitroNC3
1769	1769	1769	1.9499	5.0016	-6.6266	-4640.085	-12811.379	-6723.852	18842.204	-1446567.2	5500468.4	-18185530.6	15924293	0.091160	265	103.121	5	1	101	2	201	1	211	2	1607	1	2103	NitroNC4
1772	125	75058	1.1369	2.154	-3.0243	-4583.027	-9552.427	6242.376	2431.004	-1002792.2	5560760.4	-14488792.7	11858072.1	0.043900	270	41.053	3	1	107	1	1202	1	2302	ACN.dat
1774	1774	1774	1.1449	2.6544	-3.9921	-4348.45	-9247.527	3771.788	5658.731	-952611.8	4678533.0	-11413893.2	7343018.1	0.052172	281	53.064	4	1	701	1	801	1	1204	1	2303	acrylonitrile
1780	1780	1780	1.936	5.213	-6.4878	-4685.945	-11063.344	-21442.976	30489.309	-1863866.6	8285736.5	-39054003.8	47572824.9	0.115218	371	137.139	6	1	104	4	501	1	601	1	604	2	1608	1	2103	NitroMToluene	
1791	1791	1791	1.0429	2.7988	-4.1938	-4206.705	-7690.427	-6243.938	13463.099	-1109562.7	5093534.8	-15866631.5	14698033.7	0.074091	263	79.102	2	5	501	1	2201	pyridine	
1803	1265	107039	2.39404	4.603064	1.797229	-4907.053541	-13025.80541	6337.04585	13707.39801	-1072400.181	7723373.049	-21507568.86	16842543.46	0.059162	241.2	76.164	3	1	101	2	201	1	1801	nPropaneThiol
1813	269	624895	1.77379	3.605531	-2.969059	-4143.067869	-9670.146376	-1692.11355	13312.72683	-868491.3124	4064321.229	-9545048.58	5966690.75	0.067698	239.85	76.163	4	1	101	1	107	1	201	1	1701	MethylEthylSulfide	
1817	1647	111477	2.05285	5.961247	-7.889469	-4396.936221	-11845.84865	-9586.72988	22858.55804	-1431775.45	6563790.248	-21958797.31	22720487.31	0.114757	273.6	118.244	3	2	101	4	201	1	1701	DiPropylSulfide
1818	290	352932	2.00644	4.660551	-4.281004	-4273.545106	-10936.04554	-3963.37755	16833.88072	-1082363.093	5262113.302	-13441689.21	10437411.94	0.081813	250.72	90.19	3	2	101	2	201	1	1701	DiEthylSulfide
1821	149	110021	1.2389	2.9212	-3.4576	-3993.257	-8101.347	-4358.878	12206.317	-936287.9	4337756.7	-12568879.9	11894807.9	0.066815	261	84.143	3	2	502	2	503	1	1703	Thiophene
1827	743	110667	8.4679	-13.9522	220.147502	-8303.430495	-40851.82861	3901.41109	143935.1506	-2427235.741	24047374.83	-80897660.44	83421971.46	0.056123	269.1	104.217	3	1	101	4	201	1	1801	nPentaneThiol
1841	715	109795	4.75109	1.70390	49.3029	-6459.504	-23540.29881	7452.30468	46315.14264	-1695451.538	14349400.14	-43076036.53	38764632.11	0.059372	256.55	90.19	3	1	101	3	201	1	1801	nButaneThiol
1864	319	392563	1.9545	6.7402	-8.4818	-3275.644	-7122.088	-22239.956	30676.562	-790326.3165	1001785.661	-5776213.202	9995486.138	0.099258	284	186.058	2	6	601	6	2502	perfluoroBenzene.dat
1876	144	68122	1.4985	4.1278	-5.0766	-4500.103	-10087.125	-9002.972	17049.511	-1347395.3	5844598.0	-20435057.6	21754943.8	0.072032	293	73.095	4	2	122	1	803	1	1605	1	2104	DMF
1886	1886	1886	1.555	4.7869	-6.1088	-4610.468	-10062.724	-18146.498	26050.208	-1286113.317	948232.4131	-4222550.464	3156083.354	0.099426	0	123.112	4	5	501	1	604	2	1608	1	2103	NitroBenzene	
1911	1911	1911	1	1	-1	-3225.076	-5125.356	6845.621	-1932.046	-315787.4	1967201.6	-4549180.2	631619.7	0.019685	203	17.031	1	1	3	NH3
1921	62	7732185	1	1	-1	-2766.596	-4358.104	6212.396	-2302.352	-223216.7	1421119.6	-3371460.9	792543.4	0.014843	273	18.015	1	1	1301	Water
1922	50	34001	1	1	-1	-3036.806	-4778.307	6894.487	-2663.61	-267008.1	1706562.9	-4066353.4	1020575.5	0.027389	188	34.076	1	1	4	H2S
1938	1938	1938	1.3779	2.6459	-3.2391	-4275.709	-10211.676	10199.603	-94.895	-800078.4	4938556.5	-12942577.8	8828675.9	0.046173	195	76.144	1	2	1705	CS2
1940	8686	2551624	1.3128	6.1579	-6.6272	-2127.869	-4470.016	-7180.878	12322.019	-263768.6	645737.6	-702414	-1849580.5	0.054619	225	146.057	2	1	1704	6	2506	SF6
2083	2083	106683	2.0159	6.4797	-8.5865	-4255.562	-12018.119	-12626.643	23828.093	-1505144.3	6528353.6	-23474496.6	23354088	0.133511	304	128.215	5	2	101	3	201	2	206	1	903	1	1601	3-Octanone
2084	2084	589639	1.9854	6.7878	-8.6257	-4285.687	-12042.54	-12921.536	24226.403	-1393003.7	4862387	-16712891.8	16414549.7	0.132499	330	128.215	5	2	101	3	201	2	206	1	903	1	1601	4-Octanone
2085	2085	925780	2.1231	7.0697	-9.795	-4372.861	-12856.121	-14446.425	26121.986	-1592835.6	6219362.6	-24199073.9	22387012.7	0.149592	307	142.242	5	2	101	4	201	2	206	1	903	1	1601	3-Nonanone
2087	2087	4485090	2.186	7.1064	-9.2973	-4416.664	-12500.666	-16443.897	28343.305	-1437827.7	3986288.7	-16780361.8	17478685.2	0.148005	343	142.242	5	2	101	4	201	2	206	1	903	1	1601	4-Nonanone
2321	1358	540885	1.649877	6.051983	-7.221655	-3440.262606	-7311.183165	-15723.5638	20463.6063	-1092946.897	6407573.367	-27823129.4	28962561.39	0.112419	272.5	116.16	6	0	614	3	114	0	414	0	914	1	1502	1	1602	Tert-ButylAcetate	
2364	1787	622457	1.838884	4.959301	-6.633983	-4124.657675	-8362.30674	-20542.20854	26096.14152	-1422362.54	6875939.498	-35240859.38	42017004.67	0.131655	324	142.198	6	1	109	5	209	1	306	1	904	1	1502	1	1602	CyclohexylAcetate	
2526	1259	78999	1.4973	4.2253	-5.7947	-3959.935	-10550.731	250.446	8740.395	-955831.3	3522904.6	-7503674.6	4848505.2	0.08493	252	112.986	4	1	101	1	201	1	308	2	2403	11dichloropropane	
2527	1260	142289	1.8108	4.5638	-5.7357	-4640.912	-13415.394	2997.841	9856.452	-1226696.4	5537491.6	-13408322.3	9523448.9	0.079656	271	112.986	3	1	201	2	210	2	2401	13dichloropropane
2593	1690	108703	2.1713	6.061	-7.2282	-5196.862	-15141.074	-18525.064	32152.715	-2204377.8	7196692	-25295529.5	31039669.9	0.115497	359	181.449	3	3	501	3	603	3	2403	135trichlorobenzene
2599	9999	1190223	1.837	5.0155	-6.132	-4474.105	-13212.768	-2084.795	13836.041	-1373990.5	5681679.6	-13978887.4	10563258.3	0.097032	318	127.013	6	1	102	1	201	1	210	1	308	1	2401	1	2404	13dichlorobutane	
2630	8015	431890	1.4924	5.4552	-7.0278	-2498.305	-7044.397	-2960.32	10214.507	-435036.5	1596615.2	-3752878.6	575030	0.082002	254	170.03	4	1	308	2	403	6	2505	1	2507	CF3CFHCF3.dat
2654	2654	2654	0.688	14.13	-18.07	-2515.87	-4447.18	-18692.31	25680.98	-356044.10	-393719.20	4455569.30	-10056400.80	0.10	233	200.032	2	4	403	8	2503	perfluoroCyButane
2684	2684	2684	2.1943	5.9463	-7.7845	-4811.006	-14847.506	-4043.695	18860.929	-1516841.8	5940586	-16422309.2	12792873.4	0.117881	333	212.073	4	1	101	4	201	1	210	1	2802	IodoNC6	
2685	2685	2685	1.8881	4.25	-5.6971	-4582.345	-12600.396	1283.114	11143.843	-1200452.9	5287030.4	-13812096.4	10952890.8	0.088937	264	184.02	4	1	101	2	201	1	210	1	2802	IodoNC4	
2706	823	111262	3.175004	6.644377	1.081345	-5041.790618	-16848.48643	-4169.18647	31225.25097	-1417342.854	7317711.089	-15879101.92	8888241.66	0.091136	262.8	101.192	3	1	101	5	201	1	1901	nHexylAmine
2708	839	111864	3.063036	8.850446	-7.405703	-5032.220001	-17971.07924	-8930.74448	34750.48922	-1877212.018	8702223.285	-9592004.72	-32565908.18	0.12469	282.15	129.245	3	1	101	7	201	1	1901	nOctylAmine
2740	2740	2740	2.1268	6.5485	-7.6959	-5229.062	-10475.271	-38936.46	45708.318	-2355958.9	9220525.9	-55199507.9	74847432.7	0.121085	425	168.11	4	4	501	2	604	4	1608	2	2103	NitroMDiBenzene	
2742	2742	2742	2.0155	6.8565	-8.2206	-5232.47	-10893.083	-36770.945	43374.956	-2228811	6236846.9	-40184973	59274816.3	0.121966	450	168.11	4	4	501	2	604	4	1608	2	2103	NitroPDiBenzene	
2743	2743	2743	1.9913	8.0392	-9.2193	-4994.952	-9240.183	-43997.903	47718.258	-2163741.2	8804940.7	-63076658	87298576.3	0.138485	433	183.145	5	1	103	4	501	2	604	4	1608	2	2103	Nitro24DiToluene
2746	2746	2746	2.3569	9.8177	-11.5721	-5459.97	-10380.131	-60310.688	65291.659	-2999432.3	13958417.7	-94336837	135459378.5	0.144387	466	213.107	4	3	501	3	604	6	1608	3	2103	Nitro135TriBenzene	
2747	2747	2747	2.406	9.9075	-10.5486	-5428.949	-7754.012	-67919.468	68327.582	-2621891.2	9278405.2	-79137395.6	101256359.3	0.158887	466	227.134	5	1	104	2	501	4	604	6	1608	3	2103	Nitro246TriToluene
2748	2748	2748	2.0906	8.2444	-9.3966	-5196.434	-9834.572	-44578.056	50261.374	-2235699.1	7304250.3	-52614004.5	72773502.5	0.136891	503	182.137	6	1	104	3	501	1	601	2	604	4	1608	2	2103	Nitro25DiToluene	
2853	481	60355	1.2771	2.7915	-3.9897	-5867.236	-14078.092	11230.159	2185.834	-1807958.7	9935591.3	-24396602.4	7055745.1	0.052351	361	59.068	4	1	115	1	905	1	1605	1	1903	AcetAmide	
3727	3727	3727	2.047	14.9136	-15.5565	-5930.011	1145.093	-102613.664	90789.704	-2625426.7	10079991.9	-103863801.7	136379245.6	0.192264	506	287.147	6	1	110	2	501	4	604	8	1608	1	2101	4	2103	NitroTetryl	
3882	3882	3882	2.7466	9.0613	-11.3985	-4742.262	-16514.482	-15448.636	31350.344	-1667093.6	3448283.6	-1022960.7	-23025806.5	0.100969	360	152.064	4	2	201	2	1503	4	1608	2	2103	NitroDiEtGlycol	
8003	79050	79050	1.3379	3.7041	-4.9468	-5052.036	-11875.986	-1007.092	11928.676	-1504412.9	5975104.4	-15988504.4	9310007.5	0.066592	364	73.095	5	1	101	1	218	1	905	1	1605	1	1903	Propanamide
8004	9001	541355	1.5457	4.1284	-5.5456	-5124.742	-12672.462	-4319.276	16318.01	-1657173.9	6167223.5	-18153271.2	12421860.5	0.081121	398	87.122	6	1	101	1	201	1	218	1	905	1	1605	1	1903	Butanamide
8005	9002	626971	1.7006	4.7373	-6.583	-5194.714	-13168.915	-7692.728	20268.936	-1837296.6	8690739.2	-32588026.5	29526399.6	0.096495	379	101.149	6	1	101	2	201	1	218	1	905	1	1605	1	1903	Pentanamide	
8006	9003	628024	1.8956	5.7865	-7.8508	-5294.091	-14855.423	-9110.932	23280.653	-1897344.5	6385359.6	-23306884.8	16947707.5	0.110311	374	115.176	6	1	101	3	201	1	218	1	905	1	1605	1	1903	HexanAmide	
8007	9004	628626	2.0345	6.6103	-9.1279	-5374.876	-15723.278	-11953.309	27117.681	-1994506.2	5456385.1	-17578370.9	3969380.9	0.125336	370	129.203	6	1	101	4	201	1	218	1	905	1	1605	1	1903	Heptanamide	
8008	8008	513086	3.2381	14.9154	-15.793	-4421.023	-18153.105	-31895.183	49287.744	-1868240.5	5403074.9	-29520330	30225406.7	0.184275	357	224.238	5	3	101	6	220	3	1508	1	1604	1	2601	PhosTriPropyl.dat
8011	8011	8011	1.8118	6.5779	-8.3454	-4544.241	-9579.158	-27127.479	34421.183	-1745468.3	6408303.5	-33278639.1	43630147.3	0.141963	373	150.222	6	1	101	1	203	2	213	4	501	2	601	1	1403	oEPEA
8012	8012	8012	2.0994	6.0688	-7.8669	-4749.722	-10500.143	-24137.687	32879.09	-1788278.7	6944497.8	-32252772.4	39205045.4	0.142079	373	150.222	6	1	101	1	203	2	208	4	501	2	601	1	1403	pepea
8013	8013	8013	52827	-71142	30268	-17688527	-111386193	-2896237	0	-29092680146	1.67436E+11	-6.41986E+11	5.97713E+11	1027.6	373	1000000	5	1	101	73401	102	146800	201	73400	801	73400	901	pIsoprene1000
8014	8014	8014	5279.5	-7102.7	3020.1	-1770709	-11144106	-280261	0	-2904772480	16713015044	-64128620788	59747294233	1027.6	373	100000	5	1	101	73401	102	146800	201	73400	801	73400	901	pIsoprene1000
8021	8021	687478	1.6469	6.3033	-8.6187	-4069.077	-10729.381	-10982.98	17760.457	-1452662.8	4259970.9	-25209470.9	31801926.2	0.104077	0	118.133	8	1	101	1	102	1	201	1	303	1	904	1	1404	1	1502	1	1602	EtLactate