1 #nDeck\idComp,(zRefCoeff(i,j),j=1,3),(a1Coeff(i,j),j=1,3),(a2Coeff(i,j),j=1,4) # nComp=1 for now. shuffle order to get comp of interest to top. 5/25/18
8654	37.196	151.169	-178.123	364329.09	-400778.0	-662878.8	-20260161	83187024	-117885720	54958858	nC200cmsa
8652	10.241	22.547	-28.2410	58635.13	-73014.7	-117738.8	-10626381	47539222	-73801582	36888741	nC40?
8653	18.315	52.745	-64.3730	130622.55	-152208.2	-248391.0	-19886865	81564339	-115377026	53699552	nC80cmsaBeta1
73	5.342	9.854	-12.3810	24311.12	-33774.0	-54081.9	-4921740	22262979	-35151042	17809803
56	2.72007	5.07518	-5.78470	9433.85 	-15852.9	-24539.5	-1978593	8779542	-13895062	7094112
27	2.14337	4.46165	-4.82293	6365.13 	-11938.2	-18120.9	-1337123	5877764	-9298918	4758277	nC08cmsaBeta1
8653	18.336	52.673	-64.3520	133426.35	-155103.8	-251760.5	-20260161	83187024	-117885720	54958858
27	2.14174	4.47521	-4.84247	6093.68 	-11402.9	-17285.4	-1215257	5350787	-8483255	4347724
56	2.70847	5.16819	-5.93629	8774.30 	-14773.3	-22896.4	-1722925	7619423	-12004875	6108377	nDecane
73	5.342	9.854	-12.3810	23388.43	-32530.6	-52162.2	-4579408	20651890	-32471404	16398922	n-eicosane
8652	10.223	22.644	-28.3530	58215.63	-72674.7	-117624.3	-10661004	47529608	-73412078	36543473	nTetraContane(C40cmsa)	


