20	2853	1320	105464	78922	JCT, 144:106087 (2020)	
385.33	0.1013	0	0
385.68	0.1013	0.056	-86
386.02	0.1013	0.104	-86
386.36	0.1013	0.164	-86
386.86	0.1013	0.212	-86
389.29	0.1013	0.28	-86
389.54	0.1013	0.302	-86
390.87	0.1013	0.386	-86
391.09	0.1013	0.432	-86
393.52	0.1013	0.496	-86
395.89	0.1013	0.565	-86
399.70	0.1013	0.623	-86
403.53	0.1013	0.7	-86
414.97	0.1013	0.791	-86
420.14	0.1013	0.832	-86
429.96	0.1013	0.874	-86
449.51	0.1013	0.929	-86
462.35	0.1013	0.956	-86
468.54	0.1013	0.966	-86
494.30	0.1013	1	1
20	2853	1107	60355	78922	JCT, 144:106087 (2020)
372.63	0.1013	0	0		
375.02	0.1013	0.09	-86		
376.13	0.1013	0.134	-86		
376.97	0.1013	0.165	-86		
379.41	0.1013	0.245	-86		
381.47	0.1013	0.3	-86		
383.31	0.1013	0.352	-86		
386.21	0.1013	0.408	-86		
391.33	0.1013	0.483	-86		
394.71	0.1013	0.527	-86		
401.01	0.1013	0.595	-86		
407.63	0.1013	0.652	-86		
413.17	0.1013	0.691	-86		
425.12	0.1013	0.762	-86		
438.80	0.1013	0.824	-86		
452.84	0.1013	0.878	-86		
461.61	0.1013	0.908	-86		
471.36	0.1013	0.938	-86		
482.11	0.1013	0.969	-86		
494.30	0.1013	1	1		

