   13  501 1051  118 BENZENE ACETONE Mueller E., Stage H. (1961) Dargestellt am Beispiel des Siedeverhaltens von Fettsäuren, 1-117, 1961 
  353.25   0.1013   0.0000  0.00000          
  350.95   0.1013   0.0290  0.09100
  347.55   0.1013   0.0830  0.22300
  343.65   0.1013   0.1780  0.37400
  340.65   0.1013   0.2750  0.48800
  337.05   0.1013   0.4390  0.63200
  334.15   0.1013   0.5920  0.74200
  332.75   0.1013   0.6930  0.80600
  331.65   0.1013   0.7860  0.86500
  330.65   0.1013   0.8730  0.91600
  329.95   0.1013   0.9420  0.96400
  329.55   0.1013   0.9810  0.98800
  329.35   0.1013   1.0000  1.00000
   22  501 1706  255 BENZENE TRIETHYLAMINE LETCHER T.M.,BAYLES J.W., J.CHEM.ENG.DATA 16,266(1971).
  353.15   .07626   .00000   .00000
  353.15   .07829   .05900   .08200
  353.15   .07938   .09100   .12400
  353.15   .08083   .13500   .18000
  353.15   .08266   .19100   .24900
  353.15   .08361   .21800   .28100
  353.15   .08534   .27300   .34200
  353.15   .08669   .31400   .38650
  353.15   .08802   .35800   .43400
  353.15   .08950   .40900   .48200
  353.15   .09066   .44100   .51600
  353.15   .09201   .49500   .56400
  353.15   .09317   .53500   .60200
  353.15   .09415   .57300   .63600
  353.15   .09545   .63000   .68500
  353.15   .09617   .66000   .71200
  353.15   .09707   .71000   .75600
  353.15   .09807   .76700   .80500
  353.15   .09925   .85700   .88000
  353.15   .09946   .87300   .89350
  353.15   .10002   .91800   .93100
  353.15   .10103  1.00000  1.00000
   13 1761   27  224 NITROETHANE OCTANE EDWARDS J.B., THESIS GEORGIA INSTITUTE OF TECHNOLOGY JUNE 1962.
  308.15   .00321   .00000   .00000
  308.15   .00366   .01360   .13360
  308.15   .00423   .03350   .26410
  308.15   .00577   .11410   .49420
  308.15   .00639   .17590   .56080
  308.15   .00654   .19670   .57490
  308.15   .00675   .23880   .59560
  308.15   .00681   .85220   .62980
  308.15   .00668   .87900   .64900
  308.15   .00648   .90630   .67860
  308.15   .00618   .93380   .72470
  308.15   .00572   .96170   .79930
  308.15   .00473  1.00000  1.00000
   11 1501 1252  431 TETRACHLROMETHANE ACETIC PLEKHOTKIN V.F.,MARKUZIN N.P., FIZ.KHIM.SVOISTVA RASTVOROV, LENINGRAD (1964).
  293.15   .00157   .00000   .00000
  293.15   .00597   .12000   .63400
  293.15   .00817   .22500   .78200
  293.15   .01016   .42700   .85100
  293.15   .01061   .49100   .86600
  293.15   .01109   .59200   .88600
  293.15   .01141   .68900   .90600
  293.15   .01163   .77600   .92400
  293.15   .01184   .88800   .95800
  293.15   .01195   .97400   .98800
  293.15   .01213  1.00000  1.00000
   10  504 1774  269 ETHYLBENZENE ACRYLONITRILE LAEVSKAYA N.S.,BAGROV I.V.,DOBROSERDOV L.L., ZH.PRIKL.KHIM.(LENINGRAD) 49,2460(1976).
  282.95   .00667   .00000   .00000
  283.45   .00667   .00800   .00300
  284.25   .00667   .10200   .02300
  285.15   .00667   .13100   .02600
  286.45   .00667   .19600   .03300
  286.85   .00667   .24700   .03700
  299.05   .00667   .67400   .13800
  316.85   .00667   .93900   .50500
  328.65   .00667   .99000   .86500
  330.85   .00667  1.00000  1.00000
   17 1251 1252  445 FORMIC ACETIC ALPERT N.,ELVING P.J., IND.ENG.CHEM. 41,2864(1949).
  391.25   .10133   .00000   .00000
  389.15   .10133   .05300   .10100
  387.85   .10133   .12700   .16700
  387.25   .10133   .15100   .20100
  385.45   .10133   .22900   .29500
  384.25   .10133   .27700   .36200
  382.85   .10133   .36100   .43500
  381.45   .10133   .44500   .52500
  379.85   .10133   .51100   .59600
  379.25   .10133   .57200   .63400
  378.25   .10133   .64200   .69900
  376.95   .10133   .72700   .77000
  375.85   .10133   .79800   .83400
  374.65   .10133   .89200   .90900
  374.25   .10133   .94300   .96800
  374.15   .10133   .95500   .97300
  373.95   .10133  1.00000  1.00000
   13 1304 1251  441 BUTYL FORMIC TROFIMOV A.N., ZH.PRIKL.KHIM.(LENINGRAD) 45(1),263(1972).
  373.95   .10133   .00000   .00000   Exptl Tc,Pc,w=  588.00   5.8100    .3125 
  372.70   .10133   .05000   .06300
  372.25   .10133   .10000   .10700
  372.25   .10133   .20000   .18300
  372.85   .10133   .30000   .25400
  373.70   .10133   .40000   .33200
  374.65   .10133   .50000   .42100
  375.70   .10133   .60000   .51700
  376.75   .10133   .70000   .62200
  377.85   .10133   .80000   .73900
  379.00   .10133   .90000   .86400
  379.55   .10133   .95000   .93100
  380.15   .10133  1.00000  1.00000     
   21 1571 1253  443 CHLROBENZENE PROPIONIC KOGAN E.A.,BELOGUROVA N.V.,YARYM-AGAEV N.L., ZH.FIZ.KHIM. 49,1345(1975).
  313.15   .00136   .00000   .00000	600.81    4.668    0.5796
  313.15   .00144   .01800   .00500
  313.15   .00152   .03600   .10000
  313.15   .00159   .05400   .15000
  313.15   .00171   .07300   .20000
  313.15   .00180   .09300   .25000
  313.15   .00191   .11400   .30000
  313.15   .00203   .13800   .35000
  313.15   .00213   .16400   .40000
  313.15   .00227   .19400   .45000
  313.15   .00240   .23000   .50000
  313.15   .00253   .27000   .55000
  313.15   .00268   .32000   .60000
  313.15   .00283   .37800   .65000
  313.15   .00297   .44800   .70000
  313.15   .00312   .52900   .75000
  313.15   .00327   .62000   .80000
  313.15   .00339   .72200   .85000
  313.15   .00349   .83000   .90000
  313.15   .00357   .92100   .95000
  313.15   .00363  1.00000  1.00000
   13  501  502  416 BENZENE TOLUENE ROLLET A.P.,ELKAIM G.,TOLEDANO P.,SENEX M. COMP.REND. 242,2560(1956).
  383.76   .10133   .00000   .00000
  381.51   .10133   .05000   .10800
  379.37   .10133   .10000   .20600
  375.39   .10133   .20000   .37200
  371.76   .10133   .30000   .50800
  368.45   .10133   .40000   .62100
  365.40   .10133   .50000   .71400
  362.59   .10133   .60000   .79200
  359.99   .10133   .70000   .85700
  357.58   .10133   .80000   .91300
  355.34   .10133   .90000   .96000
  354.27   .10133   .95000   .98100
  353.25   .10133  1.00000  1.00000
   17   17  504  414 ETHYLBENZENE HEPTANE MENTZER R.A.,GREENKORN R.A.,CHAO K.C., J.CHEM.THERMODYN. 14,817(1982).
  327.76   .00583   .00000   .00000
  327.76   .00860   .10500   .38200
  327.76   .01041   .18800   .53200
  327.76   .01225   .28500   .64200
  327.76   .01386   .38000   .71800
  327.76   .01408   .39200   .72600
  327.76   .01485   .44200   .75700
  327.76   .01501   .45100   .76500
  327.76   .01574   .50100   .79100
  327.76   .01605   .52200   .80200
  327.76   .01666   .56500   .82300
  327.76   .01691   .58100   .83000
  327.76   .01773   .64000   .85700
  327.76   .01885   .72100   .89100
  327.76   .01987   .79400   .92100
  327.76   .02103   .87700   .95300
  327.76   .02272  1.00000  1.00000
   21   27  504  417 OCTANE ETHYLBENZENE YANG C.P.,VANWINKLE M.,IND.ENG.CHEM.47,293(1955). 
  409.35   .10133   .00000   .00000
  408.25   .10133   .04900   .07600
  407.25   .10133   .09600   .14400
  406.35   .10133   .15000   .21700
  405.55   .10133   .20100   .27800
  404.85   .10133   .25100   .33900
  404.15   .10133   .30400   .39200
  403.35   .10133   .35900   .44800
  402.85   .10133   .41800   .50100
  402.25   .10133   .46600   .54100
  401.95   .10133   .51600   .58600
  401.35   .10133   .57000   .63900
  400.95   .10133   .62400   .68100
  400.45   .10133   .67100   .72300
  400.05   .10133   .72000   .75800
  399.75   .10133   .77200   .80100
  399.45   .10133   .82200   .84100
  399.15   .10133   .86900   .88500
  399.05   .10133   .90900   .91900
  398.95   .10133   .95700   .96200
  398.85   .10133  1.00000  1.00000
   13  234  502  412 1-HEPTENE TOLUENE KIRSS H.,KUDRYAVTSEVA L.S.,EISEN O., EESTI NSV TEAD.AKAD.TOIM.,KEEM.GEOL. 24,15(1975).
  328.15   .01515   .00000   .00000
  328.15   .01635   .05000   .11800
  328.15   .01739   .10100   .21300
  328.15   .01907   .20100   .35200
  328.15   .01975   .25100   .40600
  328.15   .02118   .35000   .51300
  328.15   .02309   .50000   .64500
  328.15   .02476   .64900   .75800
  328.15   .02574   .75000   .82600
  328.15   .02620   .80000   .85900
  328.15   .02698   .90000   .92500
  328.15   .02728   .95000   .96000
  328.15   .02749  1.00000  1.00000
   15   17  507  420 HEPTANE P-XYLENE MENTZER R.A.,GREENKORN R.A.,CHAO K.C., J.CHEM.THERMODYN. 14,817(1982).
  313.11   .00268   .00000   .00000
  313.11   .00406   .10000   .39800
  313.11   .00519   .19600   .57400
  313.11   .00609   .28200   .67000
  313.11   .00690   .36600   .73700
  313.11   .00752   .43400   .78100
  313.11   .00805   .49600   .81400
  313.11   .00808   .49800   .81500
  313.11   .00849   .54600   .83800
  313.11   .00869   .57200   .85000
  313.11   .00888   .59200   .85800
  313.11   .00941   .65800   .88500
  313.11   .01025   .75800   .92200
  313.11   .01115   .86800   .95900
  313.11   .01229  1.00000  1.00000
   11  501  137  410 BENZENE CYCLOHEXANE OSBORNE C.G.,MORCOM K.W., J.CHEM.THERMODYN. 13,235(1981).
  313.15   .02456   .00000   .00000
  313.15   .02648   .23100   .28000
  313.15   .02704   .31100   .35400
  313.15   .02708   .33200   .37200
  313.15   .02743   .50400   .50700
  313.15   .02730   .61800   .59100
  313.15   .02721   .65300   .61900
  313.15   .02675   .74900   .70000
  313.15   .02610   .84700   .79700
  313.15   .02492   .95400   .93200
  313.15   .02430  1.00000  1.00000
   16  105  501  411 METHYLCYCLOPENTANE BENZENE MENTZER R.A.,GREENKORN R.A.,CHAO K.C., J.CHEM.THERMODYN. 14,817(1982).
  313.14   .02427   .00000   .00000
  313.14   .02647   .07600   .14600
  313.14   .02777   .13300   .23100
  313.14   .02886   .19200   .30200
  313.14   .03015   .27500   .38800
  313.14   .03127   .36600   .46800
  313.14   .03134   .37100   .47300
  313.14   .03187   .42400   .51600
  313.14   .03202   .44100   .52900
  313.14   .03244   .48900   .56700
  313.14   .03267   .52000   .59000
  313.14   .03327   .61500   .66200
  313.14   .03374   .72300   .74600
  313.14   .03397   .79900   .80800
  313.14   .03401   .88700   .88800
  313.14   .03385  1.00000  1.00000
   13  137  502  419 CYCLOHEXANE TOLUENE KATAYAMA T.,SUNG E.K.,LIGHTFOOT E.N., AICHE J. 11,924(1965).
  298.15   .00379   .00000   .00000
  298.15   .00458   .05100   .21600
  298.15   .00518   .10100   .36100
  298.15   .00654   .19900   .53100
  298.15   .00776   .28400   .60900
  298.15   .00870   .40000   .71400
  298.15   .00943   .50000   .77400
  298.15   .01035   .60000   .82200
  298.15   .01095   .70000   .86700
  298.15   .01149   .80000   .91200
  298.15   .01222   .90000   .95300
  298.15   .01264   .95000   .97600
  298.15   .01312  1.00000  1.00000
   11  309  214  418 ISOPRENE 2-METHYL-2-BUTENE SHESTAKOVA L.A.,KOFMAN L.L.,MATVEEVA T.N.,SAVELEVA T.N. PROM.SIN.KAUCH.NAUCH.-TEKH.SB.11,10(1970).
  311.72   .10133   .00000   .00000
  311.10   .10133   .10000   .11800
  310.55   .10133   .20000   .22800
  310.05   .10133   .30000   .33500
  309.65   .10133   .40000   .43800
  309.15   .10133   .50000   .53700
  308.65   .10133   .60000   .63500
  308.30   .10133   .70000   .72900
  307.95   .10133   .80000   .82100
  307.55   .10133   .90000   .91000
  307.22   .10133  1.00000  1.00000
   12 1864  502  261 HEXAFLUOROBENZENE TOLUENE GAW W.J.,SWINTON F.L. TRANS.FARADAY SOC.64,2023(1968).
  303.15   .00489   .00000   .00000
  303.15   .00553   .08780   .19080
  303.15   .00612   .17780   .33740
  303.15   .00672   .26680   .46120
  303.15   .00736   .35380   .57010
  303.15   .00809   .44300   .67040
  303.15   .00891   .52790   .75410
  303.15   .00977   .61090   .82350
  303.15   .01073   .69560   .88110
  303.15   .01177   .78370   .92810
  303.15   .01312   .89710   .97210
  303.15   .01430  1.00000  1.00000
   16 1501  501  230 TETRACHLOROMETHANE BENZENE TASIC A.ZH.,BUKUR D.B.,DORDEVIC B.D.,SIMOVIC D.M., GLAS.HEM.DRUS.,BEOGRAD 36,109(1971).
  353.18   .10133   .00000   .00000
  352.77   .10133   .05500   .07200
  352.51   .10133   .09400   .11700
  352.21   .10133   .14400   .16700
  352.04   .10133   .17400   .19700
  351.58   .10133   .25000   .27700
  351.22   .10133   .32700   .35400
  350.80   .10133   .43300   .45900
  350.32   .10133   .55400   .58000
  350.14   .10133   .64000   .65700
  349.94   .10133   .72700   .73700
  349.87   .10133   .79500   .80000
  349.80   .10133   .83800   .84100
  349.75   .10133   .88000   .88200
  349.70   .10133   .93300   .93400
  349.68   .10133  1.00000  1.00000
   12 1938  137  179 CARBON CYCLOHEXANE BERNATOVA S.,BOUBLIK T. COLL.CZECH.CHEM.COMMUN.42,2615(1977).
  298.15   .01301   .00000   .00000
  298.15   .01652   .07300   .26690
  298.15   .01879   .12280   .38740
  298.15   .02469   .26100   .59920
  298.15   .02841   .35500   .69100
  298.15   .03208   .45760   .76470
  298.15   .03593   .57270   .82790
  298.15   .03836   .65300   .86220
  298.15   .04099   .74210   .89850
  298.15   .04371   .84420   .93590
  298.15   .04523   .89440   .95660
  298.15   .04818  1.00000  1.00000
   19 1938  104  175 CARBON CYCLOPENTANE BERNATOVA S.,BOUBLIK T. COLL.CZECH.CHEM.COMMUN.41,1642(1976).
  288.15   .02813   .00000   .00000
  288.15   .02878   .03650   .05850
  288.15   .02886   .04250   .06600
  288.15   .02933   .07410   .10950
  288.15   .03054   .15840   .21700
  288.15   .03189   .28360   .35220
  288.15   .03221   .30540   .37380
  288.15   .03270   .36500   .42920
  288.15   .03288   .38200   .44500
  288.15   .03355   .49160   .53720
  288.15   .03394   .58180   .60890
  288.15   .03399   .59190   .61660
  288.15   .03408   .70440   .70520
  288.15   .03408   .76270   .75250
  288.15   .03398   .81300   .79620
  288.15   .03388   .83770   .81880
  288.15   .03366   .88380   .86340
  288.15   .03271   .97900   .97150
  288.15   .03251  1.00000  1.00000
   14 1938 1501  450 CARBON TETRACHLOROMETHANE HLAVATY K. COLLECT.CZECH.CHEM.COMMUN. 35,2878(1970).
  298.15   .01648   .03180   .10490
  298.15   .02162   .14990   .40010
  298.15   .02458   .22360   .51530
  298.15   .02705   .28790   .59540
  298.15   .02951   .35640   .65930
  298.15   .03200   .42850   .72000
  298.15   .03342   .47250   .74540
  298.15   .03588   .55090   .79280
  298.15   .03749   .60410   .82160
  298.15   .03788   .61820   .82830
  298.15   .03984   .68670   .86200
  298.15   .04240   .78060   .90450
  298.15   .04482   .87310   .94400
  298.15   .04724   .96260   .98380
   12 1864  507  274 HEXAFLUOROBENZENE P-XYLENE GAW W.J.,SWINTON F.L. TRANS.FARADAY SOC.64,2023(1968).
  313.15   .00265   .00000   .00000
  313.15   .00384   .09580   .37540
  313.15   .00492   .18080   .55580
  313.15   .00606   .26310   .67800
  313.15   .00756   .35600   .77980
  313.15   .00923   .44400   .85060
  313.15   .01184   .56250   .91580
  313.15   .01400   .65040   .94760
  313.15   .01639   .74410   .97030
  313.15   .01848   .82760   .98390
  313.15   .02045   .90900   .99290
  313.15   .02245  1.00000  1.00000
   12 1864  137  183 HEXAFLUOROBENZENE CYCLOHEXANE GAW W.J.,SWINTON F.L. TRANS.FARADAY SOC.64,637(1968).
  303.15   .01625   .00000   .00000
  303.15   .01907   .08970   .21030
  303.15   .02032   .18190   .30490
  303.15   .02086   .27230   .36020
  303.15   .02111   .36540   .40210
  303.15   .02114   .45430   .43660
  303.15   .02109   .53930   .46950
  303.15   .02073   .62950   .50880
  303.15   .02008   .72060   .56000
  303.15   .01909   .80820   .63120
  303.15   .01731   .90230   .75530
  303.15   .01432  1.00000  1.00000
   28  502 1054  141 TOLUENE 4-METHYL-2-PENTANONE PENA M.D.,COLIN A.C.,COMPOSTIZO A., J.CHEM.THERMODYN.10,337(1978).
  323.15   .00945   .00000   .00000
  323.15   .00959   .03150   .04550
  323.15   .00981   .08440   .11650
  323.15   .01001   .13460   .17870
  323.15   .01017   .18230   .23470
  323.15   .01032   .22430   .28250
  323.15   .01054   .29200   .35700
  323.15   .01070   .33980   .40820
  323.15   .01091   .40400   .47450
  323.15   .01106   .45620   .52610
  323.15   .01118   .49410   .56270
  323.15   .01123   .51040   .57820
  323.15   .01128   .52840   .59480
  323.15   .01135   .55180   .61640
  323.15   .01142   .57570   .63800
  323.15   .01146   .59230   .65290
  323.15   .01152   .61290   .67080
  323.15   .01159   .64220   .69620
  323.15   .01164   .66190   .71310
  323.15   .01170   .68480   .73230
  323.15   .01175   .70550   .74920
  323.15   .01182   .73420   .77300
  323.15   .01191   .77660   .80850
  323.15   .01199   .81340   .83890
  323.15   .01206   .85250   .87210
  323.15   .01212   .87950   .89490
  323.15   .01215   .90120   .91320
  323.15   .01230  1.00000  1.00000
   27  502 1060  135 TOLUENE 2-PENTANONE PENA M.D.,COLIN A.C.,COMPOSITZO A., J.CHEM.THERMODYN.10,337(1978).
  323.15   .01558   .00000   .00000
  323.15   .01539   .10590   .09550
  323.15   .01526   .17130   .15250
  323.15   .01508   .24650   .21830
  323.15   .01495   .29980   .26590
  323.15   .01481   .35010   .31100
  323.15   .01468   .40290   .35880
  323.15   .01455   .44950   .40190
  323.15   .01446   .47840   .42870
  323.15   .01436   .51650   .46350
  323.15   .01425   .55360   .49780
  323.15   .01414   .58600   .52780
  323.15   .01405   .61320   .55390
  323.15   .01398   .63840   .57730
  323.15   .01388   .66500   .60280
  323.15   .01379   .69110   .62850
  323.15   .01370   .71220   .64970
  323.15   .01360   .73840   .67710
  323.15   .01352   .76110   .70040
  323.15   .01338   .79260   .73450
  323.15   .01325   .82000   .76470
  323.15   .01314   .84390   .79250
  323.15   .01304   .86570   .81820
  323.15   .01285   .90490   .86680
  323.15   .01268   .93940   .91140
  323.15   .01243   .97800   .96630
  323.15   .01230  1.00000  1.00000
    9  501 1052  129 BENZENE 2-BUTANONE RAO V.N.K.,SWAMI D.R.,RAO M.N., J.SCI.INDUSTR.RES.16B,195(1957).
  390.45   .30811   .10000   .10900
  389.95   .30811   .20000   .21200
  389.75   .30811   .30000   .30800
  389.65   .30811   .40000   .40200
  389.75   .30811   .50000   .49500
  389.85   .30811   .60000   .59000
  390.35   .30811   .70000   .68300
  391.15   .30811   .80000   .78100
  392.75   .30811   .90000   .88500
   12  501 1821  242 BENZENE THIOPENE KUDRYAVTSEVA L.,VIIT H.,EIZEN O., EESTI NSV TEAD.AKAD.TOIM.,KEEM.GEOL. 20,292(1971).
  328.15   .03761   .00000   .00000
  328.15   .03873   .08800   .11300
  328.15   .03957   .16800   .20100
  328.15   .04041   .26100   .30500
  328.15   .04090   .32300   .36700
  328.15   .04154   .41100   .45200
  328.15   .04213   .50400   .54100
  328.15   .04266   .59800   .62900
  328.15   .04293   .65000   .67500
  328.15   .04346   .75000   .76900
  328.15   .04396   .85500   .86700
  328.15   .04447  1.00000  1.00000
   29 1864 1403  164 HEXAFLUOROBENZENE DIISOPROPYL MURRAY R.S.,MARTIN M.L., J.CHEM.THERMODYN.10,613(1978).
  298.13   .01987   .00000   .00000
  298.13   .01985   .00760   .00640
  298.13   .01980   .02550   .02160
  298.13   .01972   .05040   .04220
  298.13   .01964   .07200   .05940
  298.13   .01944   .13040   .10520
  298.13   .01905   .21720   .16890
  298.13   .01871   .28390   .21580
  298.13   .01840   .33960   .25410
  298.13   .01815   .38220   .28370
  298.13   .01789   .42170   .31090
  298.13   .01765   .45740   .33580
  298.13   .01742   .49020   .35950
  298.13   .01724   .51460   .37730
  298.13   .01707   .53680   .39380
  298.13   .01693   .55400   .40670
  298.13   .01670   .58090   .42740
  298.13   .01649   .60620   .44780
  298.13   .01620   .63960   .47570
  298.13   .01589   .67180   .50410
  298.13   .01547   .71260   .54250
  298.13   .01500   .75640   .58760
  298.13   .01449   .79790   .63510
  298.13   .01389   .84380   .69490
  298.13   .01327   .88580   .75800
  298.13   .01238   .94120   .85970
  298.13   .01212   .95540   .88980
  298.13   .01148   .98920   .97090
  298.13   .01126  1.00000  1.00000
   14 1501 1052  125 TETRACHLOROMETHANE 2-BUTANONE FOWLER R.T.,NORRIS G.S., J.APPL.CHEM.5,266(1955).
  352.70   .10133   .00000   .00000
  351.50   .10133   .07500   .10900
  350.05   .10133   .15300   .20600
  349.00   .10133   .23800   .30000
  348.25   .10133   .31000   .37400
  347.40   .10133   .41300   .46200
  347.10   .10133   .47600   .51600
  347.00   .10133   .60800   .62000
  346.85   .10133   .66400   .66300
  346.95   .10133   .71400   .70000
  347.30   .10133   .79900   .77100
  347.75   .10133   .85500   .82000
  348.95   .10133   .95000   .92900
  349.90   .10133  1.00000  1.00000
   23  137 1052  130 CYCLOHEXANE 2-BUTANONE KURMANADHARAO K.V.,RAO C.V., CHEM.ENG.SCI.7,97(1957).
  352.75   .10133   .00000   .00000
  350.95   .10133   .03000   .09500
  349.85   .10133   .05500   .14000
  348.25   .10133   .12000   .21500
  346.75   .10133   .19500   .30500
  345.35   .10133   .32000   .41000
  344.95   .10133   .40250   .45500
  344.75   .10133   .56250   .52000
  344.85   .10133   .60500   .54500
  345.15   .10133   .66500   .59000
  345.45   .10133   .71000   .60500
  345.95   .10133   .75000   .63250
  346.35   .10133   .78000   .65000
  346.80   .10133   .80500   .67000
  348.30   .10133   .82000   .69500
  348.05   .10133   .85000   .72500
  348.45   .10133   .86500   .74000
  348.95   .10133   .88000   .75500
  349.85   .10133   .90500   .79000
  350.75   .10133   .92500   .82900
  351.15   .10133   .94250   .85100
  351.75   .10133   .94500   .88000
  353.95   .10133  1.00000  1.00000
   25   17 1821  217 HEPTANE THIOPHENE KUDRYAVTSEVA L.,VIIT H.,EIZEN O., EESTI NSV TEAD.AKAD.TOIM.,KEEM.GEOL.20,292(1971).
  328.15   .03761   .00000   .00000
  328.15   .03798   .01000   .01900
  328.15   .03830   .02000   .03700
  328.15   .03876   .04000   .06500
  328.15   .03920   .06800   .09400
  328.15   .03936   .09000   .10900
  328.15   .03945   .12000   .13000
  328.15   .03940   .20000   .17700
  328.15   .03929   .22900   .19100
  328.15   .03893   .28000   .22000
  328.15   .03848   .32900   .25100
  328.15   .03814   .36000   .27100
  328.15   .03744   .42000   .31000
  328.15   .03662   .48400   .35000
  328.15   .03545   .56000   .40200
  328.15   .03420   .63000   .45400
  328.15   .03269   .70000   .51700
  328.15   .03166   .74000   .56100
  328.15   .03024   .79400   .62300
  328.15   .02982   .81000   .64300
  328.15   .02752   .89000   .75500
  328.15   .02572   .94100   .84900
  328.15   .02408   .98000   .93900
  328.15   .02357   .99000   .97000
  328.15   .02309  1.00000  1.00000
   17   17 1053  138 HEPTANE 3-PENTANONE GEISELER G.,KOEHLER H., BER.BUNSENGES.PHYS.CHEM.72,697(1968).
  353.15   .04974   .00000   .00000
  353.15   .05140   .02000   .04700
  353.15   .05386   .05100   .11100
  353.15   .05694   .09800   .19600
  353.15   .06022   .16400   .28900
  353.15   .06326   .25100   .38100
  353.15   .06518   .33400   .45100
  353.15   .06631   .41700   .50300
  353.15   .06690   .58400   .59700
  353.15   .06683   .62600   .62100
  353.15   .06661   .67300   .64600
  353.15   .06619   .72600   .68000
  353.15   .06511   .79800   .73000
  353.15   .06259   .89500   .82400
  353.15   .06049   .94400   .89300
  353.15   .05933   .96500   .92800
  353.15   .05698  1.00000  1.00000
   19   17 1052  133 HEPTANE 2-BUTANONE STEINHAUSER H.H.,WHITE R.R., IND.ENG.CHEM.41,2912(1949).
  352.60   .10133   .00000   .00000
  352.20   .10133   .00600   .01300
  351.85   .10133   .02700   .04600
  351.25   .10133   .06800   .09200
  350.40   .10133   .13600   .16800
  350.15   .10133   .23500   .23150
  350.30   .10133   .29400   .26400
  350.15   .10133   .30700   .27300
  350.60   .10133   .38850   .30900
  351.35   .10133   .49300   .35500
  351.50   .10133   .52500   .36800
  353.20   .10133   .63100   .42200
  353.10   .10133   .64600   .42800
  355.40   .10133   .77000   .50500
  359.55   .10133   .87800   .62450
  362.55   .10133   .92600   .71500
  366.85   .10133   .97300   .85900
  369.25   .10133   .99670   .94000
  371.45   .10133  1.00000  1.00000
   14   56 1051  124 DECANE ACETONE MESSOW U.,DOYE U.,KUNTZSCH S.,KUCHENBECKER D., Z.PHYS.CHEM.(LEIPZIG) 258,90(1977).
  333.15   .11518   .00000   .00000
  333.15   .10021   .26780   .00750
  333.15   .09897   .30550   .00750
  333.15   .09439   .40650   .00750
  333.15   .09173   .46960   .00900
  333.15   .09086   .48840   .00850
  333.15   .08950   .51450   .00950
  333.15   .08719   .55200   .01080
  333.15   .08706   .55450   .01020
  333.15   .08339   .60700   .01220
  333.15   .07766   .66500   .01480
  333.15   .07079   .70400   .01700
  333.15   .06893   .71150   .01730
  333.15   .00152  1.00000  1.00000
   11 1501 1889   98 TETRACHLOROMETHANE FURFURAL WINGARD R.E.,DURANT W.S.,TUBBS H.E.,BROWN W.O., IND.ENG.CHEM.47,1757(1955).
  434.85   .10133   .00000   .00000
  397.65   .10133   .06500   .70300
  373.15   .10133   .15600   .89200
  362.15   .10133   .26000   .93800
  356.65   .10133   .37300   .95700
  353.15   .10133   .48100   .96600
  352.15   .10133   .57300   .97100
  351.65   .10133   .69900   .97700
  351.15   .10133   .79300   .98400
  351.15   .10133   .90600   .98900
  350.15   .10133  1.00000  1.00000
   29 1501 1051  106 TETRACHLOROMETHANE ACETONE BACHMAN K.C.,SIMONS E.L., IND.ENG.CHEM.44,202(1952).
  304.44   .04000   .00000   .00000
  304.40   .04000   .00600   .00600
  304.38   .04000   .02050   .02100
  304.35   .04000   .03200   .03200
  304.40   .04000   .03850   .03850
  304.37   .04000   .04150   .04150
  304.40   .04000   .04500   .04450
  304.39   .04000   .04900   .04850
  304.42   .04000   .05300   .05300
  304.42   .04000   .06600   .06400
  304.43   .04000   .09150   .08650
  304.48   .04000   .13500   .12400
  304.67   .04000   .21200   .18100
  304.68   .04000   .23250   .19700
  305.05   .04000   .28350   .23300
  305.04   .04000   .29900   .24350
  305.36   .04000   .34450   .26650
  305.89   .04000   .43700   .32150
  306.33   .04000   .48500   .35700
  306.48   .04000   .51500   .36950
  306.51   .04000   .50650   .36300
  307.35   .04000   .60100   .42450
  307.48   .04000   .61750   .42550
  308.61   .04000   .68900   .47250
  309.95   .04000   .76550   .53000
  311.75   .04000   .83400   .59850
  313.73   .04000   .88800   .67000
  317.10   .04000   .94900   .79800
  321.92   .04000  1.00000  1.00000
   17  501 1523  239 BENZENE 1 CANJAR L.N.,HORNI E.C.,ROTHFUS R.R., IND.ENG.CHEM. 48,427(1956).
  356.62   .10133   .00000   .00000
  356.29   .10133   .08470   .09480
  356.02   .10133   .15270   .16840
  355.78   .10133   .21640   .23580
  355.48   .10133   .29730   .32030
  355.20   .10133   .37620   .40170
  355.02   .10133   .42780   .45400
  354.85   .10133   .47420   .50040
  354.79   .10133   .49350   .51970
  354.70   .10133   .52170   .54760
  354.49   .10133   .58640   .61090
  354.29   .10133   .64910   .67150
  354.08   .10133   .71520   .73470
  353.80   .10133   .80790   .82190
  353.52   .10133   .90420   .91200
  353.35   .10133   .96310   .96630
  353.25   .10133  1.00000  1.00000
   13  502 1523  258 TOLUENE 1 ROLLET A.P.,TOLEDANO P.,ELKAIM G.,SENEZ M., ALGER SCI.PHYS. 2,403(1956).
  356.60   .10133   .00000   .00000
  357.43   .10133   .05000   .02430
  358.28   .10133   .10000   .04910
  360.08   .10133   .20000   .10120
  362.06   .10133   .30000   .15860
  364.24   .10133   .40000   .22380
  366.67   .10133   .50000   .30000
  369.40   .10133   .60000   .39080
  372.46   .10133   .70000   .50090
  375.88   .10133   .80000   .63550
  379.66   .10133   .90000   .80010
  381.67   .10133   .95000   .89540
  383.76   .10133  1.00000  1.00000
   15  501 1710  245 BENZENE DIETHYLAMINE LETCHER T.M.,BAYLES J.W., J.CHEM.ENG.DATA 16,266(1971).
  328.15   .10018   .00000   .00000
  328.15   .09389   .12500   .06600
  328.15   .09205   .15900   .08500
  328.15   .08533   .28600   .15700
  328.15   .07737   .43000   .25200
  328.15   .07387   .49300   .30100
  328.15   .07133   .53800   .33800
  328.15   .06662   .62000   .41500
  328.15   .06519   .64600   .44100
  328.15   .05601   .80200   .63350
  328.15   .05336   .84500   .69800
  328.15   .05241   .86200   .72500
  328.15   .04930   .91200   .81200
  328.15   .04668   .95300   .89400
  328.15   .04365  1.00000  1.00000
    8  502 1886  264 TOLUENE NITROBENZENE WISE J.M.,BALISH M.,GEREWITZ F.,FRIED V., FLUID PHASE EQUILIBRIA,4,115(1980).
  373.15   .00284   .00000   .00000
  373.15   .01079   .07770   .75220
  373.15   .02190   .21280   .89150
  373.15   .03935   .44170   .95490
  373.15   .05480   .68320   .97840
  373.15   .06086   .78690   .98530
  373.15   .06543   .85750   .99020
  373.15   .07475  1.00000  1.00000
   15   17 1586  219 HEPTANE BUTYL SMYTH C.P.,ENGEL E.W., J.AMER.CHEM.SOC.51,2646(1929).
  323.15   .03922   .00000   .00000
  323.15   .03850   .04350   .03980
  323.15   .03736   .13550   .09000
  323.15   .03616   .22030   .14570
  323.15   .03500   .30210   .19200
  323.15   .03402   .36140   .22570
  323.15   .03309   .40450   .25710
  323.15   .03194   .47270   .30220
  323.15   .03053   .55380   .37380
  323.15   .02901   .61470   .43150
  323.15   .02689   .71300   .52310
  323.15   .02437   .84200   .65040
  323.15   .02229   .88720   .77390
  323.15   .02032   .95040   .88710
  323.15   .01867  1.00000  1.00000
   14  104 1521  174 CYCLOPENTANE CHLOROFORM SEVCIK M.,BOUBLIK T.,BIROS J., COLL.CZECH.CHEM.COMMUN. 43,2242(1978).
  298.15   .02643   .00000   .00000
  298.15   .02854   .06050   .12900
  298.15   .03053   .12300   .23260
  298.15   .03266   .20190   .33900
  298.15   .03474   .29370   .43870
  298.15   .03651   .38590   .52320
  298.15   .03780   .46820   .58840
  298.15   .03894   .55700   .65280
  298.15   .03999   .64160   .71710
  298.15   .04090   .73420   .78260
  298.15   .04160   .82600   .85260
  298.15   .04201   .89230   .90510
  298.15   .04231   .95830   .96160
  298.15   .04238  1.00000  1.00000
   20   17 1706  223 HEPTANE TRIETHYLAMINE LETCHER T.M.,BAYLES J.W., J.CHEM.ENG.DATA 16,266(1971).
  333.15   .03870   .00000   .00000
  333.15   .03756   .11700   .08950
  333.15   .03716   .15800   .12200
  333.15   .03672   .20000   .15600
  333.15   .03610   .25900   .20450
  333.15   .03553   .31550   .25300
  333.15   .03506   .35950   .29150
  333.15   .03449   .41350   .34050
  333.15   .03408   .45250   .37650
  333.15   .03376   .48200   .40420
  333.15   .03333   .52200   .44300
  333.15   .03286   .56500   .48500
  333.15   .03266   .58350   .50450
  333.15   .03228   .61900   .54100
  333.15   .03162   .67800   .60350
  333.15   .03106   .72850   .65950
  333.15   .03069   .76250   .69800
  333.15   .03028   .79950   .74150
  333.15   .02974   .84650   .79800
  333.15   .02805  1.00000  1.00000
   11   15 1521  194 2 CHLOROFORM MC CONNELL C.G.,VAN WINKLE M., J.CHEM.ENG.DATA 12,430(1967).
  333.95   .10133   .00000   .00000
  332.75   .10133   .05500   .09800
  331.15   .10133   .13400   .20000
  329.75   .10133   .25000   .31300
  329.15   .10133   .37400   .41500
  328.75   .10133   .46300   .48700
  328.65   .10133   .57000   .57600
  328.75   .10133   .61300   .61000
  328.80   .10133   .67500   .66400
  329.55   .10133   .86800   .84500
  330.95   .10133  1.00000  1.00000
    8  504 1886  271 ETHYLBENZENE NITROBENZENE WISE J.M.,BALISH M.,GEREWITZ F.,FRIED V., FLUID PHASE EQUILIBRIA,4,115(1980).
  373.15   .00284   .00000   .00000
  373.15   .00618   .06940   .57120
  373.15   .01244   .22160   .81600
  373.15   .01918   .42670   .90530
  373.15   .02407   .60530   .94270
  373.15   .02628   .69330   .95670
  373.15   .03138   .90600   .98630
  373.15   .03365  1.00000  1.00000
   15  501 1760  232 BENZENE NITROMETHANE EDWARDS J.B., THESIS GEORGIA INSTITUTE OF TECHNOLOGY JUNE 1962.
  318.15   .01253   .00000   .00000
  318.15   .01327   .00900   .06770
  318.15   .01551   .03770   .22150
  318.15   .01685   .05820   .29250
  318.15   .02092   .13900   .46220
  318.15   .02509   .28810   .59770
  318.15   .02572   .32210   .61660
  318.15   .02774   .46620   .68060
  318.15   .02894   .58730   .73110
  318.15   .03016   .77750   .81660
  318.15   .03028   .81390   .83760
  318.15   .03036   .84590   .85750
  318.15   .03038   .89890   .89400
  318.15   .03034   .91900   .90990
  318.15   .02980  1.00000  1.00000
   13  501 1108   63 BENZENE TERT-BUTANOL BROWN I.,FOCK.W.,SMITH F., J.CHEM.THERMODYN. 1,273(1969).
  318.15   .01812   .00000   .00000
  318.15   .02135   .04860   .18740
  318.15   .02384   .09400   .30250
  318.15   .02814   .20550   .46120
  318.15   .03057   .30070   .54180
  318.15   .03203   .38530   .59180
  318.15   .03323   .48640   .63910
  318.15   .03405   .59730   .68300
  318.15   .03432   .70760   .72510
  318.15   .03420   .82120   .77490
  318.15   .03353   .89880   .82490
  318.15   .03235   .95250   .88460
  318.15   .02977  1.00000  1.00000
   12  501 1102   17 BENZENE ETHANOL NIELSEN R.L.,WEBER J.H., J.CHEM.ENG.DATA 4,145(1959).
  335.65   .05333   .00000   .00000
  329.45   .05333   .10000   .32000
  327.25   .05333   .20000   .44600
  325.35   .05333   .30000   .50900
  324.75   .05333   .40000   .54700
  324.45   .05333   .50000   .57600
  324.35   .05333   .60000   .60100
  324.35   .05333   .60100   .60100
  324.45   .05333   .70000   .62300
  324.75   .05333   .80000   .64700
  325.95   .05333   .90000   .69900
  333.45   .05333  1.00000  1.00000
   30  501 1104   33 BENZENE 2-PROPANOL TOJO G.,BAO M.,ARCE A., AN.REAL.SOC.ESPAN.DE FIS.Y QUIM.69,1177(1973).
  355.53   .10133   .00000   .00000
  354.89   .10133   .00720   .02600
  352.54   .10133   .04810   .15870
  351.58   .10133   .06760   .20920
  350.67   .10133   .09270   .25650
  348.51   .10133   .16670   .38010
  347.76   .10133   .20460   .41780
  347.17   .10133   .23390   .44550
  346.19   .10133   .30280   .49010
  345.60   .10133   .39030   .52390
  345.46   .10133   .42020   .53180
  345.15   .10133   .47790   .55820
  345.08   .10133   .50420   .56200
  344.99   .10133   .55440   .58410
  344.94   .10133   .59660   .60030
  344.93   .10133   .60010   .60200
  344.98   .10133   .63870   .61310
  345.00   .10133   .66220   .62370
  345.13   .10133   .73210   .64000
  344.28   .10133   .75490   .65300
  345.48   .10133   .78350   .67260
  345.75   .10133   .80480   .68960
  346.28   .10133   .84020   .71830
  346.90   .10133   .86210   .73840
  347.17   .10133   .88250   .75500
  347.73   .10133   .90200   .77720
  349.39   .10133   .94670   .84500
  350.38   .10133   .96500   .88590
  351.90   .10133   .98700   .94660
  353.23   .10133  1.00000  1.00000
   18   17 1682  215 HEPTANE ETHYL SMYTH C.P.,ENGEL E.W., J.AMER.CHEM.SOC.51,2646(1929).
  323.15   .04721   .00000   .00000
  323.15   .04720   .01950   .01780
  323.15   .04701   .05740   .04620
  323.15   .04626   .12170   .10840
  323.15   .04548   .17280   .11700
  323.15   .04448   .23040   .14330
  323.15   .04278   .33590   .18950
  323.15   .04121   .42090   .23490
  323.15   .03984   .48810   .25570
  323.15   .03940   .50070   .27140
  323.15   .03750   .57230   .30250
  323.15   .03612   .62070   .33520
  323.15   .03381   .68840   .39240
  323.15   .03040   .77470   .47410
  323.15   .02784   .83080   .55750
  323.15   .02520   .89050   .66040
  323.15   .02230   .93280   .78660
  323.15   .01881  1.00000  1.00000
   13  137 1791  182 CYCLOHEXANE PYRIDINE JONES H.E., J.CHEM.ENG.DATA 7,13(1962).
  388.45   .10133   .00000   .00000
  375.15   .10133   .10000   .38000
  367.95   .10133   .20000   .55500
  363.95   .10133   .30000   .64500
  361.15   .10133   .40000   .71000
  359.15   .10133   .50000   .78500
  357.35   .10133   .60000   .80000
  355.95   .10133   .70000   .83200
  354.95   .10133   .80000   .86600
  354.25   .10133   .90000   .92000
  353.15   .10133   .95000   .96000
  353.95   .10133   .97500   .98000
  353.85   .10133  1.00000  1.00000
   15   27 1791  225 OCTANE PYRIDINE MACZYNSKA Z., BULL.ACAD.POLON.SCI.,SER.SCI.CHIM.GEOL.GEOGR.11,225(1963).
  353.15   .03253   .00000   .00000
  353.15   .03733   .12800   .23400
  353.15   .03840   .23900   .29500
  353.15   .03853   .26000   .31300
  353.15   .03853   .29100   .32500
  353.15   .03866   .35000   .34500
  353.15   .03866   .35300   .34600
  353.15   .03853   .40700   .36600
  353.15   .03813   .49300   .39400
  353.15   .03786   .56300   .42100
  353.15   .03760   .58600   .43100
  353.15   .03533   .72200   .52100
  353.15   .03066   .86900   .67200
  353.15   .02813   .92200   .77400
  353.15   .02333  1.00000  1.00000
   13   27 1101  366 OCTANE METHANOL BUDANTSEVA L.S.,LESTEVA T.M.,NEMTSOV M.S., ZH.FIZ.KHIM. 49,1844(1975).
  337.85   .10133   .00000   .00000
  336.50   .10133   .05000   .08600
  336.10   .10133   .10000   .10400
  335.90   .10133   .20000   .10500
  335.85   .10133   .30000   .10500
  335.90   .10133   .40000   .10500
  336.00   .10133   .50000   .10500
  336.10   .10133   .60000   .10500
  336.20   .10133   .70000   .10700
  336.80   .10133   .80000   .11600
  339.35   .10133   .90000   .13500
  345.15   .10133   .95000   .17000
  398.75   .10133  1.00000  1.00000
    9  137 1102   18 CYCLOHEXANE ETHANOL SCATCHARD G.,SATKIEWICZ F.G., J.AMER.CHEM.SOC.,86,130(1964).
  308.15   .01376   .00000   .00000
  308.15   .02331   .08990   .45130
  308.15   .02831   .24290   .57840
  308.15   .03031   .39120   .61270
  308.15   .02976   .50750   .62570
  308.15   .02984   .61750   .63380
  308.15   .02977   .75340   .64420
  308.15   .02906   .90610   .66460
  308.15   .02008  1.00000  1.00000
   15    7 1105   46 PENTANE 1-BUTANOL RONC M.,RATCLIFF G.R., CAN.J.CHEM.ENG.54,326(1976).
  303.15   .00128   .00000   .00000
  303.15   .00469   .01000   .73000
  303.15   .00796   .02000   .84210
  303.15   .01694   .05000   .92740
  303.15   .02949   .10000   .95980
  303.15   .03962   .15000   .97110
  303.15   .04780   .20000   .97690
  303.15   .05945   .30000   .98250
  303.15   .06666   .40000   .98530
  303.15   .07115   .50000   .98690
  303.15   .07417   .60000   .98800
  303.15   .07637   .70000   .98890
  303.15   .07827   .80000   .99000
  303.15   .08003   .90000   .99140
  303.15   .08207  1.00000  1.00000
   17 1542 1102  368 TETRACHLOROETHYLENE ETHANOL RAO K.V., PRASAD A.R., CAN.J.CHEM.ENG.,62,142(1984).
  351.45   .10108   .00000   .00000
  350.85   .10108   .04800   .06700
  350.85   .10108   .07900   .08200
  350.95   .10108   .14000   .12200
  350.95   .10108   .27200   .17100
  350.95   .10108   .36700   .19300
  351.05   .10108   .48400   .20900
  351.25   .10108   .55200   .21300
  353.25   .10108   .71900   .22400
  354.15   .10108   .75800   .23600
  355.55   .10108   .80700   .25800
  356.65   .10108   .82500   .27300
  359.75   .10108   .87100   .31200
  363.25   .10108   .90400   .35800
  366.85   .10108   .92700   .40400
  374.85   .10108   .96200   .54200
  394.25   .10108  1.00000  1.00000
   10 1864 1103  400 HEXAFLUOROBENZENE 1-PROPANOL ALEKSEEVA M.V.,SMIRNOVA N.A., IZV.VYSSH.UCHEB.ZAVED.,KHIM.KHIM.TEKHNOL. 18,1662(1975).
  288.15   .00156   .00000   .00000
  288.15   .00499   .10000   .71400
  288.15   .00644   .20000   .79100
  288.15   .00708   .30000   .81800
  288.15   .00733   .40000   .82900
  288.15   .00740   .50000   .83200
  288.15   .00749   .60000   .83800
  288.15   .00759   .70000   .84500
  288.15   .00767   .80000   .86000
  288.15   .00727  1.00000  1.00000
   11 1864 1101  354 HEXAFLUOROBENZENE METHANOL ALEKSEEVA M.V.,SMIRNOVA N.A., IZV.VYSSH.UCHEB.ZAVED.,KHIM.KHIM.TEKHNOL. 18,1662(1975).
  288.15   .00996   .00000   .00000
  288.15   .01331   .10000   .30700
  288.15   .01428   .20000   .38000
  288.15   .01453   .30000   .40800
  288.15   .01456   .40000   .42700
  288.15   .01457   .50000   .44500
  288.15   .01456   .60000   .45500
  288.15   .01447   .70000   .46300
  288.15   .01427   .80000   .47500
  288.15   .01383   .90000   .49500
  288.15   .00727  1.00000  1.00000
   15 1003 1051   94 PROPIONIC ACETONE DANCIU E., REV.CHIM.(BUCHAREST) 21,149(1970).
  329.35   .10133   .00000   .00000
  329.00   .10133   .04000   .05000
  328.56   .10133   .08900   .11000
  328.06   .10133   .14500   .18100
  327.56   .10133   .20200   .24900
  327.24   .10133   .24200   .29200
  326.23   .10133   .35500   .42100
  325.97   .10133   .39000   .45600
  325.22   .10133   .48400   .55000
  324.57   .10133   .55400   .62100
  324.12   .10133   .61200   .67600
  323.04   .10133   .74900   .79600
  322.45   .10133   .82900   .86200
  321.74   .10133   .92400   .94000
  321.13   .10133  1.00000  1.00000
   15 1003 1052   95 PROPIONIC 2-BUTANONE MATSUNAGA I.,KATAYAMA T., J.CHEM.ENG.JAP.6,397(1973).
  318.15   .02961   .00000   .00000
  318.15   .03065   .01670   .04720
  318.15   .03218   .04350   .11700
  318.15   .03798   .14200   .33370
  318.15   .04174   .20480   .43050
  318.15   .04737   .30210   .56530
  318.15   .05137   .36190   .62870
  318.15   .05650   .44410   .70520
  318.15   .06243   .52720   .76830
  318.15   .06898   .64380   .84450
  318.15   .07435   .72850   .88880
  318.15   .07795   .78330   .91680
  318.15   .08549   .91760   .97010
  318.15   .08838   .96900   .98940
  318.15   .09094  1.00000  1.00000
   11 1051 1321  111 ACETONE VINYL SERAFIMOV L.A.,TIKHONOVA N.K.,LVOV S.V., ZH.FIZ.KHIM.38(8),1119(1964).
  345.80   .10133   .00000   .00000
  343.45   .10133   .10000   .17300
  341.25   .10133   .20000   .30600
  339.15   .10133   .30000   .42400
  337.35   .10133   .40000   .53000
  335.65   .10133   .50000   .62500
  334.25   .10133   .60000   .71500
  332.95   .10133   .70000   .79400
  331.55   .10133   .80000   .86900
  330.35   .10133   .90000   .93800
  329.45   .10133  1.00000  1.00000
   15 1051 1314  116 ACETONE PROPYL SUBRAHMANYAN V.,MURTY P.D., J.APPL.CHEM.14,500(1964).
  372.15   .10133   .02000   .09000
  371.35   .10133   .03000   .12500
  366.35   .10133   .08500   .30000
  363.75   .10133   .10500   .36000
  361.85   .10133   .14500   .44500
  356.45   .10133   .21500   .56500
  351.85   .10133   .27500   .65500
  345.35   .10133   .40500   .78000
  343.65   .10133   .50500   .83000
  341.75   .10133   .55500   .85500
  336.45   .10133   .61000   .88000
  335.95   .10133   .74500   .93000
  332.45   .10133   .84500   .96000
  331.75   .10133   .89500   .97500
  330.85   .10133   .96000   .99000
   28 1002 1321   92 ACETALDEHYDE VINYL MUEHLENBRUCH M., FIGURSKI G., Z.PHYSIK.CHEM.(LEIPZIG) 261,376 (1980).
  345.71   .10133   .00000   .00000
  344.03   .10133   .01400   .06440
  341.23   .10133   .03900   .16770
  340.52   .10133   .04600   .19420
  338.50   .10133   .06600   .26450
  338.05   .10133   .07000   .27770
  335.56   .10133   .09600   .35690
  332.04   .10133   .13300   .45250
  327.64   .10133   .18500   .55990
  324.56   .10133   .22800   .63040
  321.15   .10133   .28200   .70130
  319.86   .10133   .30000   .72140
  319.80   .10133   .30100   .72250
  317.17   .10133   .34700   .76730
  316.17   .10133   .36300   .78100
  315.40   .10133   .37800   .79310
  312.50   .10133   .43300   .83190
  310.57   .10133   .47500   .85670
  308.05   .10133   .53300   .88550
  306.39   .10133   .57100   .90160
  304.50   .10133   .62300   .92060
  302.27   .10133   .68700   .94030
  300.80   .10133   .73400   .95270
  298.85   .10133   .79600   .96670
  296.05   .10133   .89900   .98560
  295.47   .10133   .92000   .98890
  294.78   .10133   .94700   .99290
  293.50   .10133  1.00000  1.00000
   19 1002 1312  503 ACETALDEHYDE METHYL MUEHLENBRUCH M., FIGURSKI G., Z.PHYSIK.CHEM.(LEIPZIG) 261,376 (1980).
  330.05   .10133   .00000   .00000
  328.04   .10133   .03600   .10270
  325.04   .10133   .08700   .23040
  321.77   .10133   .14700   .35780
  320.57   .10133   .16800   .39720
  319.56   .10133   .18700   .43090
  316.90   .10133   .24100   .51710
  314.21   .10133   .30200   .59960
  310.97   .10133   .38200   .68860
  308.70   .10133   .44800   .74870
  306.77   .10133   .50600   .79360
  306.00   .10133   .53000   .81030
  303.15   .10133   .62100   .86510
  302.27   .10133   .65400   .88220
  299.45   .10133   .75800   .92790
  297.27   .10133   .84100   .95710
  295.77   .10133   .89800   .97430
  294.35   .10133   .95900   .99030
  293.50   .10133  1.00000  1.00000
   13 1402 1051  115 DIETHYL ACETONE SAMESHIMA J., J.AMER.CHEM.SOC.40,1482(1918).
  303.15   .03769   .00000   .00000
  303.15   .03965   .02010   .06970
  303.15   .04346   .04720   .16960
  303.15   .04504   .06630   .21010
  303.15   .05461   .16190   .40660
  303.15   .06395   .29530   .55450
  303.15   .06702   .34930   .59970
  303.15   .07437   .50420   .69960
  303.15   .07959   .65460   .77820
  303.15   .08225   .74910   .82700
  303.15   .08493   .86730   .89600
  303.15   .08603   .96130   .96630
  303.15   .08613  1.00000  1.00000
   12 1002 1402  502 ACETALDEHYDE DIETHYL SUSKA, J., COLLECT.CZECH.CHEM.COMMUN.44,1852(1979).
  307.80   .10132   .00000   .00000
  304.30   .10132   .05800   .15500
  302.90   .10132   .09900   .23700
  300.25   .10132   .19400   .38100
  297.80   .10132   .29300   .49100
  295.90   .10132   .39100   .57400
  293.90   .10132   .53900   .67400
  293.20   .10132   .65800   .73900
  292.80   .10132   .80100   .81400
  292.80   .10132   .84200   .83800
  292.90   .10132   .92600   .90400
  293.40   .10132  1.00000  1.00000
   11 1402 1681  155 DIETHYL METHYL LITVINOV N.D., ZH.FIZ.KHIM.14,782(1940).
  308.15   .07841   .00000   .00000
  308.15   .08682   .10000   .17960
  308.15   .09203   .20000   .29540
  308.15   .09547   .30000   .38500
  308.15   .09787   .40000   .46500
  308.15   .09957   .50000   .54380
  308.15   .10077   .60000   .62610
  308.15   .10155   .70000   .71430
  308.15   .10230   .80000   .80850
  308.15   .10286   .90000   .90540
  308.15   .10339  1.00000  1.00000
   27 1402 1511  154 DIETHYLETHER DICHLOROMETHANE VILIM O.,SZLAUR J., COLLECT.CZECH.CHEM.COMMUN.29,1878(1964).
  312.65   .09902   .00000   .00000
  312.70   .09902   .00500   .00450
  312.75   .09902   .02600   .02250
  312.85   .09902   .05700   .05150
  313.05   .09902   .11270   .10400
  313.15   .09902   .16400   .15350
  313.26   .09902   .21750   .20900
  313.30   .09902   .25900   .25350
  313.33   .09902   .27500   .27100
  313.35   .09902   .30500   .30350
  313.35   .09902   .31750   .31800
  313.35   .09902   .32450   .32550
  313.35   .09902   .34300   .34750
  313.25   .09902   .41300   .43000
  313.13   .09902   .45550   .48000
  312.85   .09902   .51100   .54750
  312.65   .09902   .54000   .58800
  312.55   .09902   .55600   .60500
  312.45   .09902   .57300   .62500
  311.80   .09902   .65750   .72000
  311.15   .09902   .71850   .78250
  310.35   .09902   .78200   .84400
  309.25   .09902   .87000   .91500
  308.45   .09902   .93600   .95950
  308.05   .09902   .95950   .97800
  307.55   .09902   .98600   .99200
  307.10   .09902  1.00000  1.00000
   20 1421 1104   30 1 2-PROPANOL CHOFFE B.,CLIQUET M.,MEUNIER S., REV.INST.FRANC.PETROLE,15(6),1051(1960).
  355.65   .10133   .03600   .03300
  356.10   .10133   .08200   .06700
  356.05   .10133   .09700   .07100
  356.35   .10133   .13000   .10700
  356.60   .10133   .17700   .12700
  357.25   .10133   .26900   .19000
  357.55   .10133   .30000   .20600
  358.45   .10133   .40500   .27400
  358.85   .10133   .44100   .30000
  359.35   .10133   .46600   .31000
  361.55   .10133   .63000   .41900
  362.15   .10133   .65700   .45700
  363.35   .10133   .70000   .48600
  364.85   .10133   .75300   .54500
  367.15   .10133   .82500   .66000
  368.85   .10133   .88100   .72000
  370.55   .10133   .90750   .79800
  370.75   .10133   .90800   .80000
  371.35   .10133   .93000   .83500
  372.65   .10133   .95500   .90000
   17 1415 1521  161 EHTYL CHLOROFORM CHEVALIER J.L., J.CHIM.PHYS.PHYSICOCHIM.BIOL.66,1457(1969).
  316.05   .05333   .00000   .00000
  316.15   .05333   .02000   .01000
  317.05   .05333   .06500   .02900
  318.55   .05333   .15600   .08900
  319.55   .05333   .21500   .14200
  320.75   .05333   .29600   .22300
  321.45   .05333   .36200   .30200
  321.85   .05333   .41000   .37500
  322.15   .05333   .47000   .45500
  322.20   .05333   .52000   .52500
  322.05   .05333   .56700   .59200
  321.60   .05333   .65200   .69700
  320.75   .05333   .74500   .81500
  319.85   .05333   .82200   .87200
  318.85   .05333   .90700   .93700
  318.10   .05333   .97000   .98200
  317.75   .05333  1.00000  1.00000
   10 1402 1521  153 DIETHYL CHLOROFORM KOHOUTEK J., COLL.CZECH.CHEM.COMMUN.,25,288(1960).
  333.45   .09959   .05660   .06360
  333.45   .09959   .06880   .07830
  332.35   .09959   .18530   .23250
  330.75   .09959   .30460   .41330
  329.85   .09959   .32790   .44700
  328.05   .09959   .40200   .56050
  322.05   .09959   .57230   .77980
  312.15   .09959   .81470   .95060
  311.75   .09959   .83090   .95680
  310.45   .09959   .87400   .97190
   11 1051 1521  107 ACETONE CHLOROFORM KUDRYAVTSEVA L.S.,SUSAREV M.P., ZH.PRIKL.KHIM.36(6),1180(1963).
  308.15   .03933   .00000   .00000
  308.15   .03729   .10070   .05900
  308.15   .03528   .20070   .14400
  308.15   .03389   .30180   .27000
  308.15   .03352   .39820   .41000
  308.15   .03441   .49870   .55800
  308.15   .03589   .59050   .68000
  308.15   .03842   .69720   .80500
  308.15   .04100   .79610   .88800
  308.15   .04361   .89210   .95100
  308.15   .04646  1.00000  1.00000
   11 1314 1103   23 PROPYL 1-PROPANOL SMIRNOVA N.A., VESTN.LENINGRAD.UNIV.FIZ.KHIM.16,80(1959).
  364.21   .07999   .00000   .00000
  363.16   .07999   .06500   .10100
  362.46   .07999   .12900   .17400
  361.82   .07999   .20800   .25400
  361.32   .07999   .29300   .33000
  361.21   .07999   .39100   .40000
  361.21   .07999   .47400   .45700
  361.58   .07999   .59300   .53300
  362.27   .07999   .68400   .60700
  363.88   .07999   .83800   .76100
  367.14   .07999  1.00000  1.00000
   12 1315 1105   51 BUTYL 1-BUTANOL SHEINKER YU.N.,PERESLENI E.M., ZH.FIZ.KHIM.26,1103(1952).
  329.25   .00667   .00000   .00000
  327.85   .00667   .07900   .16700
  326.65   .00667   .13200   .24800
  325.45   .00667   .23500   .35500
  324.35   .00667   .40900   .49600
  324.05   .00667   .51300   .56300
  323.95   .00667   .56500   .58400
  323.85   .00667   .63000   .63000
  323.95   .00667   .64500   .63700
  324.25   .00667   .71800   .67800
  324.65   .00667   .82000   .77500
  325.75   .00667  1.00000  1.00000
   19 1313 1104   31 ETHYL 2-PROPANOL MURTI P.S.,VAN WINKLE M., CHEM.ENG.DATA SERIES,3(1),72(1958).
  333.15   .04166   .04550   .12540
  333.15   .04286   .07400   .15850
  333.15   .04393   .08550   .19000
  333.15   .04406   .09350   .21760
  333.15   .04573   .12950   .26280
  333.15   .04733   .15900   .29800
  333.15   .04780   .17550   .32050
  333.15   .05133   .26650   .42130
  333.15   .05253   .31350   .46130
  333.15   .05393   .36000   .48810
  333.15   .05486   .42750   .53690
  333.15   .05506   .43200   .54130
  333.15   .05600   .49150   .58320
  333.15   .05740   .59050   .64220
  333.15   .05760   .68000   .69770
  333.15   .05786   .75250   .74450
  333.15   .05740   .83500   .82050
  333.15   .05760   .91950   .90000
  333.15   .05666   .92250   .89320
   19 1402 1102   13 DIETHYL ETHANOL NAGAI J.,ISII N., J.SOC.CHEM.IND.JAP.38,8(1935).
  273.15   .00491   .05000   .67870
  273.15   .00765   .10000   .80340
  273.15   .01018   .15000   .85900
  273.15   .01210   .20000   .88660
  273.15   .01370   .25000   .90390
  273.15   .01505   .30000   .91590
  273.15   .01621   .35000   .92590
  273.15   .01723   .40000   .93230
  273.15   .01818   .45000   .93860
  273.15   .01906   .50000   .94420
  273.15   .01980   .55000   .94870
  273.15   .02038   .60000   .95230
  273.15   .02086   .65000   .95550
  273.15   .02131   .70000   .95850
  273.15   .02178   .75000   .96220
  273.15   .02233   .80000   .96670
  273.15   .02293   .85000   .97200
  273.15   .02352   .90000   .97830
  273.15   .02412   .95000   .98610
    9 1889 1102   15 FURFURAL ETHANOL KHARIN S.E.,PERELYGIN V.M.,POLYANSKY K.K, GIDROLIZ.LESOKHIM.PROM.23,15(1970).
  338.15   .05600   .02010   .00480
  338.15   .05426   .05060   .01000
  338.15   .05160   .15070   .02290
  338.15   .04533   .35000   .04000
  338.15   .03746   .55090   .05380
  338.15   .02933   .75010   .07300
  338.15   .01893   .90110   .13150
  338.15   .01240   .94920   .20520
  338.15   .00747   .98000   .35100
   12 1051 1101    2 ACETONE METHANOL MARINICHEV A.N.,SUSAREV M.P., ZH.PRIKL.KHIM.38(2),371(1965).
  328.15   .06853   .00000   .00000
  328.15   .07814   .09200   .18600
  328.15   .08563   .19200   .32600
  328.15   .09045   .29000   .42300
  328.15   .09450   .40100   .51100
  328.15   .09690   .50100   .58300
  328.15   .09862   .58400   .64300
  328.15   .09987   .68700   .71200
  328.15   .10029   .75600   .76200
  328.15   .09947   .89500   .88200
  328.15   .09833   .95400   .94500
  328.15   .09719  1.00000  1.00000
   16 1421 1101    4 1 METHANOL VALENT V.,DISSERTATION TUEBINGEN 1976. 
  308.15   .02802   .00000   .00000
  308.15   .02776   .05600   .04400
  308.15   .02747   .10600   .07300
  308.15   .02708   .16700   .10200
  308.15   .02646   .23200   .13000
  308.15   .02506   .37800   .17500
  308.15   .02402   .45900   .20400
  308.15   .02283   .55300   .23400
  308.15   .02176   .61400   .26300
  308.15   .02030   .67700   .29700
  308.15   .01813   .77100   .36700
  308.15   .01571   .84100   .44600
  308.15   .01419   .88600   .51200
  308.15   .01301   .90700   .57300
  308.15   .01191   .93000   .63000
  308.15   .00806  1.00000  1.00000
   12 1102 1706   20 ETHANOL TRIETHYLAMINE COPP J.L., EVERETT D.H.,DISC.FARADAY SOC.15,174(1953).
  308.00   .01395   .00000   .00000
  308.00   .01455   .05850   .09000
  308.00   .01503   .10950   .15600
  308.00   .01568   .27500   .30700
  308.00   .01584   .41750   .40950
  308.00   .01576   .47350   .45100
  308.00   .01550   .59900   .54500
  308.00   .01532   .65500   .59500
  308.00   .01508   .71350   .64650
  308.00   .01455   .81250   .75650
  308.00   .01397   .91900   .89100
  308.00   .01360  1.00000  1.00000
   11 1108 1105   42 TERT-BUTANOL 1-BUTANOL QUITZSCH K.,KOEHLER S.,TAUBERT K.,GEISELER G. J.PRAKT.CHEM.311,429(1969).
  343.06   .01333   .00000   .00000
  337.91   .01333   .10000   .30800
  333.37   .01333   .20000   .52300
  329.66   .01333   .30000   .66500
  326.24   .01333   .40000   .76600
  323.08   .01333   .50000   .84100
  320.41   .01333   .60000   .89300
  318.12   .01333   .70000   .93100
  316.06   .01333   .80000   .96200
  314.18   .01333   .90000   .98500
  312.57   .01333  1.00000  1.00000
   11 1103 1106   22 1-PROPANOL 2-METHYL-1-PROPANOL UDOVENKO V.V.,FRIED T.B., ZH.FIZ.KHIM.22,1126(1948).
  343.15   .02093   .00000   .00000
  343.15   .02220   .11400   .15900
  343.15   .02344   .21100   .29900
  343.15   .02432   .27900   .37500
  343.15   .02552   .37600   .48100
  343.15   .02666   .48300   .58500
  343.15   .02773   .56100   .68000
  343.15   .02897   .67800   .75700
  343.15   .02974   .72700   .80700
  343.15   .03116   .84900   .90500
  343.15   .03300  1.00000  1.00000
   12 1102 1104  372 ETHANOL 2-PROPANOL KOJIMA K.,OCHI K.,NAKAZAWA Y., INT.CHEM.ENG. 9,342(1969).
  355.54   .10133   .00000   .00000
  354.65   .10133   .18000   .19350
  354.30   .10133   .30200   .32350
  354.03   .10133   .36550   .41400
  353.83   .10133   .40100   .42750
  353.42   .10133   .51400   .56000
  353.25   .10133   .54100   .57250
  353.05   .10133   .62900   .66200
  352.72   .10133   .71820   .75360
  352.18   .10133   .79160   .82500
  352.10   .10133   .86060   .87050
  351.61   .10133  1.00000  1.00000
   11 1101 1106   24 METHANOL 2-METHYL-1-PROPANOL UDOVENKO V.V.,FRID TS.B., ZH.FIZ.KHIM.22,1135(1948).
  323.15   .00747   .00000   .00000
  323.15   .01373   .10000   .50800
  323.15   .01961   .20000   .69300
  323.15   .02501   .30000   .78600
  323.15   .03044   .40000   .84900
  323.15   .03510   .50000   .88900
  323.15   .03978   .60000   .92100
  323.15   .04400   .70000   .94500
  323.15   .04848   .80000   .96600
  323.15   .05230   .90000   .98400
  323.15   .05626  1.00000  1.00000
   11 1102 1106   14 ETHANOL 2-METHYL-1-PROPANOL UDOVENKO V.V.,FRID TS.B., ZH.FIZ.KHIM.22,1135(1948).
  333.15   .01280   .00000   .00000
  333.15   .01712   .10000   .32500
  333.15   .02113   .20000   .51300
  333.15   .02502   .30000   .63500
  333.15   .02864   .40000   .72400
  333.15   .03206   .50000   .79200
  333.15   .03538   .60000   .84600
  333.15   .03849   .70000   .89300
  333.15   .04140   .80000   .93200
  333.15   .04437   .90000   .96700
  333.15   .04710  1.00000  1.00000
   10 1712 1105   44 BUTYLAMINE 1-BUTANOL RAZKOVICS F.,LISZI J.,LASZLO M., ACTA CHIM.ACAD.SCI.HUNG.79,387(1973).
313.15   .00255   .00000   .00000
313.15   .00293   .04100   .18500
313.15   .00413   .12200   .47000
313.15   .00533   .19600   .63100
313.15   .00800   .32400   .79600
313.15   .01080   .45200   .89000
313.15   .01407   .57300   .94200
313.15   .01733   .69500   .96700
313.15   .02113   .83500   .98600
313.15   .02548  1.00000  1.00000
   11 1710 1102  376 DIETHYLAMINE ETHANOL RAZKOVICS F.,LISZI I.,LASZLO M.,SZEILER B.,DEVAY J., ACTA CHIM.ACAD.SCI.HUNG.(BUDAPEST)77,249(1973).
  313.15   .01867   .00000   .00000
  313.15   .01907   .11300   .16100
  313.15   .01947   .13100   .17500
  313.15   .01973   .19800   .29800
  313.15   .02333   .31000   .51500
  313.15   .02920   .43100   .73200
  313.15   .03106   .46800   .76300
  313.15   .03613   .54100   .82600
  313.15   .04346   .70100   .90800
  313.15   .04986   .85200   .96500
  313.15   .05666  1.00000  1.00000
   17 1102 1772  369 ETHANOL ACETONITRILE SUGI H.,KATAYAMA T., J.CHEM.ENG.JPN. 11,167(1978).
  313.15   .02290   .00000   .00000
  313.15   .02402   .02810   .06630
  313.15   .02558   .08310   .15960
  313.15   .02661   .14150   .24350
  313.15   .02742   .23140   .31170
  313.15   .02784   .28840   .34420
  313.15   .02801   .33300   .36840
  313.15   .02809   .40400   .41150
  313.15   .02812   .41400   .41400
  313.15   .02810   .48130   .43760
  313.15   .02766   .56230   .47530
  313.15   .02681   .69650   .53440
  313.15   .02580   .78850   .59870
  313.15   .02418   .86810   .66870
  313.15   .02189   .92520   .77080
  313.15   .02012   .96590   .86640
  313.15   .01799  1.00000  1.00000
   11 1712 1103  397 BUTYLAMINE 1-PROPANOL PRADHAN S.D., INDIAN J.TECHNOL. 17,324(1979).
318.15   .00952   .00000   .00000
318.15   .00907   .05200   .04810
318.15   .00937   .14420   .17120
318.15   .00963   .21270   .28580
318.15   .01083   .31350   .49650
318.15   .01289   .41850   .68160
318.15   .01560   .50820   .81150
318.15   .01727   .56590   .86100
318.15   .02166   .69760   .93310
318.15   .02512   .79240   .96300
318.15   .03068  1.00000  1.00000
   11 1680 1151   82 BROMOBENZENE CYCLOHEXANOL MOERKE K.,KAUER E.,KOERNIG J.,BITTRICH H.J., Z.PHYS.CHEM.(LEIPZIG) 252,323(1973).
  383.15   .01673   .00000   .00000
  383.15   .01925   .07200   .19700
  383.15   .02208   .18500   .36700
  383.15   .02430   .30800   .50100
  383.15   .02552   .39800   .56800
  383.15   .02684   .53000   .64400
  383.15   .02717   .59900   .68100
  383.15   .02762   .67000   .72400
  383.15   .02778   .81500   .81100
  383.15   .02736   .92500   .90200
  383.15   .02654  1.00000  1.00000
   11 1523 1106   64 1 2-METHYL-1-PROPANOL UDOVENKO V.V.,FRID TS.B., ZH.FIZ.KHIM.22,1263(1948).
  323.15   .00747   .00000   .00000
  323.15   .01387   .10000   .51400
  323.15   .01920   .20000   .68400
  323.15   .02308   .30000   .76600
  323.15   .02566   .40000   .81200
  323.15   .02740   .50000   .84000
  323.15   .02880   .60000   .86100
  323.15   .03000   .70000   .87800
  323.15   .03080   .80000   .89600
  323.15   .03120   .90000   .92800
  323.15   .03113  1.00000  1.00000
   11 1101 1523    1 METHANOL 1 UDOVENKO V.V.,FRID TS.B., ZH.FIZ.KHIM.,22,1263(1948).
  313.15   .02000   .00000   .00000
  313.15   .03538   .10000   .47900
  313.15   .04046   .20000   .56900
  313.15   .04265   .30000   .59200
  313.15   .04333   .40000   .60300
  313.15   .04357   .50000   .60500
  313.15   .04372   .60000   .61400
  313.15   .04365   .70000   .64000
  313.15   .04272   .80000   .69700
  313.15   .04022   .90000   .81000
  313.15   .03533  1.00000  1.00000
   13 1921 1710  296 WATER DIETHYLAMINE COPP J.L.,EVERETT D.H., DISC.FARADAY SOC.15,174(1953).
  311.50   .05438   .00000   .00000
  311.50   .05305   .05000   .02000
  311.50   .05174   .10000   .03200
  311.50   .04896   .20000   .05300
  311.50   .04593   .30000   .07200
  311.50   .04225   .40000   .09500
  311.50   .03826   .50000   .12300
  311.50   .03428   .60000   .15400
  311.50   .03026   .70000   .19100
  311.50   .02629   .80000   .23400
  311.50   .02236   .90000   .28500
  311.50   .01871   .95000   .34700
  311.50   .00676  1.00000  1.00000
   19 1921 1791  298 WATER PYRIDINE ANDON R.J.L.,COX J.D.,HERINGTON E.F.G., TRANS.FARADAY SOC.53,410(1957).
  362.98   .04558   .00000   .00000
  362.98   .04844   .01830   .07710
  362.98   .05038   .03290   .12890
  362.98   .05772   .09140   .26890
  362.98   .06522   .16710   .39550
  362.98   .07171   .25270   .49310
  362.98   .07521   .31140   .54110
  362.98   .07765   .35790   .57500
  362.98   .08087   .43650   .62280
  362.98   .08358   .51590   .66560
  362.98   .08555   .60270   .70500
  362.98   .08658   .67910   .73330
  362.98   .08683   .73830   .75110
  362.98   .08673   .80320   .76720
  362.98   .08657   .82930   .77300
  362.98   .08609   .88680   .77600
  362.98   .08487   .94120   .80270
  362.98   .08009   .98340   .86210
  362.98   .06965  1.00000  1.00000
   21 1921 1101  307 WATER METHANOL KOJIMA K.,TOCHIGI K.,SEKI H.,WATASE K., KAGAKU KOGAKU 32,149(1968).
  337.65   .10133   .00000   .00000
  338.46   .10133   .05000   .01940
  339.29   .10133   .10000   .04030
  340.12   .10133   .15000   .06130
  340.98   .10133   .20000   .08330
  341.84   .10133   .25000   .10540
  342.73   .10133   .30000   .12820
  343.60   .10133   .35000   .15040
  344.44   .10133   .40000   .17130
  345.35   .10133   .45000   .19350
  346.31   .10133   .50000   .21660
  347.34   .10133   .55000   .24080
  348.51   .10133   .60000   .26830
  349.71   .10133   .65000   .29640
  351.05   .10133   .70000   .32770
  352.63   .10133   .75000   .36480
  354.63   .10133   .80000   .41300
  357.16   .10133   .85000   .47670
  360.68   .10133   .90000   .57230
  365.54   .10133   .95000   .72030
  373.15   .10133  1.00000  1.00000
   24 1921 1104  286 WATER 2-PROPANOL WILSON A.,SIMONS E.L., IND.ENG.CHEM.44,2214(1952).
  311.20   .01267   .00000   .00000
  310.80   .01267   .05750   .09600
  310.19   .01267   .11600   .17000
  309.54   .01267   .18050   .23350
  309.48   .01267   .22850   .27250
  309.38   .01267   .26000   .29300
  308.93   .01267   .26150   .29450
  309.22   .01267   .26500   .29600
  309.16   .01267   .31400   .32600
  309.36   .01267   .34200   .33950
  309.53   .01267   .34950   .34350
  309.38   .01267   .35050   .34350
  309.32   .01267   .42750   .37500
  309.29   .01267   .49200   .39700
  310.02   .01267   .61250   .42950
  310.29   .01267   .73900   .45250
  310.74   .01267   .81500   .47150
  311.00   .01267   .86050   .48350
  312.16   .01267   .92050   .51800
  314.34   .01267   .94900   .59450
  316.59   .01267   .96550   .68950
  320.25   .01267   .98600   .83450
  322.32   .01267   .99450   .94000
  323.86   .01267  1.00000  1.00000
   13 1921 1102  279 WATER ETHANOL PAUL R.N., J.CHEM.ENG.DATA 21,165(1976).
  351.27   .10133   .10500   .10500
  351.55   .10133   .26060   .22470
  351.98   .10133   .35790   .28400
  352.35   .10133   .41750   .30980
  353.05   .10133   .50750   .35460
  353.80   .10133   .59750   .39150
  354.45   .10133   .65750   .40990
  355.40   .10133   .73900   .44110
  356.66   .10133   .81370   .48290
  359.25   .10133   .89490   .54480
  363.60   .10133   .93590   .63100
  365.35   .10133   .95610   .70990
  369.25   .10133   .98500   .85750
   13   11 1761  202 HEXANE NITROETHANE EDWARDS J.B., THESIS GEORGIA INSTITUTE OF TECHNOLOGY JUNE 1962.
  298.15   .00279   .00000   .00000
  298.15   .00914   .04290   .70680
  298.15   .00998   .05020   .73290
  298.15   .01513   .11080   .83150
  298.15   .01574   .12120   .83900
  298.15   .01715   .15110   .85470
  298.15   .01878   .20590   .87030
  298.15   .01931   .23690   .87500
  298.15   .01968   .77100   .88230
  298.15   .01993   .84360   .89840
  298.15   .02019   .92310   .93370
  298.15   .02023   .95120   .95310
  298.15   .02017  1.00000  1.00000
   13   12 1761  209 2-METHYLPENTANE NITROETHANE EDWARDS J.B., THESIS GEORGIA INSTITUTE OF TECHNOLOGY JUNE 1962.
  298.15   .00279   .00000   .00000
  298.15   .01143   .04550   .76610
  298.15   .01208   .04980   .77940
  298.15   .01855   .10560   .86220
  298.15   .02311   .17730   .89380
  298.15   .02441   .21430   .90090
  298.15   .02536   .25820   .90590
  298.15   .02542   .26180   .90620
  298.15   .02600   .67030   .90940
  298.15   .02659   .79450   .91970
  298.15   .02716   .86930   .93560
  298.15   .02794   .96010   .97320
  298.15   .02823  1.00000  1.00000
   11 1101  137  460 METHANOL CYCLOHEXANE  MADHAVAN S.,MURTI P.S.,  CHEM.ENG.SCI.21,465(1966).
  318.15   .04893   .02660   .39780
  318.15   .06466   .07150   .55650
  318.15   .06773   .09800   .58800
  318.15   .06959   .85150   .59370
  318.15   .06773   .89220   .61630
  318.15   .06559   .91440   .63870
  318.15   .06399   .92910   .66030
  318.15   .06199   .94250   .68690
  318.15   .05840   .96010   .73690
  318.15   .05480   .97310   .79090
  318.15   .04960   .98830   .88590
   13 1921 1080  462 WATER CYCLOHEXANONE GORODETSKY I.YA., MORACHEVSKY A.G., OLEVSKY V.M., VESTIN.LENINGRAD.UNIV.FIZ.KHIM.22,136(1959).
  363.15   .03226   .04000   .63200
  363.15   .04260   .06200   .71500
  363.15   .05226   .09220   .77300
  363.15   .05860   .11810   .80000
  363.15   .07079   .19400   .84300
  363.15   .07239   .20500   .85100
  363.15   .07759   .28410   .86900
  363.15   .08086   .98500   .87500
  363.15   .07946   .98950   .88300
  363.15   .07873   .99080   .89500
  363.15   .07806   .99220   .90500
  363.15   .07606   .99460   .92900
  363.15   .07333   .99750   .95900
   18 1921 1181  330 WATER PHENOL WELLER R.,SCHUBERTH H.,LEIBNITZ E., J.PRAKT.CHEM.21,234(1963).
  317.55   .00023   .00000   .00000
  317.55   .00120   .05300   .82480
  317.55   .00195   .09630   .89770
  317.55   .00280   .13910   .93290
  317.55   .00381   .17870   .95590
  317.55   .00453   .21560   .96560
  317.55   .00544   .25000   .97270
  317.55   .00640   .29750   .97690
  317.55   .00741   .36720   .98010
  317.55   .00800   .42730   .98210
  317.55   .00837   .47960   .98300
  317.55   .00867   .52560   .98360
  317.55   .00883   .56630   .98430
  317.55   .00895   .59980   .98490
  317.55   .00935   .97870   .98710
  317.55   .00937   .99110   .99110
  317.55   .00935   .99530   .99390
  317.55   .00929  1.00000  1.00000
