14	1876	1521		DMF + chloroform
408.9	0.1013	0.9588	-86.00	2009 ye lin 0
401.4	0.1013	0.923	-86.00	2009 ye lin 0
393.9	0.1013	0.8891	-86.00	2009 ye lin 0
384.2	0.1013	0.8427	-86.00	2009 ye lin 0
376.4	0.1013	0.8032	-86.00	2009 ye lin 0
371.4	0.1013	0.7504	-86.00	2009 ye lin 0
372.1	0.1013	0.7496	-86.00	2009 ye lin 0
359.8	0.1013	0.6545	-86.00	2009 ye lin 0
356.9	0.1013	0.5973	-86.00	2009 ye lin 0
354	0.1013	0.583	-86.00	2009 ye lin 0
350.7	0.1013	0.4972	-86.00	2009 ye lin 0
348.4	0.1013	0.4643	-86.00	2009 ye lin 0
337.8	0.1013	0.218	-86.00	2009 ye lin 0
335.4	0.1013	0.0842	-86.00	2009 ye lin 0
12	1844	1521		DMSO + chloroform	
328.136	0.0759204	0.061	-86.00	1973 phi jam 0	
328.136	0.0697889	0.111	-86.00	1973 phi jam 0	
328.136	0.0657026	0.146	-86.00	1973 phi jam 0	
328.136	0.056854	0.224	-86.00	1973 phi jam 0	
328.136	0.0443857	0.337	-86.00	1973 phi jam 0	
328.136	0.0376169	0.395	-86.00	1973 phi jam 0	
328.136	0.0332733	0.422	-86.00	1973 phi jam 0	
328.136	0.0219115	0.561	-86.00	1973 phi jam 0	
328.136	0.0165066	0.651	-86.00	1973 phi jam 0	
328.136	0.011923	0.734	-86.00	1973 phi jam 0	
328.136	0.00486227	0.900	-86.00	1973 phi jam 0	
328.136	0.00127989	0.990	-86.00	1973 phi jam 0	
328.136	0.0824785	0.000	-86.00	1973 phi jam 0	
328.136	0.00053996	1.000	-86.00	1973 phi jam 0	
24	1541	1772	 	trichloroethene + acetonitrile 
353.323	0.101	0.029	-86	1967 mat san 0
352.423	0.101	0.051	-86	1967 mat san 0
352.123	0.101	0.059	-86	1967 mat san 0
351.923	0.101	0.062	-86	1967 mat san 0
350.723	0.101	0.102	-86	1967 mat san 0
349.323	0.101	0.161	-86	1967 mat san 0
348.523	0.101	0.215	-86	1967 mat san 0
348.024	0.101	0.272	-86	1967 mat san 0
347.724	0.101	0.331	-86	1967 mat san 0
347.624	0.101	0.386	-86	1967 mat san 0
347.524	0.101	0.415	-86	1967 mat san 0
347.524	0.101	0.42	-86	1967 mat san 0
347.424	0.101	0.438	-86	1967 mat san 0
347.524	0.101	0.464	-86	1967 mat san 0
347.524	0.101	0.48	-86	1967 mat san 0
347.624	0.101	0.537	-86	1967 mat san 0
347.624	0.101	0.671	-86	1967 mat san 0
347.624	0.101	0.77	-86	1967 mat san 0
349.723	0.101	0.854	-86	1967 mat san 0
352.023	0.101	0.91	-86	1967 mat san 0
353.423	0.101	0.94	-86	1967 mat san 0
355.523	0.101	0.965	-86	1967 mat san 0
357.123	0.101	0.975	-86	1967 mat san 0
358.523	0.101	0.989	-86	1967 mat san 0
11	1521	1772	67663	75058
328.136	0.0444	0.04	1979 nag kaw 0	
328.136	0.04897	0.109	1979 nag kaw 0	
328.136	0.05445	0.23	1979 nag kaw 0	
328.136	0.05929	0.338	1979 nag kaw 0	
328.136	0.06279	0.424	1979 nag kaw 0	
328.136	0.06767	0.549	1979 nag kaw 0	
328.136	0.07045	0.638	1979 nag kaw 0	
328.136	0.07546	0.785	1979 nag kaw 0	
328.136	0.07735	0.859	1979 nag kaw 0	
328.136	0.07983	0.934	1979 nag kaw 0	
328.136	0.07999	0.938	1979 nag kaw 0	
9	1841	502		1-butanethiol + methylbenzene
323.07	0.014528	0.0507	-86	1990 kil mcb 0
353.12	0.041822	0.0507	-86	1990 kil mcb 0
372.97	0.076714	0.0507	-86	1990 kil mcb 0
323.08	0.016698	0.101	-86	1990 kil mcb 0
353.14	0.044882	0.101	-86	1990 kil mcb 0
372.65	0.080561	0.101	-86	1990 kil mcb 0
323.09	0.017081	0.1516	-86	1990 kil mcb 0
353.14	0.045996	0.1516	-86	1990 kil mcb 0
372.65	0.082522	0.1516	-86	1990 kil mcb 0
10	1521	1402		chloroform + ethyl ether
298.144	0.026139	0.9138	-86	1975 han jon 0
298.144	0.026416	0.8182	-86	1975 han jon 0
298.144	0.027588	0.7218	-86	1975 han jon 0
298.144	0.029768	0.6346	-86	1975 han jon 0
298.144	0.032964	0.552	-86	1975 han jon 0
298.144	0.034242	0.5291	-86	1975 han jon 0
298.144	0.037189	0.4772	-86	1975 han jon 0
298.144	0.043575	0.3789	-86	1975 han jon 0
298.144	0.052092	0.2668	-86	1975 han jon 0
298.144	0.061911	0.1383	-86	1975 han jon 0
15	1521	1312		
335.324	0.101	0.936	-86	1962 nag 3
336.624	0.101	0.841	-86	1962 nag 3
336.824	0.101	0.829	-86	1962 nag 3
337.324	0.101	0.776	-86	1962 nag 3
337.724	0.101	0.737	-86	1962 nag 3
337.824	0.101	0.665	-86	1962 nag 3
337.824	0.101	0.594	-86	1962 nag 3
337.324	0.101	0.537	-86	1962 nag 3
336.824	0.101	0.468	-86	1962 nag 3
336.324	0.101	0.437	-86	1962 nag 3
335.524	0.101	0.36	-86	1962 nag 3
334.524	0.101	0.294	-86	1962 nag 3
333.424	0.101	0.218	-86	1962 nag 3
332.324	0.101	0.149	-86	1962 nag 3
331.225	0.101	0.08	-86	1962 nag 3
14	909	1051		carbon dioxide + acetone
313.15	1.07	0.141	-86	2010 aid aiz 0	1070
313.15	1.54	0.208	-86	2010 aid aiz 0	1540
313.15	2.07	0.269	-86	2010 aid aiz 0	2070
313.15	2.52	0.349	-86	2010 aid aiz 0	2520
313.15	3.04	0.401	-86	2010 aid aiz 0	3040
313.15	3.5	0.459	-86	2010 aid aiz 0	3500
313.15	4.06	0.519	-86	2010 aid aiz 0	4060
313.15	4.54	0.582	-86	2010 aid aiz 0	4540
313.15	5.05	0.65	-86	2010 aid aiz 0	5050
313.15	5.5	0.701	-86	2010 aid aiz 0	5500
313.15	6.02	0.75	-86	2010 aid aiz 0	6020
313.15	6.48	0.809	-86	2010 aid aiz 0	6480
313.15	7.02	0.864	-86	2010 aid aiz 0	7020
313.15	7.58	0.925	-86	2010 aid aiz 0	7580
298.3	0.256	0.0633	-86	2018 hoh des 0	256
298.3	0.441	0.0922	-86	2018 hoh des 0	441
298.3	0.682	0.1375	-86	2018 hoh des 0	682
298.3	0.88	0.1672	-86	2018 hoh des 0	880
298.3	1.075	0.212	-86	2018 hoh des 0	1075
298.2	0.604	0.1066	-86	2018 hoh des 0	604
298.2	1.055	0.2099	-86	2018 hoh des 0	1055
298.2	1.494	0.2962	-86	2018 hoh des 0	1494
298.2	1.955	0.3609	-86	2018 hoh des 0	1955
298.2	2.416	0.4369	-86	2018 hoh des 0	2416
298.2	2.855	0.5159	-86	2018 hoh des 0	2855
298.2	3.481	0.6659	-86	2018 hoh des 0	3481
298.2	3.97	0.7196	-86	2018 hoh des 0	3970
298.2	4.423	0.785	-86	2018 hoh des 0	4423
298.2	5.495	0.9259	-86	2018 hoh des 0	5495
288.2	0.244	0.0713	-86	2018 hoh des 0	244
288.2	0.459	0.1152	-86	2018 hoh des 0	459
288.2	0.673	0.1645	-86	2018 hoh des 0	673
288.2	0.834	0.2015	-86	2018 hoh des 0	834
288.2	1.032	0.2463	-86	2018 hoh des 0	1032
288.1	0.694	0.1459	-86	2018 hoh des 0	694
288.1	1.016	0.2342	-86	2018 hoh des 0	1016
288.1	1.402	0.3355	-86	2018 hoh des 0	1402
288.1	1.802	0.4423	-86	2018 hoh des 0	1802
288.1	2.193	0.5279	-86	2018 hoh des 0	2193
288.1	2.568	0.6187	-86	2018 hoh des 0	2568
288.1	2.95	0.6973	-86	2018 hoh des 0	2950
288.1	3.278	0.7702	-86	2018 hoh des 0	3278
288.1	3.646	0.8227	-86	2018 hoh des 0	3646
273	0.653	0.2048	-86	2018 hoh des 0	653
273	1.007	0.3246	-86	2018 hoh des 0	1007
273	1.355	0.4372	-86	2018 hoh des 0	1355
273	1.735	0.572	-86	2018 hoh des 0	1735
273	2.091	0.6802	-86	2018 hoh des 0	2091
273	2.442	0.7527	-86	2018 hoh des 0	2442
273	2.704	0.8035	-86	2018 hoh des 0	2704
273	3.139	0.9251	-86	2018 hoh des 0	3139
273	0.206	0.0755	-86	2018 hoh des 0	206
273	0.405	0.1395	-86	2018 hoh des 0	405
273	0.59	0.1971	-86	2018 hoh des 0	590
273	0.773	0.2536	-86	2018 hoh des 0	773
273	0.986	0.3181	-86	2018 hoh des 0	986
8	1844	1541		DMSO + 112-trichloroethylene
445.85	0.0953	0.9082	-86	2008 rad hsi 0
432.15	0.0953	0.8347	-86	2008 rad hsi 0
408.75	0.0953	0.6964	-86	2008 rad hsi 0
402.45	0.0953	0.652	-86	2008 rad hsi 0
376.15	0.0953	0.3868	-86	2008 rad hsi 0
369.35	0.0953	0.2745	-86	2008 rad hsi 0
363.75	0.0953	0.1591	-86	2008 rad hsi 0
360.25	0.0953	0.0725	-86	2008 rad hsi 0
460.95	0.0953	1	-86	2008 rad hsi 0
357.75	0.0953	0	-86	2008 rad hsi 0
14	1706	1710		triethylamine + diethylamine
328.875	0.10132	0.015	-86	1962 bit kau 0
329.825	0.10132	0.068	-86	1962 bit kau 0
331.325	0.10132	0.147	-86	1962 bit kau 0
332.974	0.10132	0.218	-86	1962 bit kau 0
337.424	0.10132	0.399	-86	1962 bit kau 0
342.424	0.10132	0.57	-86	1962 bit kau 0
350.273	0.10132	0.785	-86	1962 bit kau 0
353.623	0.10132	0.86	-86	1962 bit kau 0
355.973	0.10132	0.908	-86	1962 bit kau 0
356.293	0.10132	0.91	-86	1962 bit kau 0
357.523	0.10132	0.935	-86	1962 bit kau 0
358.323	0.10132	0.948	-86	1962 bit kau 0
359.173	0.10132	0.961	-86	1962 bit kau 0
360.473	0.10132	0.98	-86	1962 bit kau 0
328.675	0.10132	0	-86	1962 bit kau 0
361.973	0.10132	1	-86	1962 bit kau 0
328.675	0.10132	0	-86	1962 bit kau 0
361.973	0.10132	1	-86	1962 bit kau 0
20	1051	1921		acetone + water
367.276	0.101	0.0084	-86	1984 hua gu 0
360.627	0.101	0.0204	-86	1985 hua gu 0
357.478	0.101	0.0271	-86	1986 hua gu 0
354.579	0.101	0.0318	-86	1987 hua gu 0
347.731	0.101	0.0548	-86	1988 hua gu 0
342.932	0.101	0.0871	-86	1989 hua gu 0
339.733	0.101	0.1203	-86	1990 hua gu 0
336.884	0.101	0.1751	-86	1991 hua gu 0
336.484	0.101	0.1857	-86	1992 hua gu 0
335.484	0.101	0.2562	-86	1993 hua gu 0
334.634	0.101	0.3501	-86	1994 hua gu 0
333.834	0.101	0.4503	-86	1995 hua gu 0
333.634	0.101	0.4802	-86	1996 hua gu 0
333.034	0.101	0.554	-86	1997 hua gu 0
332.435	0.101	0.6091	-86	1998 hua gu 0
331.585	0.101	0.7111	-86	1999 hua gu 0
331.035	0.101	0.7721	-86	2000 hua gu 0
330.385	0.101	0.85	-86	2001 hua gu 0
329.835	0.101	0.9223	-86	2002 hua gu 0
329.535	0.101	0.9659	-86	2003 hua gu 0
13	1051	1181	67641	108952
453.645	0.10132	0.0161	-86	1955 cha gor 0
446.642	0.10132	0.0477	-86	1955 cha gor 0
420.150	0.10130	0.2179	-86	1991 vas gry 0
403.450	0.10130	0.2944	-86	1991 vas gry 0
383.850	0.10130	0.4017	-86	1991 vas gry 0
379.950	0.10130	0.4313	-86	1991 vas gry 0
363.550	0.10130	0.5368	-86	1991 vas gry 0
352.850	0.10130	0.6233	-86	1991 vas gry 0
343.050	0.10130	0.7158	-86	1991 vas gry 0
335.950	0.10130	0.8421	-86	1991 vas gry 0
331.450	0.10130	0.9373	-86	1991 vas gry 0
330.850	0.10130	0.9555	-86	1991 vas gry 0
329.900	0.10130	0.9854	-86	1991 vas gry 0
437.639	0.10132	0.0801	-86	1955 cha gor 0
426.635	0.10132	0.1410	-86	1955 cha gor 0
424.435	0.10132	0.1483	-86	1955 cha gor 0
409.131	0.10132	0.2318	-86	1955 cha gor 0
404.230	0.10132	0.2650	-86	1955 cha gor 0
397.228	0.10132	0.2960	-86	1955 cha gor 0
388.927	0.10132	0.3592	-86	1955 cha gor 0
377.425	0.10132	0.4258	-86	1955 cha gor 0
373.724	0.10132	0.4627	-86	1955 cha gor 0
365.623	0.10132	0.4972	-86	1955 cha gor 0
361.423	0.10132	0.5307	-86	1955 cha gor 0
353.623	0.10132	0.5906	-86	1955 cha gor 0
348.623	0.10132	0.6380	-86	1955 cha gor 0
329.225	0.10132	1.0000	-86	1955 cha gor 0
17	1101	1003		
322.29	0.10132	0.059	-86	1979 dan dob 0
323.91	0.10132	0.155	-86	1979 dan dob 0
326.58	0.10132	0.293	-86	1979 dan dob 0
327.92	0.10132	0.35	-86	1979 dan dob 0
329.15	0.10132	0.395	-86	1979 dan dob 0
330.13	0.10132	0.457	-86	1979 dan dob 0
331.03	0.10132	0.495	-86	1979 dan dob 0
332.10	0.10132	0.553	-86	1979 dan dob 0
333.68	0.10132	0.626	-86	1979 dan dob 0
334.64	0.10132	0.686	-86	1979 dan dob 0
335.36	0.10132	0.734	-86	1979 dan dob 0
335.96	0.10132	0.782	-86	1979 dan dob 0
336.75	0.10132	0.845	-86	1979 dan dob 0
337.22	0.10132	0.905	-86	1979 dan dob 0
337.56	0.10132	0.958	-86	1979 dan dob 0
337.66	0.10132	0.985	-86	1979 dan dob 0
337.69	0.10132	0.988	-86	1979 dan dob 0
321.14	0.10132	0	-86	1979 dan dob 0
337.73	0.10132	1	-86	1979 dan dob 0
10	1051	1105	67641	71363
330.985	0.1013	0.934	-86	1981 rhi kwa 0
333.784	0.1013	0.84	-86	1981 rhi kwa 0
336.084	0.1013	0.769	-86	1981 rhi kwa 0
339.883	0.1013	0.673	-86	1981 rhi kwa 0
345.281	0.1013	0.553	-86	1981 rhi kwa 0
349.58	0.1013	0.475	-86	1981 rhi kwa 0
356.078	0.1013	0.369	-86	1981 rhi kwa 0
362.776	0.1013	0.275	-86	1981 rhi kwa 0
369.175	0.1013	0.191	-86	1981 rhi kwa 0
378.273	0.1013	0.08	-86	1981 rhi kwa 0
332.194	0.101325	0.8911	-86	1958 lin van 0
335.084	0.101325	0.7855	-86	1958 lin van 0
340.444	0.101325	0.6172	-86	1958 lin van 0
344.644	0.101325	0.5030	-86	1958 lin van 0
353.133	0.101325	0.3325	-86	1958 lin van 0
361.153	0.101325	0.2365	-86	1958 lin van 0
371.854	0.101325	0.1222	-86	1958 lin van 0
5	1181	1041		phenol + benzaldehyde
388.271	0.0133	0.1753	-86	1980 vos res 0
392.97	0.0133	0.4674	-86	1980 vos res 0
395.07	0.0133	0.6675	-86	1980 vos res 0
395.07	0.0133	0.76	-86	1980 vos res 0
394.47	0.0133	0.8537	-86	1980 vos res 0
20	1051	1101	67641	67561
336.594	0.101	0.03	-86	1977 och lu 0
335.404	0.101	0.07	-86	1977 och lu 0
334.304	0.101	0.113	-86	1977 och lu 0
333.244	0.101	0.161	-86	1977 och lu 0
332.085	0.101	0.232	-86	1977 och lu 0
331.255	0.101	0.292	-86	1977 och lu 0
330.485	0.101	0.36	-86	1977 och lu 0
329.855	0.101	0.433	-86	1977 och lu 0
329.345	0.101	0.505	-86	1977 och lu 0
328.875	0.101	0.593	-86	1977 och lu 0
328.625	0.101	0.662	-86	1977 och lu 0
328.495	0.101	0.714	-86	1977 och lu 0
328.445	0.101	0.761	-86	1977 och lu 0
328.435	0.101	0.78	-86	1977 och lu 0
328.445	0.101	0.801	-86	1977 och lu 0
328.455	0.101	0.816	-86	1977 och lu 0
328.495	0.101	0.855	-86	1977 och lu 0
328.565	0.101	0.884	-86	1977 och lu 0
328.655	0.101	0.908	-86	1977 och lu 0
328.765	0.101	0.933	-86	1977 och lu 0
337.633	0.101	0	-86	1977 och lu 0
329.215	0.101	1	-86	1977 och lu 0
25	1051	2851			acetone+formamide
313.13	0.0131003	0.072	-86	1967 qui hof 0
313.13	0.0152401	0.095	-86	1967 qui hof 0
313.13	0.015628	0.1	-86	1967 qui hof 0
313.13	0.0227048	0.164	-86	1967 qui hof 0
313.13	0.0227848	0.166	-86	1967 qui hof 0
313.13	0.0272778	0.209	-86	1967 qui hof 0
313.13	0.0301842	0.262	-86	1967 qui hof 0
313.13	0.0336239	0.31	-86	1967 qui hof 0
313.13	0.0336639	0.314	-86	1967 qui hof 0
313.13	0.0342638	0.324	-86	1967 qui hof 0
313.13	0.0387968	0.414	-86	1967 qui hof 0
313.13	0.0415699	0.492	-86	1967 qui hof 0
313.13	0.0417166	0.504	-86	1967 qui hof 0
313.13	0.0417966	0.507	-86	1967 qui hof 0
313.13	0.044503	0.611	-86	1967 qui hof 0
313.13	0.0469428	0.708	-86	1967 qui hof 0
313.13	0.0470895	0.721	-86	1967 qui hof 0
313.13	0.048516	0.758	-86	1967 qui hof 0
313.13	0.0494226	0.804	-86	1967 qui hof 0
313.13	0.0511158	0.864	-86	1967 qui hof 0
313.13	0.0520757	0.897	-86	1967 qui hof 0
313.13	0.052409	0.903	-86	1967 qui hof 0
313.13	0.0533289	0.93	-86	1967 qui hof 0
313.13	0.0546222	0.956	-86	1967 qui hof 0
313.13	0.0549421	0.966	-86	1967 qui hof 0
313.13	0.0563287	1	-86	1967 qui hof 0
10	1922	1844		hydrogen sulfide + DMSO
323.15	0.202	0.23	-86	2014 sho far 0 !High Uncertainty!
323.15	0.226	0.299	-86	2014 sho far 0
323.15	0.271	0.403	-86	2014 sho far 0
323.15	0.329	0.444	-86	2014 sho far 0
323.15	0.505	0.501	-86	2014 sho far 0
323.15	0.999	0.563	-86	2014 sho far 0
323.15	1.292	0.598	-86	2014 sho far 0
323.15	1.598	0.624	-86	2014 sho far 0
323.15	1.858	0.646	-86	2014 sho far 0
323.15	0.042	0.042	-86	2014 sho far 0
333.15	0.253	0.228	-86	2014 sho far 0
333.15	0.279	0.296	-86	2014 sho far 0
333.15	0.329	0.402	-86	2014 sho far 0
333.15	0.384	0.442	-86	2014 sho far 0
333.15	0.589	0.5	-86	2014 sho far 0
333.15	1.171	0.56	-86	2014 sho far 0
333.15	1.557	0.594	-86	2014 sho far 0
333.15	1.871	0.62	-86	2014 sho far 0
333.15	2.139	0.642	-86	2014 sho far 0
343.15	0.316	0.224	-86	2014 sho far 0
343.15	0.325	0.248	-86	2014 sho far 0
343.15	0.346	0.293	-86	2014 sho far 0
343.15	0.402	0.399	-86	2014 sho far 0
343.15	0.461	0.44	-86	2014 sho far 0
343.15	0.682	0.498	-86	2014 sho far 0
343.15	1.359	0.556	-86	2014 sho far 0
343.15	1.789	0.59	-86	2014 sho far 0
343.15	2.161	0.616	-86	2014 sho far 0
96	909	1521		carbon dioxide + chloroform
278.18	2.332	0.5157	-86	1995 pet flo 0
278.18	1.487	0.2894	-86	1995 pet flo 0
278.25	0.737	0.1342	-86	1995 pet flo 0
278.3	3.733	0.9525	-86	1995 pet flo 0
278.3	2.699	0.6261	-86	1995 pet flo 0
278.32	3.35	0.8524	-86	1995 pet flo 0
278.34	3.024	0.7364	-86	1995 pet flo 0
278.35	1.934	0.397	-86	1995 pet flo 0
283.3	2.597	0.5157	-86	1995 pet flo 0
293.17	2.579	0.397	-86	1995 pet flo 0
293.24	5.289	0.9525	-86	1995 pet flo 0
293.24	3.684	0.6261	-86	1995 pet flo 0
293.25	0.967	0.1342	-86	1995 pet flo 0
293.3	4.164	0.7364	-86	1995 pet flo 0
293.33	3.147	0.5157	-86	1995 pet flo 0
293.33	1.967	0.2894	-86	1995 pet flo 0
303	3.93	0.56	-86	2008 fav fre 0
303	4.26	0.6449	-86	2008 fav fre 0
303	4.99	0.7315	-86	2008 fav fre 0
303	5.45	0.7996	-86	2008 fav fre 0
303	5.64	0.8336	-86	2008 fav fre 0
303	5.8	0.8635	-86	2008 fav fre 0
303	6.25	0.9155	-86	2008 fav fre 0
303	6.45	0.9479	-86	2008 fav fre 0
303	6.5	0.9649	-86	2008 fav fre 0
303.15	0.032	0	-86	2001 scu lub 0
303.15	1.264	0.1425	-86	2001 scu lub 0
303.15	2.05	0.2529	-86	2001 scu lub 0
303.15	2.836	0.3678	-86	2001 scu lub 0
303.15	3.477	0.4673	-86	2001 scu lub 0
303.15	4.05	0.5603	-86	2001 scu lub 0
303.15	4.629	0.6614	-86	2001 scu lub 0
303.15	5.18	0.757	-86	2001 scu lub 0
303.15	5.663	0.8354	-86	2001 scu lub 0
303.15	6.326	0.8926	-86	2001 scu lub 0
303.15	6.525	0.9363	-86	2001 scu lub 0
303.15	6.67	0.9508	-86	2001 scu lub 0
303.15	7.214	1	-86	2001 scu lub 0
303.15	0.032	0	-86	2001 scu lub 0
303.15	7.214	1	-86	2001 scu lub 0
308.18	5.504	0.7364	-86	1995 pet flo 0
308.23	1.218	0.1342	-86	1995 pet flo 0
308.26	4.839	0.6261	-86	1995 pet flo 0
308.31	7.199	0.9525	-86	1995 pet flo 0
308.31	4.082	0.5157	-86	1995 pet flo 0
308.31	2.502	0.2894	-86	1995 pet flo 0
308.34	6.271	0.8524	-86	1995 pet flo 0
308.48	3.319	0.397	-86	1995 pet flo 0
313.04	3.559	0.397	-86	1995 pet flo 0
315.72	8.134	0.9525	-86	1995 pet flo 0
318.27	7.446	0.8524	-86	1995 pet flo 0
320.67	8.705	0.9525	-86	1995 pet flo 0
321.23	8.751	0.9525	-86	1995 pet flo 0
321.49	8.771	0.9525	-86	1995 pet flo 0
323.24	1.503	0.1342	-86	1995 pet flo 0
323.3	5.127	0.5157	-86	1995 pet flo 0
323.31	4.124	0.397	-86	1995 pet flo 0
323.32	7.049	0.7364	-86	1995 pet flo 0
323.34	6.139	0.6261	-86	1995 pet flo 0
323.42	3.097	0.2894	-86	1995 pet flo 0
328.35	8.686	0.8524	-86	1995 pet flo 0
330.74	7.854	0.7364	-86	1995 pet flo 0
335.97	9.602	0.8524	-86	1995 pet flo 0
338.22	8.681	0.7364	-86	1995 pet flo 0
338.25	1.813	0.1342	-86	1995 pet flo 0
338.27	3.727	0.2894	-86	1995 pet flo 0
338.31	7.53	0.6261	-86	1995 pet flo 0
338.32	6.247	0.5157	-86	1995 pet flo 0
338.38	4.999	0.397	-86	1995 pet flo 0
343.29	10.398	0.8524	-86	1995 pet flo 0
345.58	8.224	0.6261	-86	1995 pet flo 0
345.7	9.506	0.7364	-86	1995 pet flo 0
348.37	4.167	0.2894	-86	1995 pet flo 0
348.38	10.863	0.8524	-86	1995 pet flo 0
353.12	2.144	0.1342	-86	1995 pet flo 0
353.14	4.382	0.2894	-86	1995 pet flo 0
353.21	7.402	0.5157	-86	1995 pet flo 0
353.29	10.326	0.7364	-86	1995 pet flo 0
353.39	5.904	0.397	-86	1995 pet flo 0
353.4	11.248	0.8524	-86	1995 pet flo 0
353.41	8.979	0.6261	-86	1995 pet flo 0
356.03	11.424	0.8524	-86	1995 pet flo 0
356.36	11.447	0.8524	-86	1995 pet flo 0
356.92	10.691	0.7364	-86	1995 pet flo 0
360.62	11.061	0.7364	-86	1995 pet flo 0
360.88	9.679	0.6261	-86	1995 pet flo 0
363.19	8.177	0.5157	-86	1995 pet flo 0
364.74	11.447	0.7364	-86	1995 pet flo 0
368.15	2.504	0.1342	-86	1995 pet flo 0
368.19	8.562	0.5157	-86	1995 pet flo 0
368.26	11.762	0.7364	-86	1995 pet flo 0
368.41	6.834	0.397	-86	1995 pet flo 0
368.42	5.082	0.2894	-86	1995 pet flo 0
368.45	10.374	0.6261	-86	1995 pet flo 0
371.21	12.002	0.7364	-86	1995 pet flo 0
371.25	8.802	0.5157	-86	1995 pet flo 0
10	1002	1402		acetaldehyde + diethyl ether
304.293	0.10132	0.058	-86	1979 sus 1
302.893	0.10132	0.099	-86	1979 sus 1
300.244	0.10132	0.194	-86	1979 sus 1
297.794	0.10132	0.293	-86	1979 sus 1
295.895	0.10132	0.391	-86	1979 sus 1
293.895	0.10132	0.539	-86	1979 sus 1
293.195	0.10132	0.658	-86	1979 sus 1
292.795	0.10132	0.801	-86	1979 sus 1
292.795	0.10132	0.842	-86	1979 sus 1
292.895	0.10132	0.926	-86	1979 sus 1
11	1922	1876		hydrogen sulfide + DMF
313.15	0.026	0.012	-86	2014 sho far 0
313.15	0.059	0.026	-86	2014 sho far 0
313.15	0.106	0.046	-86	2014 sho far 0
313.15	0.156	0.065	-86	2014 sho far 0
313.15	0.218	0.09	-86	2014 sho far 0
313.15	0.291	0.121	-86	2014 sho far 0
313.15	0.388	0.159	-86	2014 sho far 0
313.15	0.474	0.191	-86	2014 sho far 0
313.15	0.54	0.216	-86	2014 sho far 0
313.15	0.645	0.253	-86	2014 sho far 0
313.15	0.706	0.273	-86	2014 sho far 0
303.15	0.022	0.012	-86	2014 sho far 0
303.15	0.049	0.026	-86	2014 sho far 0
303.15	0.089	0.047	-86	2014 sho far 0
303.15	0.128	0.066	-86	2014 sho far 0
303.15	0.176	0.091	-86	2014 sho far 0
303.15	0.239	0.122	-86	2014 sho far 0
303.15	0.319	0.16	-86	2014 sho far 0
303.15	0.389	0.192	-86	2014 sho far 0
303.15	0.443	0.217	-86	2014 sho far 0
303.15	0.528	0.255	-86	2014 sho far 0
303.15	0.579	0.275	-86	2014 sho far 0
323.15	0.031	0.012	-86	2014 sho far 0
323.15	0.07	0.026	-86	2014 sho far 0
323.15	0.126	0.046	-86	2014 sho far 0
323.15	0.186	0.065	-86	2014 sho far 0
323.15	0.261	0.09	-86	2014 sho far 0
323.15	0.348	0.12	-86	2014 sho far 0
323.15	0.464	0.158	-86	2014 sho far 0
323.15	0.566	0.19	-86	2014 sho far 0
323.15	0.644	0.214	-86	2014 sho far 0
323.15	0.768	0.252	-86	2014 sho far 0
323.15	0.846	0.271	-86	2014 sho far 0
333.15	0.034	0.012	-86	2014 sho far 0
333.15	0.08	0.026	-86	2014 sho far 0
333.15	0.147	0.046	-86	2014 sho far 0
333.15	0.214	0.064	-86	2014 sho far 0
333.15	0.302	0.089	-86	2014 sho far 0
333.15	0.407	0.119	-86	2014 sho far 0
333.15	0.545	0.157	-86	2014 sho far 0
333.15	0.665	0.188	-86	2014 sho far 0
333.15	0.758	0.213	-86	2014 sho far 0
333.15	0.907	0.25	-86	2014 sho far 0
333.15	0.995	0.27	-86	2014 sho far 0
343.15	0.037	0.012	-86	2014 sho far 0
343.15	0.088	0.026	-86	2014 sho far 0
343.15	0.166	0.045	-86	2014 sho far 0
343.15	0.245	0.064	-86	2014 sho far 0
343.15	0.34	0.088	-86	2014 sho far 0
343.15	0.466	0.119	-86	2014 sho far 0
343.15	0.629	0.156	-86	2014 sho far 0
343.15	0.768	0.187	-86	2014 sho far 0
343.15	0.877	0.211	-86	2014 sho far 0
343.15	1.051	0.248	-86	2014 sho far 0
353.15	0.038	0.012	-86	2014 sho far 0
353.15	0.096	0.025	-86	2014 sho far 0
353.15	0.276	0.063	-86	2014 sho far 0
353.15	0.378	0.088	-86	2014 sho far 0
353.15	0.531	0.118	-86	2014 sho far 0
353.15	0.715	0.155	-86	2014 sho far 0
353.15	0.876	0.186	-86	2014 sho far 0
353.15	1.001	0.21	-86	2014 sho far 0
12	1710	1772		diethylamine + acetonitrile
323.15	0.03896	0.0237	-86	2002 cha 0
323.15	0.04321	0.0442	-86	2002 cha 0
323.15	0.04926	0.0777	-86	2002 cha 0
323.15	0.05292	0.1026	-86	2002 cha 0
323.15	0.05761	0.1407	-86	2002 cha 0
323.15	0.06248	0.1883	-86	2002 cha 0
323.15	0.06875	0.2642	-86	2002 cha 0
323.15	0.07339	0.3441	-86	2002 cha 0
323.15	0.07843	0.4727	-86	2002 cha 0
323.15	0.08198	0.5974	-86	2002 cha 0
323.15	0.08493	0.7494	-86	2002 cha 0
323.15	0.08586	0.9107	-86	2002 cha 0
13	1101	1792		
338.133	0.00964	0.0418	-86	1980 mah smi 0
338.133	0.01702	0.0829	-86	1980 mah smi 0
338.133	0.02642	0.1417	-86	1980 mah smi 0
338.133	0.03634	0.2129	-86	1980 mah smi 0
338.133	0.04699	0.3037	-86	1980 mah smi 0
338.133	0.05592	0.3919	-86	1980 mah smi 0
338.133	0.06484	0.4948	-86	1980 mah smi 0
338.133	0.07257	0.596	-86	1980 mah smi 0
338.133	0.07988	0.6988	-86	1980 mah smi 0
338.133	0.08588	0.7853	-86	1980 mah smi 0
338.133	0.09126	0.8606	-86	1980 mah smi 0
338.133	0.0958	0.9185	-86	1980 mah smi 0
338.133	0.0993	0.9584	-86	1980 mah smi 0
338.133	0.0011	0	-86	1980 mah smi 0
338.133	0.10335	1	-86	1980 mah smi 0
9	1521	1792	
293.138	0.0192518	0.9	-86 wei sch 0
293.138	0.0172519	0.8	-86
293.138	0.0149854	0.7	-86
293.138	0.0129323	0.6	-86
293.138	0.0105725	0.5	-86
293.138	0.0085993	0.4	-86
293.138	0.0063461	0.3	-86
293.138	0.0042796	0.2	-86
293.138	0.0021465	0.1	-86
13	1792	1051		
313.14	0.00217	0.9563	-86	1980 mah smi 0
313.14	0.00364	0.9202	-86	1980 mah smi 0
313.14	0.00605	0.8625	-86	1980 mah smi 0
313.14	0.00899	0.7976	-86	1980 mah smi 0
313.14	0.01322	0.7095	-86	1980 mah smi 0
313.14	0.01859	0.6088	-86	1980 mah smi 0
313.14	0.02437	0.5096	-86	1980 mah smi 0
313.14	0.03063	0.4108	-86	1980 mah smi 0
313.14	0.03716	0.3089	-86	1980 mah smi 0
313.14	0.04317	0.217	-86	1980 mah smi 0
313.14	0.0478	0.1455	-86	1980 mah smi 0
313.14	0.05163	0.0831	-86	1980 mah smi 0
313.14	0.0541	0.0429	-86	1980 mah smi 0
313.14	0.00024	1	-86	1980 mah smi 0
313.14	0.05656	0	-86	1980 mah smi 0
18	1521	1791	67663	110861
386.62	0.101	0.030	-86	1976 ezh gol 0
385.12	0.101	0.050	-86	1976 ezh gol 0
384.62	0.101	0.070	-86	1976 ezh gol 0
384.12	0.101	0.080	-86	1976 ezh gol 0
380.12	0.101	0.130	-86	1976 ezh gol 0
374.12	0.101	0.220	-86	1976 ezh gol 0
373.12	0.101	0.240	-86	1976 ezh gol 0
371.63	0.101	0.270	-86	1976 ezh gol 0
370.63	0.101	0.280	-86	1976 ezh gol 0
363.63	0.101	0.380	-86	1976 ezh gol 0
362.13	0.101	0.400	-86	1976 ezh gol 0
356.13	0.101	0.520	-86	1976 ezh gol 0
355.13	0.101	0.540	-86	1976 ezh gol 0
345.63	0.101	0.710	-86	1976 ezh gol 0
342.13	0.101	0.760	-86	1976 ezh gol 0
340.63	0.101	0.785	-86	1976 ezh gol 0
339.63	0.101	0.810	-86	1976 ezh gol 0
335.63	0.101	0.920	-86	1976 ezh gol 0
10	1521	1706	
298.144	0.008847	0.1342	-86	1975 han jon 0
298.144	0.009055	0.2465	-86	1975 han jon 0
298.144	0.009658	0.3415	-86	1975 han jon 0
298.144	0.010576	0.4183	-86	1975 han jon 0
298.144	0.011920	0.4940	-86	1975 han jon 0
298.144	0.012602	0.5211	-86	1975 han jon 0
298.144	0.014685	0.6023	-86	1975 han jon 0
298.144	0.017940	0.7085	-86	1975 han jon 0
298.144	0.021894	0.8374	-86	1975 han jon 0
298.144	0.024426	0.9281	-86	1975 han jon 0
22	1521	1101		67561
336.124	0.101	0.04	-86	1962 nag 4
335.124	0.101	0.065	-86	1962 nag 4
334.024	0.101	0.095	-86	1962 nag 4
332.424	0.101	0.146	-86	1962 nag 4
330.925	0.101	0.196	-86	1962 nag 4
330.125	0.101	0.23	-86	1962 nag 4
329.025	0.101	0.287	-86	1962 nag 4
328.425	0.101	0.332	-86	1962 nag 4
327.826	0.101	0.383	-86	1962 nag 4
327.426	0.101	0.425	-86	1962 nag 4
327.126	0.101	0.459	-86	1962 nag 4
326.926	0.101	0.52	-86	1962 nag 4
326.826	0.101	0.557	-86	1962 nag 4
326.626	0.101	0.628	-86	1962 nag 4
326.626	0.101	0.636	-86	1962 nag 4
326.626	0.101	0.667	-86	1962 nag 4
326.826	0.101	0.753	-86	1962 nag 4
327.026	0.101	0.797	-86	1962 nag 4
327.526	0.101	0.855	-86	1962 nag 4
328.325	0.101	0.904	-86	1962 nag 4
329.425	0.101	0.937	-86	1962 nag 4
331.025	0.101	0.97	-86	1962 nag 4
14	1521	501	67663	71432
350.92	0.1013	0.142	-86	1991 koj toc 0
350.15	0.1013	0.185	-86	1991 koj toc 0
348.64	0.1013	0.269	-86	1991 koj toc 0
347.21	0.1013	0.347	-86	1991 koj toc 0
346.42	0.1013	0.384	-86	1991 koj toc 0
345.31	0.1013	0.449	-86	1991 koj toc 0
344.28	0.1013	0.496	-86	1991 koj toc 0
343.75	0.1013	0.524	-86	1991 koj toc 0
342.43	0.1013	0.59	-86	1991 koj toc 0
340.93	0.1013	0.659	-86	1991 koj toc 0
340.33	0.1013	0.693	-86	1991 koj toc 0
338.82	0.1013	0.768	-86	1991 koj toc 0
337.05	0.1013	0.857	-86	1991 koj toc 0
335.53	0.1013	0.935	-86	1991 koj toc 0
4	1911	1772		ammonia + acetonitrile
293.145	0.203	0.225	-86	1979 tyv nau 0
293.145	0.405	0.45	-86	1979 tyv nau 0
293.145	0.608	0.695	-86	1979 tyv nau 0
293.145	0.811	0.925	-86	1979 tyv nau 0
23	1911	1521		ammonia + chloroform
298.144	0.09536	0.099	-86	1989 smi li 0
298.144	0.10386	0.114	-86	1989 smi li 0
298.144	0.11195	0.122	-86	1989 smi li 0
298.144	0.13091	0.152	-86	1989 smi li 0
298.144	0.13451	0.151	-86	1989 smi li 0
298.144	0.15921	0.188	-86	1989 smi li 0
298.144	0.18629	0.214	-86	1989 smi li 0
298.144	0.22785	0.263	-86	1989 smi li 0
298.144	0.30021	0.336	-86	1989 smi li 0
303.143	0.08206	0.065	-86	1989 smi li 0
303.143	0.11829	0.11	-86	1989 smi li 0
303.143	0.13699	0.13	-86	1989 smi li 0
303.143	0.16073	0.161	-86	1989 smi li 0
303.143	0.17158	0.166	-86	1989 smi li 0
303.143	0.22677	0.223	-86	1989 smi li 0
303.143	0.27141	0.268	-86	1989 smi li 0
303.143	0.28797	0.291	-86	1989 smi li 0
308.142	0.09843	0.068	-86	1989 smi li 0
308.142	0.12241	0.093	-86	1989 smi li 0
308.142	0.14654	0.121	-86	1989 smi li 0
308.142	0.18824	0.158	-86	1989 smi li 0
308.142	0.23333	0.208	-86	1989 smi li 0
308.142	0.29253	0.253	-86	1989 smi li 0
13	1760	1051		nitromethane + 2-propanone
348.151	0.04782	0.9589	-86	1983 khu mut 3
348.151	0.05328	0.9181	-86	1983 khu mut 3
348.151	0.05886	0.8756	-86	1983 khu mut 3
348.151	0.06929	0.797	-86	1983 khu mut 3
348.151	0.07739	0.7365	-86	1983 khu mut 3
348.151	0.09235	0.6269	-86	1983 khu mut 3
348.151	0.10893	0.5086	-86	1983 khu mut 3
348.151	0.12606	0.3915	-86	1983 khu mut 3
348.151	0.1396	0.3014	-86	1983 khu mut 3
348.151	0.15712	0.1883	-86	1983 khu mut 3
348.151	0.16525	0.1362	-86	1983 khu mut 3
348.151	0.17291	0.0872	-86	1983 khu mut 3
348.151	0.17991	0.0422	-86	1983 khu mut 3
348.151	0.04215	1	-86	1983 khu mut 3
348.151	0.18628	0	-86	1983 khu mut 3
11	1541	1760		trichloroethene + nitromethane
369.424	0.0987	0.025	-86	1949 yu hic 0
367.123	0.0987	0.05	-86	1949 yu hic 0
363.623	0.0987	0.07	-86	1949 yu hic 0
361.623	0.0987	0.125	-86	1949 yu hic 0
356.123	0.0987	0.29	-86	1949 yu hic 0
355.223	0.0987	0.34	-86	1949 yu hic 0
354.623	0.0987	0.395	-86	1949 yu hic 0
354.023	0.0987	0.485	-86	1949 yu hic 0
353.423	0.0987	0.64	-86	1949 yu hic 0
353.523	0.0987	0.71	-86	1949 yu hic 0
354.223	0.0987	0.865	-86	1949 yu hic 0
5	1521	1886		
293.138	4.40	0.25	-86	1926 wei hen 1
293.138	6.95	0.40	-86	1926 wei hen 1
293.138	8.92	0.50	-86	1926 wei hen 1
293.138	11.07	0.60	-86	1926 wei hen 1
293.138	14.77	0.75	-86	1926 wei hen 1
18	1521	1302	67663	109944
308.142	0.04773	0.056	-86	1980 oht asa 0
318.139	0.0693	0.095	-86	1980 oht asa 0
308.142	0.04672	0.103	-86	1980 oht asa 0
318.139	0.06698	0.154	-86	1980 oht asa 0
308.142	0.04418	0.2	-86	1980 oht asa 0
308.142	0.04228	0.279	-86	1980 oht asa 0
318.139	0.06227	0.326	-86	1980 oht asa 0
318.139	0.06102	0.378	-86	1980 oht asa 0
308.142	0.04001	0.42	-86	1980 oht asa 0
308.142	0.03898	0.495	-86	1980 oht asa 0
318.139	0.05788	0.51	-86	1980 oht asa 0
318.139	0.05748	0.534	-86	1980 oht asa 0
308.142	0.03848	0.546	-86	1980 oht asa 0
318.139	0.05646	0.604	-86	1980 oht asa 0
308.142	0.0376	0.643	-86	1980 oht asa 0
308.142	0.03733	0.727	-86	1980 oht asa 0
308.142	0.0375	0.764	-86	1980 oht asa 0
318.139	0.05541	0.784	-86	1980 oht asa 0
318.139	0.05526	0.81	-86	1980 oht asa 0
308.142	0.03765	0.811	-86	1980 oht asa 0
308.142	0.03817	0.872	-86	1980 oht asa 0
318.139	0.05642	0.942	-86	1980 oht asa 0
308.142	0.03894	0.959	-86	1980 oht asa 0
13	1051	1710		
323.15	0.08467	0.9584	-86	2002 cha 0
323.15	0.08602	0.938	-86	2002 cha 0
323.15	0.08739	0.9118	-86	2002 cha 0
323.15	0.08890	0.8792	-86	2002 cha 0
323.15	0.09054	0.8384	-86	2002 cha 0
323.15	0.09189	0.7988	-86	2002 cha 0
323.15	0.09351	0.747	-86	2002 cha 0
323.15	0.09453	0.707	-86	2002 cha 0
323.15	0.09631	0.5773	-86	2002 cha 0
323.15	0.09671	0.4875	-86	2002 cha 0
323.15	0.09661	0.4018	-86	2002 cha 0
323.15	0.09475	0.2672	-86	2002 cha 0
323.15	0.08837	0.0826	-86	2002 cha 0
31	1521	1421		
323.127	0.017510	0.0932	-86	1958 mcg ras 0
323.127	0.018150	0.1248	-86	1958 mcg ras 0
323.127	0.019300	0.1757	-86	1958 mcg ras 0
323.127	0.019890	0.2	-86	1958 mcg ras 0
323.127	0.021370	0.2626	-86	1958 mcg ras 0
323.127	0.024950	0.3615	-86	1958 mcg ras 0
323.127	0.029820	0.475	-86	1958 mcg ras 0
323.127	0.034800	0.5555	-86	1958 mcg ras 0
323.127	0.042100	0.6718	-86	1958 mcg ras 0
323.127	0.060380	0.878	-86	1958 mcg ras 0
323.127	0.065390	0.9398	-86	1958 mcg ras 0
323.137	0.016183	0.0282	-86	1983 gon van 2
323.137	0.016770	0.0614	-86	1983 gon van 2
323.137	0.017514	0.1006	-86	1983 gon van 2
323.137	0.018575	0.1507	-86	1983 gon van 2
323.137	0.021117	0.2506	-86	1983 gon van 2
323.137	0.022622	0.3001	-86	1983 gon van 2
323.137	0.024603	0.3558	-86	1983 gon van 2
323.137	0.026365	0.3994	-86	1983 gon van 2
323.137	0.028686	0.4497	-86	1983 gon van 2
323.137	0.031325	0.5001	-86	1983 gon van 2
323.137	0.034244	0.5491	-86	1983 gon van 2
323.137	0.037525	0.5988	-86	1983 gon van 2
323.137	0.041170	0.6488	-86	1983 gon van 2
323.137	0.045092	0.6987	-86	1983 gon van 2
323.137	0.049262	0.7491	-86	1983 gon van 2
323.137	0.053486	0.7985	-86	1983 gon van 2
323.137	0.057676	0.848	-86	1983 gon van 2
323.137	0.061637	0.8959	-86	1983 gon van 2
323.137	0.065646	0.9474	-86	1983 gon van 2
323.137	0.067910	0.9789	-86	1983 gon van 2
323.127	0.015780	0	-86	1958 mcg ras 0
323.137	0.015697	0	-86	1983 gon van 2
323.127	0.069360	1	-86	1958 mcg ras 0
323.127	0.069360	1	-86	1958 mcg ras 0
323.137	0.069356	1	-86	1983 gon van 2
22	1521	1051			
335.26	0.1013	0.925	-86	1991 koj toc 0	62.11
336.6	0.1013	0.823	-86	1991 koj toc 0	63.45
337.1	0.1013	0.771	-86	1991 koj toc 0	63.95
337.34	0.1013	0.738	-86	1991 koj toc 0	64.19
337.44	0.1013	0.715	-86	1991 koj toc 0	64.29
337.6	0.1013	0.655	-86	1991 koj toc 0	64.45
337.62	0.1013	0.643	-86	1991 koj toc 0	64.47
337.62	0.1013	0.635	-86	1991 koj toc 0	64.47
337.61	0.1013	0.613	-86	1991 koj toc 0	64.46
337.58	0.1013	0.605	-86	1991 koj toc 0	64.43
337.55	0.1013	0.596	-86	1991 koj toc 0	64.4
337.35	0.1013	0.548	-86	1991 koj toc 0	64.2
337.2	0.1013	0.534	-86	1991 koj toc 0	64.05
337.19	0.1013	0.526	-86	1991 koj toc 0	64.04
336.82	0.1013	0.481	-86	1991 koj toc 0	63.67
336.34	0.1013	0.436	-86	1991 koj toc 0	63.19
335.88	0.1013	0.406	-86	1991 koj toc 0	62.73
335.57	0.1013	0.39	-86	1991 koj toc 0	62.42
335.31	0.1013	0.376	-86	1991 koj toc 0	62.16
334.39	0.1013	0.316	-86	1991 koj toc 0	61.24
333.38	0.1013	0.253	-86	1991 koj toc 0	60.23
330.68	0.1013	0.082	-86	1991 koj toc 0	57.53
19 1101 1003 123456 METHANOL PROPANAL Danciu, E.; Dobre, R.; Rev. Chim. (Bucharest), 1979, 30, 449
321.138	0.10132	0	8686
322.287	0.10132	0.059	8686
323.907	0.10132	0.155	8686
326.576	0.10132	0.293	8686
327.916	0.10132	0.35	8686
329.145	0.10132	0.395	8686
330.125	0.10132	0.457	8686
331.025	0.10132	0.495	8686
332.095	0.10132	0.553	8686
333.684	0.10132	0.626	8686
334.644	0.10132	0.686	8686
335.364	0.10132	0.734	8686
335.964	0.10132	0.782	8686
336.754	0.10132	0.845	8686
337.224	0.10132	0.905	8686
337.563	0.10132	0.958	8686
337.663	0.10132	0.985	8686
337.693	0.10132	0.988	8686
337.733	0.10132	1	8686
20	2853	1107	60355	78922	JCT, 144:106087 (2020)
372.63	0.1013	0	0		
375.02	0.1013	0.09	-86		
376.13	0.1013	0.134	-86		
376.97	0.1013	0.165	-86		
379.41	0.1013	0.245	-86		
381.47	0.1013	0.3	-86		
383.31	0.1013	0.352	-86		
386.21	0.1013	0.408	-86		
391.33	0.1013	0.483	-86		
394.71	0.1013	0.527	-86		
401.01	0.1013	0.595	-86		
407.63	0.1013	0.652	-86		
413.17	0.1013	0.691	-86		
425.12	0.1013	0.762	-86		
438.80	0.1013	0.824	-86		
452.84	0.1013	0.878	-86		
461.61	0.1013	0.908	-86		
471.36	0.1013	0.938	-86		
482.11	0.1013	0.969	-86		
494.30	0.1013	1	1		
20	2853	1320	105464	78922	JCT, 144:106087 (2020)	
385.33	0.1013	0	0
385.68	0.1013	0.056	-86
386.02	0.1013	0.104	-86
386.36	0.1013	0.164	-86
386.86	0.1013	0.212	-86
389.29	0.1013	0.28	-86
389.54	0.1013	0.302	-86
390.87	0.1013	0.386	-86
391.09	0.1013	0.432	-86
393.52	0.1013	0.496	-86
395.89	0.1013	0.565	-86
399.70	0.1013	0.623	-86
403.53	0.1013	0.7	-86
414.97	0.1013	0.791	-86
420.14	0.1013	0.832	-86
429.96	0.1013	0.874	-86
449.51	0.1013	0.929	-86
462.35	0.1013	0.956	-86
468.54	0.1013	0.966	-86
494.30	0.1013	1	1
35	1101	2375	67561	84662
298.136	0.002840	0.055	-86	1929 foo dix 0
298.136	0.004226	0.09	-86	1929 foo dix 0
298.136	0.004320	0.0963	-86	1929 foo dix 0
298.136	0.005906	0.137	-86	1929 foo dix 0
298.136	0.006399	0.158	-86	1929 foo dix 0
298.136	0.007093	0.174	-86	1929 foo dix 0
298.136	0.008173	0.224	-86	1929 foo dix 0
298.136	0.008453	0.224	-86	1929 foo dix 0
298.136	0.008866	0.245	-86	1929 foo dix 0
298.136	0.009733	0.297	-86	1929 foo dix 0
298.136	0.009799	0.304	-86	1929 foo dix 0
298.136	0.009959	0.304	-86	1929 foo dix 0
298.136	0.010106	0.309	-86	1929 foo dix 0
298.136	0.010452	0.335	-86	1929 foo dix 0
298.136	0.010666	0.341	-86	1929 foo dix 0
298.136	0.010919	0.373	-86	1929 foo dix 0
298.136	0.011306	0.375	-86	1929 foo dix 0
298.136	0.012612	0.495	-86	1929 foo dix 0
298.136	0.012679	0.499	-86	1929 foo dix 0
298.136	0.013106	0.555	-86	1929 foo dix 0
298.136	0.013852	0.617	-86	1929 foo dix 0
298.136	0.014039	0.64	-86	1929 foo dix 0
298.136	0.014332	0.683	-86	1929 foo dix 0
298.136	0.014599	0.722	-86	1929 foo dix 0
298.136	0.014812	0.764	-86	1929 foo dix 0
298.136	0.014799	0.778	-86	1929 foo dix 0
298.136	0.015012	0.784	-86	1929 foo dix 0
298.136	0.015052	0.807	-86	1929 foo dix 0
298.136	0.015172	0.81	-86	1929 foo dix 0
298.136	0.015452	0.848	-86	1929 foo dix 0
298.136	0.015545	0.875	-86	1929 foo dix 0
298.136	0.015665	0.883	-86	1929 foo dix 0
298.136	0.015812	0.9	-86	1929 foo dix 0
298.136	0.015879	0.907	-86	1929 foo dix 0
298.136	0.016812	1	-86	1929 foo dix 0
20	1801	1701	74931	74895
313.14	0.349875	0.9397	-86	1977 eng 0
313.14	0.367607	0.8805	-86	1977 eng 0
313.14	0.383515	0.8226	-86	1977 eng 0
313.14	0.399423	0.7657	-86	1977 eng 0
313.14	0.413913	0.7101	-86	1977 eng 0
313.14	0.427085	0.6550	-86	1977 eng 0
313.14	0.439548	0.6017	-86	1977 eng 0
313.14	0.451302	0.5495	-86	1977 eng 0
313.14	0.463157	0.4983	-86	1977 eng 0
313.14	0.471161	0.4610	-86	1977 eng 0
313.14	0.471465	0.4596	-86	1977 eng 0
313.14	0.481496	0.4122	-86	1977 eng 0
313.14	0.491832	0.3631	-86	1977 eng 0
313.14	0.502167	0.3164	-86	1977 eng 0
313.14	0.512198	0.2693	-86	1977 eng 0
313.14	0.520810	0.2230	-86	1977 eng 0
313.14	0.529828	0.1776	-86	1977 eng 0
313.14	0.538846	0.1342	-86	1977 eng 0
313.14	0.547763	0.0895	-86	1977 eng 0
313.14	0.555362	0.0465	-86	1977 eng 0
20	1801	1051	74931	67641
313.14	0.077919	0.0649	-86	1977 eng 0
313.14	0.097272	0.1276	-86	1977 eng 0
313.14	0.115308	0.1890	-86	1977 eng 0
313.14	0.132634	0.2483	-86	1977 eng 0
313.14	0.149252	0.3062	-86	1977 eng 0
313.14	0.16516	0.3623	-86	1977 eng 0
313.14	0.180156	0.4169	-86	1977 eng 0
313.14	0.194747	0.4700	-86	1977 eng 0
313.14	0.208223	0.5214	-86	1977 eng 0
313.14	0.221294	0.5710	-86	1977 eng 0
313.14	0.219977	0.5720	-86	1977 eng 0
313.14	0.232136	0.6208	-86	1977 eng 0
313.14	0.24318	0.6668	-86	1977 eng 0
313.14	0.25392	0.7129	-86	1977 eng 0
313.14	0.264661	0.7564	-86	1977 eng 0
313.14	0.275401	0.8003	-86	1977 eng 0
313.14	0.284723	0.8411	-86	1977 eng 0
313.14	0.29597	0.8834	-86	1977 eng 0
313.14	0.304279	0.9219	-86	1977 eng 0
313.14	0.315121	0.9612	-86	1977 eng 0
20	1801	1101	74931	67561
313.14	0.077615	0.0358	-86	1977 eng 0
313.14	0.114295	0.0729	-86	1977 eng 0
313.14	0.146111	0.1115	-86	1977 eng 0
313.14	0.173772	0.1513	-86	1977 eng 0
313.14	0.197381	0.1925	-86	1977 eng 0
313.14	0.218254	0.2361	-86	1977 eng 0
313.14	0.235175	0.2800	-86	1977 eng 0
313.14	0.249766	0.3254	-86	1977 eng 0
313.14	0.262634	0.3725	-86	1977 eng 0
313.14	0.272362	0.4202	-86	1977 eng 0
313.14	0.271348	0.4216	-86	1977 eng 0
313.14	0.279556	0.4704	-86	1977 eng 0
313.14	0.286446	0.5221	-86	1977 eng 0
313.14	0.293437	0.5753	-86	1977 eng 0
313.14	0.298909	0.6291	-86	1977 eng 0
313.14	0.303772	0.6859	-86	1977 eng 0
313.14	0.30894	0.7441	-86	1977 eng 0
313.14	0.3135	0.8048	-86	1977 eng 0
313.14	0.317958	0.8669	-86	1977 eng 0
313.14	0.322517	0.9320	-86	1977 eng 0
14	1292	1104	123626	67630
313.15	0.013634	0	1	1994 wil wil 1
313.15	0.01365	0.0526	-86	1994 wil wil 1
313.15	0.013492	0.1073	-86	1994 wil wil 1
313.15	0.013155	0.2060	-86	1994 wil wil 1
313.15	0.012823	0.2991	-86	1994 wil wil 1
313.15	0.012373	0.4055	-86	1994 wil wil 1
313.15	0.011911	0.4965	-86	1994 wil wil 1
313.15	0.011557	0.5527	-86	1994 wil wil 1
313.15	0.011163	0.5962	-86	1994 wil wil 1
313.15	0.010585	0.6660	-86	1994 wil wil 1
313.15	0.008814	0.7875	-86	1994 wil wil 1
313.15	0.006243	0.8940	-86	1994 wil wil 1
313.15	0.004457	0.9446	-86	1994 wil wil 1
313.15	0.001786	1	1	1994 wil wil 1
13	1706	1102	121448	64175
337.974	0.04542	1	1	1953 cop eve 0
337.974	0.05037	0.928	-86	1953 cop eve 0
337.974	0.05462	0.8485	-86	1953 cop eve 0
337.974	0.05711	0.773	-86	1953 cop eve 0
337.974	0.05834	0.713	-86	1953 cop eve 0
337.974	0.0594	0.654	-86	1953 cop eve 0
337.974	0.06015	0.6055	-86	1953 cop eve 0
337.974	0.06121	0.2405	-86	1953 cop eve 0
337.974	0.06161	0.304	-86	1953 cop eve 0
337.974	0.06169	0.4415	-86	1953 cop eve 0
337.974	0.06177	0.3705	-86	1953 cop eve 0
337.974	0.05963	0.104	-86	1953 cop eve 0
337.974	0.05806	0	0	1953 cop eve 0
18	1710	1102	109897	64175	1969 nak tob 0
330.035	0.101	0.914	-86		
331.035	0.101	0.857	-86		
332.335	0.101	0.803	-86		
334.934	0.101	0.704	-86		
335.934	0.101	0.659	-86		
337.134	0.101	0.619	-86		
338.833	0.101	0.56	-86		
340.633	0.101	0.505	-86		
342.932	0.101	0.432	-86		
343.832	0.101	0.406	-86		
345.331	0.101	0.36	-86		
347.831	0.101	0.265	-86		
348.93	0.101	0.222	-86		
349.43	0.101	0.194	-86		
349.93	0.101	0.167	-86		
350.23	0.101	0.145	-86		
351.13	0.101	0.074	-86		
351.13	0.101	0.032	-86		


