1	BUTANE
2
3         VLE DATA
4         Landolt-Boernstein, 1971, II.Band, 1.Teil
5         daraus: Datensaetze:       48- 79 (Beattie, 1939)
6                                    80-124  (Olds, 1944)
7         
8
9         Liquid Data (T: 134.85(T_tripel) -  423.15 K (knapp an crit. Pkt))
10        Selected Values of Properties of Hydrocarbons and Related Compounds.
11        "Research Project 44 of the American Petroleum Institut and the Termodynamic Research Center, "
12        Texas A&M University
13        Values of the vapor pressure are calculated from
14        DECHEMA DATA SERIES: Recommended Data of Selected Comp. and Bin. Mix.
15	
Molekulargewicht (g/mol),  krit.Vol. (m**3/kg):
58.123  	0.004385965					
18
19
20        Vapor Data (T: 140. -  420. K (knapp an crit. Pkt))
21        Vargaftik: (143-263 K)
22        DECHEMA DATA SERIES: Recommended Data of Selected Comp. and Bin. Mix.
23     
24        DECHEMA DATA SERIES: Recommended Data of Selected Comp. and Bin. Mix.
25        TC 425.16 K, PC 3.797E06 Pa, VC 255 cm**3/mol     
26     
27
28        2nd virial coeff.: Research Project 44 of the American Petroleum Institute, Table h
29                           ( T = 0.5*Tc  bis  5.0*Tc )
30
31
Anzahl der Datensaetze zu den Unterpunkten 1 - 4:
124	31	12	0
Fluid:
DATNR	PRES(PA)	TEMP(K)	VOL(m**3/kg)
 1        0.67312529d0   134.85d0   0.001362398d0
 2       2.948099243d0   143.15d0   0.001375516d0
 3       13.78504224d0   153.15d0   0.001392758d0
 4       52.14512795d0   163.15d0   0.001410437d0
 5       165.8671365d0   173.15d0   0.001430615d0
 6       457.1958967d0   183.15d0   0.001449275d0
 7       1118.224857d0   193.15d0   0.001469076d0
 8       2473.175626d0   203.15d0   0.001489869d0
 9       5022.412612d0   213.15d0   0.001511487d0
 10      9482.269039d0   223.15d0   0.001533978d0
 11      16815.50526d0   233.15d0   0.001557632d0
 12      28249.12294d0   243.15d0   0.001582278d0
 13      45278.63539d0   253.15d0   0.001608234d0
 14      69660.09967d0    263.15d0   0.001635858d0
 15       103392.828d0   273.15d0   0.001664724d0
 16      148696.5571d0   283.15d0   0.001695461d0
 17      207987.0202d0   293.15d0   0.00172828d0
 18      283853.5059d0   303.15d0   0.001763606d0
 19      379041.3207d0    313.15d0   0.001808318d0
 20       496441.282d0   323.15d0   0.001843658d0
 21      639087.6058d0   333.15d0   0.001889645d0
 22      810164.9064d0   343.15d0   0.001940994d0
 23      1013024.544d0   353.15d0   0.001998801d0
 24      1251210.237d0   363.15d0   0.00206441d0
 25      1528492.706d0   373.15d0   0.002141786d0
 26      1848913.086d0   383.15d0   0.002234138d0
 27       2216834.92d0   393.15d0   0.002350176d0
 28      2637004.721d0   403.15d0   0.002505638d0
 29      3114621.276d0   413.15d0   0.002744237d0
 30      3486731.922d0   420.16d0   0.003058104d0
 31      3655414.152d0   423.15d0    0.003333333d0
 32      1.722386527d0   140.d0          11381.03677d0
 33      34.99720978d0   160.d0          614.0426337d0
 34      336.8491448d0   180.d0          71.77881389d0
 35      1945.145062d0   200.d0          14.00822394d0
 36      7818.098111d0   220.d0          3.886585345d0
 37      24119.83925d0   240.d0          1.382241109d0
 38      61070.21864d0   260.d0          0.588562187d0
 39      133034.7795d0     280.d0          0.286134577d0
 40      258003.8235d0   300.d0          0.153555391d0
 41      456882.9105d0   320.d0          0.088704988d0
 42       753008.686d0   340.d0          0.054056054d0
 43      1172146.961d0   360.d0          0.034127626d0
 44      1743069.243d0   380.d0          0.021881183d0
 45      2498709.111d0   400.d0          0.013795055d0
 46      2957638.557d0   410.d0          0.010613182d0
 47      3477877.096d0    420.d0          0.007520087d0
 48      1612118.756d0   448.15d0        0.034409786d0
 49      2786503.192d0   448.15d0        0.017204893d0
 50      3615361.232d0   448.15d0        0.011469929d0
 51      4185834.431d0   448.15d0        0.008602447d0
 52      4574931.604d0   448.15d0        0.006881957d0
 53      4852568.649d0   448.15d0        0.005734964d0
 54      5074475.631d0   448.15d0        0.004915684d0
 55      5288276.421d0   448.15d0        0.004301223d0
 56      5535515.25d0    448.15d0        0.00382331d0
 57      5899280.576d0   448.15d0        0.003440979d0
 58      6504205.087d0   448.15d0        0.003128162d0
 59      7530651.535d0   448.15d0        0.002867482d0
 60      9288681.731d0   448.15d0        0.002646907d0
 61      12219069.81d0   448.15d0        0.002457842d0
 62      16951058.87d0   448.15d0        0.002293986d0
 63      24266896.34d0   448.15d0        0.002150612d0
 64      35162630.46d0   448.15d0        0.002024105d0
 65      1854291.215d0   498.15d0        0.034409786d0
 66      3335697.639d0   498.15d0        0.017204893d0
 67      4526294.457d0   498.15d0        0.011469929d0
 68      5501063.938d0   498.15d0        0.008602447d0
 69      6332961.8d0     498.15d0        0.006881957d0
 70      7085824.298d0   498.15d0        0.005734964d0
 71      7823487.689d0   498.15d0        0.004915684d0
 72      8622960.786d0   498.15d0        0.004301223d0
 73      9536933.833d0   498.15d0        0.00382331d0
 74      10739689.94d0   498.15d0        0.003440979d0
 75      12390313.1d0    498.15d0        0.003128162d0
 76      14694497.92d0   498.15d0        0.002867482d0
 77      18021076.1d0    498.15d0        0.002646907d0
 78      22864525.28d0   498.15d0        0.002457842d0
 79      29885500.05d0   498.15d0        0.002293986d0
 80      1487486.067d0   423.15d0        0.034409786d0
 81      2500759.955d0   423.15d0        0.017204893d0
 82      3135069.409d0   423.15d0        0.011469929d0
 83      3484648.901d0   423.15d0        0.008602447d0
 84      3640693.079d0   423.15d0        0.006881957d0
 85      2209950.35d0    573.15d0        0.034409786d0
 86      5834431.047d0   573.15d0        0.011469929d0
 87      8879319.08d0    573.15d0        0.006881957d0
 88      11926233.66d0   573.15d0        0.004915684d0
 89      15693585.98d0   573.15d0        0.00382331d0
 90      21517884.28d0   573.15d0        0.003128162d0
 91      31366906.47d0   573.15d0        0.002646907d0
 92      413719.7284d0   310.93d0        0.001794d0
 93      1034248.657d0   310.93d0        0.00179d0
 94      2068497.315d0   310.93d0        0.001782d0
 95      3447461.749d0   310.93d0        0.001774d0
 96      6894923.498d0   310.93d0        0.001753d0
 97      17237815.38d0   310.93d0        0.001706d0
 98      31027459.72d0   310.93d0        0.001663d0
 99      68949234.98d0   310.93d0        0.001582d0
 100     1034248.657d0   344.26d0        0.001945d0
 101     2068497.315d0   344.26d0        0.001932d0
 102     3447461.749d0   344.26d0        0.001915d0
 103     6894923.498d0   344.26d0        0.001881d0
 104     17237815.38d0   344.26d0        0.001807d0
 105     31027459.72d0   344.26d0        0.001744d0
 106     68949234.98d0   344.26d0        0.001636d0
 107     2068497.315d0   377.59d0        0.002165d0
 108     3447461.749d0   377.59d0        0.002126d0
 109     6894923.498d0   377.59d0        0.002053d0
 110     17237815.38d0   377.59d0        0.001928d0
 111     31027459.72d0   377.59d0        0.001835d0
 112     68949234.98d0   377.59d0        0.001696d0
 113     3447461.749d0   410.93d0        0.002591d0
 114     6894923.498d0   410.93d0        0.002322d0
 115     17237815.38d0   410.93d0        0.002075d0
 116     31027459.72d0   410.93d0        0.001938d0
 117     68949234.98d0   410.93d0        0.001757d0
 118     3447461.749d0   477.59d0        0.01505d0
 119     6894923.498d0   477.59d0        0.004685d0
 120     8618705.036d0   477.59d0        0.00349d0
 121     12066065.46d0   477.59d0        0.002836d0
 122     17237815.38d0   477.59d0        0.002515d0
 123     31027459.72d0   477.59d0        0.00219d0
 124     68949234.98d0   477.59d0        0.001893d0
VLE DATA:
DATNR    PRES(PA)	TEMP(K)     W
 1        2.53270d0   143.15d0      1
 2        12.7968d0   153.15d0      1
 3        50.6540d0   163.15d0      1
 4        163.959d0   173.15d0      1
 5        455.886d0   183.15d0      1
 6        1121.05d0   193.15d0      1
 7        2482.05d0   203.15d0      1
 8        5038.74d0   213.15d0      1
 9        9490.96d0   223.15d0      1
 10      16809.13d0   233.15d0      1
 11      28219.61d0   243.15d0      1
 12      45202.03d0   253.15d0      1
 13      69542.61d0    263.15d0      1
 14       103392.828d0   273.15d0      1
 15      148696.5571d0   283.15d0      1
 16      207987.0202d0   293.15d0      1
 17      283853.5059d0   303.15d0      1
 18      379041.3207d0    313.15d0      1
 19       496441.282d0   323.15d0      1
 20      639087.6058d0   333.15d0      1
 21      810164.9064d0   343.15d0      1
 22      1013024.544d0   353.15d0      1
 23      1251210.237d0   363.15d0      1
 24      1528492.706d0   373.15d0      1
 25      1848913.086d0   383.15d0      1
 26       2216834.92d0   393.15d0      1
 27      2637004.721d0   403.15d0      1
 28      3114621.276d0   413.15d0      1
 29      3486731.922d0   420.16d0      1
 30      3655414.152d0   423.15d0      1
 31      3772289.103d0   425.16d0      1
2nd virial coefficients:	
DATNR    B(cm**3/mol)   TEMP(K)
1	-1840.d0	212.58d0	1
2	-1090.d0	255.096d0	1
3	-733.d0 	297.612d0	1
4	-533.d0 	340.128d0	1
5	-406.d0 	382.644d0	1
6	-318.d0 	425.16d0	1
7	-206.d0 	510.192d0	1
8	-137.d0 	595.224d0	1
9	-91.d0  	680.256d0	1
10	-34.d0  	850.32d0	1
11	31.d0   	1275.48d0	1
12	75.d0   	2125.8d0	1

