 T/K  p/MPa  x1L  x1V  densityL/(kg/m**3)  densityV/(kg/m**3)  hL/(J/mol)  hV/(J/mol)  sL/(J/mol/K)  sV/(J/mol/K)  cpresL/(J/mol/K)  cpresV/(J/mol/K)
        337.20000000          0.05584664          0.00000000          0.00000000        745.01234047          0.95325327     -40307.46486262       -994.59277372       -114.41032684          2.17588933         49.75586652         16.47898279
        337.20000000          0.40551609          0.01250000          0.85425258        746.44638155          6.55590451     -39871.60394133       -440.67112736       -113.27181062         -9.33904400         49.52077255          0.27019321
        337.20000000          0.74901629          0.02500000          0.91861535        747.87726026         12.20257945     -39437.54055867       -500.21097995       -112.27970608        -15.63974278         49.29421851         -0.35609565
        337.20000000          1.08638079          0.03750000          0.94219874        749.30445895         17.89468497     -39005.25893495       -591.58006341       -111.34428608        -19.41731533         49.07625577         -0.17539686
        337.20000000          1.41764739          0.05000000          0.95438463        750.72743571         23.63383651     -38574.74289609       -692.00931564       -110.44645398        -22.12651286         48.86694373          0.25235070
        337.20000000          1.74285488          0.06250000          0.96179250        752.14561887         29.42174593     -38145.97597528       -796.38330902       -109.57712336        -24.24933553         48.66635069          0.80305311
        337.20000000          2.06204295          0.07500000          0.96674559        753.55840510         35.26022366     -37718.94139710       -902.91893863       -108.73092881        -26.00303016         48.47455506          1.43473002
        337.20000000          2.37525222          0.08750000          0.97026970        754.96515748         41.15118258     -37293.62205858      -1010.84005108       -107.90431328        -27.50365572         48.29164475          2.13029214
        337.20000000          2.68252426          0.10000000          0.97288785        756.36520335         47.09664235     -36870.00050890      -1119.76129281       -107.09473823        -28.82036596         48.11771857          2.88241568
        337.20000000          2.98390157          0.11250000          0.97489462        757.75783209         53.09873396     -36448.05892737      -1229.47545141       -106.30029606        -29.99764166         47.95288669          3.68833840
        337.20000000          3.27942765          0.12500000          0.97646853        759.14229261         59.15970442     -36027.77909976      -1339.86637926       -105.51949729        -31.06576449         47.79727126          4.54774156
        337.20000000          3.56914696          0.13750000          0.97772399        760.51779083         65.28192169     -35609.14239298      -1450.86875220       -104.75114368        -32.04627472         47.65100726          5.46178282
        337.20000000          3.85310499          0.15000000          0.97873767        761.88348679         71.46787958     -35192.12972762      -1562.44770971       -103.99424794        -32.95504080         47.51424326          6.43261822
        337.20000000          4.13134823          0.16250000          0.97956282        763.23849163         77.72020279     -34776.72154850      -1674.58780384       -103.24798030        -33.80409270         47.38714233          7.46315414
        337.20000000          4.40392426          0.17500000          0.98023751        764.58186432         84.04165187     -34362.89779285      -1787.28665577       -102.51163163        -34.60277131         47.26988305          8.55691600
        337.20000000          4.67088167          0.18750000          0.98078965        765.91260809         90.43512798     -33950.63785593      -1900.55114598       -101.78458709        -35.35847851         47.16266055          9.71798050
        337.20000000          4.93227020          0.20000000          0.98124010        767.22966662         96.90367749     -33539.92055399      -2014.39503876       -101.06630679        -36.07718344         47.06568768         10.95094411
        337.20000000          5.18814065          0.21250000          0.98160471        768.53191985        103.45049605     -33130.72408406      -2128.83745428       -100.35631135        -36.76377411         46.97919640         12.26091325
        337.20000000          5.43854500          0.22500000          0.98189572        769.81817949        110.07893214     -32723.02598049      -2243.90185811        -99.65417071        -37.42230774         46.90343882         13.65350731
        337.20000000          5.68353634          0.23750000          0.98212264        771.08718414        116.79248959     -32316.80306781      -2359.61537522        -98.95949550        -38.05619291         46.83868930         15.13486936
        337.20000000          5.92316897          0.25000000          0.98229296        772.33759391        123.59482914     -31912.03140952      -2476.00831053        -98.27193014        -38.66832448         46.78524577         16.71168038
        337.20000000          6.15749835          0.26250000          0.98241258        773.56798465        130.48976823     -31508.68625240      -2593.11380113        -97.59114727        -39.26118536         46.74343166         18.39117394
        337.20000000          6.38658117          0.27500000          0.98248616        774.77684164        137.48127900     -31106.74196597      -2710.96755075        -96.91684326        -39.83692428         46.71359803         20.18114821
        337.20000000          6.61047533          0.28750000          0.98251739        775.96255261        144.57348367     -30706.17197631      -2829.60761183        -96.24873442        -40.39741602         46.69612581         22.08997206
        337.20000000          6.82923995          0.30000000          0.98250915        777.12340024        151.77064681     -30306.94869395      -2949.07418994        -95.58655385        -40.94430861         46.69142830         24.12658144
        337.20000000          7.04293539          0.31250000          0.98246367        778.25755379        159.07716372     -29909.04343482      -3069.40945156        -94.93004876        -41.47906056         46.69995403         26.30046163
        337.20000000          7.25162322          0.32500000          0.98238263        779.36306007        166.49754413     -29512.42633373      -3190.65731765        -94.27897817        -42.00297058         46.72218979         28.62160987
        337.20000000          7.45536625          0.33750000          0.98226723        780.43783334        174.03639019     -29117.06624926      -3312.86323062        -93.63311087        -42.51720133         46.75866418         31.10047196
        337.20000000          7.65422846          0.35000000          0.98211829        781.47964434        181.69836769     -28722.93065915      -3436.07388054        -92.99222366        -43.02279853         46.80995136         33.74784507
        337.20000000          7.84827504          0.36250000          0.98193624        782.48610803        189.48816940     -28329.98554500      -3560.33688047        -92.35609967        -43.52070632         46.87667545         36.57473771
        337.20000000          8.03757225          0.37500000          0.98172122        783.45467015        197.41046930     -27938.19526475      -3685.70037954        -91.72452698        -44.01177959         46.95951532         39.59217671
        337.20000000          8.22218749          0.38750000          0.98147306        784.38259224        205.46986642     -27547.52241152      -3812.21260550        -91.09729715        -44.49679382         47.05920999         42.81095006
        337.20000000          8.40218911          0.40000000          0.98119134        785.26693507        213.67081733     -27157.92765685      -3939.92133182        -90.47420402        -44.97645286         47.17656476         46.24127413
        337.20000000          8.57764644          0.41250000          0.98087539        786.10454014        222.01755629     -26769.36957628      -4068.87326602        -89.85504239        -45.45139496         47.31245809         49.89237448
        337.20000000          8.74862961          0.42500000          0.98052428        786.89200908        230.51400266     -26381.80445464      -4199.11336325        -89.23960684        -45.92219743         47.46784934         53.77197160
        337.20000000          8.91520948          0.43750000          0.98013687        787.62568062        239.16365586     -25995.18606829      -4330.68407821        -88.62769049        -46.38938009         47.64378761         57.88566725
        337.20000000          9.07745750          0.45000000          0.97971183        788.30160483        247.96947872     -25609.46544088      -4463.62457480        -88.01908381        -46.85340777         47.84142176         62.23623413
        337.20000000          9.23544560          0.46250000          0.97924758        788.91551414        256.93377199     -25224.59056858      -4597.96993210        -87.41357330        -47.31469224         48.06201181         66.82282190
        337.20000000          9.38924600          0.47500000          0.97874239        789.46279083        266.05804361     -24840.50611039      -4733.75039506        -86.81094021        -47.77359363         48.30694197         71.64010671
        337.20000000          9.53893111          0.48750000          0.97819431        789.93843034        275.34287877     -24457.15303787      -4870.99074295        -86.21095911        -48.23042183         48.57773563         76.67742805
        337.20000000          9.68457336          0.50000000          0.97760122        790.33699983        284.78781854     -24074.46823827      -5009.70986164        -85.61339640        -48.68543809         48.87607245         81.91797576
        337.20000000          9.82624507          0.51250000          0.97696085        790.65259131        294.39125720     -23692.38406350      -5149.92063038        -85.01800868        -49.13885728         49.20380822         87.33810764
        337.20000000          9.96401837          0.52500000          0.97627074        790.87876839        304.15037000     -23310.82781646      -5291.63024543        -84.42454099        -49.59085107         49.56299764         92.90689150
        337.20000000         10.09796511          0.53750000          0.97552829        791.00850575        314.06108448     -22929.72116449      -5434.84111110        -83.83272479        -50.04155253         49.95592089         98.58596846
        337.20000000         10.22815684          0.55000000          0.97473075        791.03412003        324.11810886     -22548.97946805      -5579.55243312        -83.24227583        -50.49106247         50.38511442        104.32982403
        337.20000000         10.35466485          0.56250000          0.97387520        790.94719084        334.31502950     -22168.51101047      -5725.76263128        -82.65289166        -50.93945772         50.85340691        110.08652409
        337.20000000         10.47756022          0.57500000          0.97295856        790.73846995        344.64448730     -21788.21611173      -5873.47266611        -82.06424889        -51.38680173         51.36396145        115.79892654
        337.20000000         10.59691397          0.58750000          0.97197755        790.39777665        355.09843836     -21407.98610591      -6022.69034129        -81.47599999        -51.83315731         51.92032507        121.40631946
        337.20000000         10.71279725          0.60000000          0.97092866        789.91387669        365.66849869     -21027.70215732      -6173.43559719        -80.88776974        -52.27860162         52.52648723        126.84637237
        337.20000000         10.82528147          0.61250000          0.96980809        789.27434134        376.34636700     -20647.23388482      -6325.74677601        -80.29915101        -52.72324306         53.18694927        132.05723277
        337.20000000         10.93443848          0.62500000          0.96861166        788.46538272        387.12431353     -20266.43775618      -6479.68781275        -79.70969996        -53.16723975         53.90680702        136.97956731
        337.20000000         11.04034058          0.63750000          0.96733469        787.47166017        397.99571839     -19885.15520495      -6635.35629667        -79.11893032        -53.61081938         54.69184991        141.55834552
        337.20000000         11.14306045          0.65000000          0.96597189        786.27605119        408.95564044     -19503.21040945      -6792.89237471        -78.52630676        -54.05429988         55.54868008        145.74419535
        337.20000000         11.24267074          0.66250000          0.96451712        784.85937889        420.00139811     -19120.40765729      -6952.48853337        -77.93123686        -54.49811093         56.48485672        149.49421835
        337.20000000         11.33924328          0.67500000          0.96296320        783.20008531        431.13314506     -18736.52819683      -7114.40037700        -77.33306157        -54.94281626         57.50907163        152.77222323
        337.20000000         11.43284778          0.68750000          0.96130160        781.27383740        442.35443099     -18351.32644831      -7278.95869517        -76.73104373        -55.38913712         58.63136421        155.54840855
        337.20000000         11.52354982          0.70000000          0.95952207        779.05304790        453.67274110     -17964.52540866      -7446.58324351        -76.12435395        -55.83797751         59.86338627        157.79857970
        337.20000000         11.61140786          0.71250000          0.95761220        776.50628855        465.10001739     -17575.81103197      -7617.79893016        -75.51205339        -56.29045244         61.21873000        159.50302156
        337.20000000         11.69646901          0.72500000          0.95555682        773.59756527        476.65316878     -17184.82529616      -7793.25534337        -74.89307233        -56.74792066         62.71333692        160.64515896
        337.20000000         11.77876321          0.73750000          0.95333727        770.28541487        488.35459173     -16791.15756806      -7973.75108722        -74.26618347        -57.21202433         64.36601050        161.21013436
        337.20000000         11.85829525          0.75000000          0.95093041        766.52176889        500.23273484     -16394.33374099      -8160.26506212        -73.62996814        -57.68473933         66.19906243        161.18341321
        337.20000000         11.93503378          0.76250000          0.94830743        762.25050861        512.32267053     -15993.80241581      -8353.99625376        -72.98277315        -58.16843770         68.23913180        160.54949441
        337.20000000         12.00889651          0.77500000          0.94543202        757.40560798        524.66681302     -15588.91712036      -8556.41787848        -72.32265511        -58.66597277         70.51822689        159.29082682
        337.20000000         12.07972973          0.78750000          0.94225818        751.90871544        537.31568507     -15178.91312313      -8769.34920648        -71.64730748        -59.18079009         73.07505384        157.38697641
        337.20000000         12.14728012          0.80000000          0.93872686        745.66596280        550.32888096     -14762.87676972      -8995.05570867        -70.95396383        -59.71708160         75.95670894        154.81413765
        337.20000000         12.21115508          0.81250000          0.93476147        738.56368830        563.77612408     -14339.70427113      -9236.38820730        -70.23926711        -60.27999672         79.22082135        151.54507916
        337.20000000         12.27076640          0.82500000          0.93026113        730.46260787        577.73857206     -13908.04532617      -9496.98446173        -69.49909020        -60.87594620         82.93822186        147.54964312
        337.20000000         12.32524830          0.83750000          0.92509088        721.18971389        592.30987338     -13466.22437798      -9781.55742432        -68.72828391        -61.51302673         87.19615239        142.79606554
        337.20000000         12.37333634          0.85000000          0.91906650        710.52677768        607.59746564     -13012.12810902     -10096.33841849        -67.92031523        -62.20167228         92.10182338        137.25323684
        337.20000000         12.41318329          0.86250000          0.91193106        698.19361130        623.72250016     -12543.04019026     -10449.74546014        -67.06673286        -62.95561226         97.78558418        130.89451947
        337.20000000         12.44207194          0.87500000          0.90331692        683.82300339        640.81782853     -12055.39078249     -10853.45243691        -66.15635235        -63.79338801        104.40156289        123.70348447
        337.20000000         12.45594806          0.88750000          0.89271434        666.92179695        658.97022195     -11544.36094333     -11322.76774013        -65.17396030        -64.73808323        112.12020225        115.70496865
        337.20000016         12.45643685          0.89012233          0.89012233        662.99596239        662.99596239     -11434.19404907     -11433.60636435        -64.95913472        -64.95688620        113.85683582        113.89492254
