74-98-6  PROPANE                       RehnerSPT    44.097   2.0004   3.6238    207.87 0.00000       0       0               0       0   0.000000         0.00     74986
75-28-5  ISOBUTANE                     RehnerSPT    58.124   2.2350   3.7823    217.73 0.00000       0       0               0       0   0.000000         0.00     75285
106-97-8 n-BUTANE                      RehnerSPT    58.124   2.2839   3.7382    225.37 0.00000       0       0               0       0   0.000000         0.00    106978
109-66-0 n-PENTANE                     RehnerSPT     72.15   2.5932   3.8206    236.29 0.00000       0       0               0       0   0.000000         0.00    109660
463-82-1 NEOPENTANE                    RehnerSPT    72.151   2.4174   3.9134    222.64 0.00000       0       0               0       0   0.000000         0.00    463821
110-54-3 n-HEXANE                      RehnerSPT    86.177   2.9220   3.8776    244.29 0.00000       0       0               0       0   0.000000         0.00    110543
107-83-5 2-METHYLPENTANE               RehnerSPT    86.178   2.8273   3.9003    240.55 0.00000       0       0               0       0   0.000000         0.00    107835
96-14-0  3-METHYLPENTANE               RehnerSPT    86.178   2.8328   3.9002    242.50 0.00000       0       0               0       0   0.000000         0.00     96140
75-83-2  22-DIMETHYLBUTANE             RehnerSPT    86.178   2.7046   3.9790    239.20 0.00000       0       0               0       0   0.000000         0.00     75832
79-29-8  23-DIMETHYLBUTANE             RehnerSPT    86.178   2.7557   3.9575    241.67 0.00000       0       0               0       0   0.000000         0.00     79298
142-82-5 n-HEPTANE                     RehnerSPT   100.204   3.2756   3.9042    246.93 0.00000       0       0               0       0   0.000000         0.00    142825
591-76-4 2-METHYLHEXANE                RehnerSPT   100.204   3.1822   3.9293    244.32 0.00000       0       0               0       0   0.000000         0.00    591764
589-34-4 3-METHYLHEXANE                RehnerSPT   100.204   3.1685   3.9364    246.96 0.00000       0       0               0       0   0.000000         0.00    589344
617-78-7 3-ETHYLPENTANE                RehnerSPT   100.204   3.1467   3.9525    247.85 0.00000       0       0               0       0   0.000000         0.00    617787
590-35-2 22-DIMETHYLPENTANE            RehnerSPT   100.205   3.0323   3.9660    244.03 0.00000       0       0               0       0   0.000000         0.00    590352
565-59-3 23-DIMETHYLPENTANE            RehnerSPT   100.205   3.0828   3.9685    248.29 0.00000       0       0               0       0   0.000000         0.00    565593
108-08-7 24-DIMETHYLPENTANE            RehnerSPT   100.205   3.0298   3.9731    244.65 0.00000       0       0               0       0   0.000000         0.00    108087
562-49-2 33-DIMETHYLPENTANE            RehnerSPT   100.205   3.0440   3.9838    246.90 0.00000       0       0               0       0   0.000000         0.00    562492
464-06-2 223-TRIMETHYLBUTANE           RehnerSPT   100.205   2.9815   3.9956    246.61 0.00000       0       0               0       0   0.000000         0.00    464062
111-65-9 n-OCTANE                      RehnerSPT   114.231   3.6327   3.9047    248.30 0.00000       0       0               0       0   0.000000         0.00    111659
592-27-8 2-METHYLHEPTANE               RehnerSPT   114.231   3.5390   3.9279    247.38 0.00000       0       0               0       0   0.000000         0.00    592278
589-81-1 3-METHYLHEPTANE               RehnerSPT   114.231   3.5102   3.9480    249.55 0.00000       0       0               0       0   0.000000         0.00    589811
589-53-7 4-METHYLHEPTANE               RehnerSPT   114.231   3.4776   3.9460    249.83 0.00000       0       0               0       0   0.000000         0.00    589537
619-99-8 3-ETHYLHEXANE                 RehnerSPT   114.231   3.4671   3.9653    250.91 0.00000       0       0               0       0   0.000000         0.00    619998
590-73-8 22-DIMETHYLHEXANE             RehnerSPT   114.232   3.3598   3.9829    246.48 0.00000       0       0               0       0   0.000000         0.00    590738
584-94-1 23-DIMETHYLHEXANE             RehnerSPT   114.231   3.3973   3.9572    250.48 0.00000       0       0               0       0   0.000000         0.00    584941
589-43-5 24-DIMETHYLHEXANE             RehnerSPT   114.231   3.3533   3.9863    249.22 0.00000       0       0               0       0   0.000000         0.00    589435
592-13-2 25-DIMETHYLHEXANE             RehnerSPT   114.231   3.3825   3.9724    247.82 0.00000       0       0               0       0   0.000000         0.00    592132
563-16-6 33-DIMETHYLHEXANE             RehnerSPT   114.232   3.3490   3.9915    250.48 0.00000       0       0               0       0   0.000000         0.00    563166
583-48-2 34-DIMETHYLHEXANE             RehnerSPT   114.231   3.3956   3.9821    253.52 0.00000       0       0               0       0   0.000000         0.00    583482
609-26-7 2-METHYL-3-ETHYLPENTANE       RehnerSPT   114.231   3.3913   3.9841    251.64 0.00000       0       0               0       0   0.000000         0.00    609267
1067-08-93-METHYL-3-ETHYLPENTANE       RehnerSPT   114.232   3.3675   4.0069    253.09 0.00000       0       0               0       0   0.000000         0.00   1067089
564-02-3 223-TRIMETHYLPENTANE          RehnerSPT   114.232   3.3019   4.0245    252.00 0.00000       0       0               0       0   0.000000         0.00    564023
540-84-1 224-TRIMETHYLPENTANE          RehnerSPT   114.232   3.2360   4.0243    247.98 0.00000       0       0               0       0   0.000000         0.00    540841
560-21-4 233-TRIMETHYLPENTANE          RehnerSPT   114.232   3.3114   4.0189    252.60 0.00000       0       0               0       0   0.000000         0.00    560214
565-75-3 234-TRIMETHYLPENTANE          RehnerSPT   114.232   3.3127   3.9971    253.00 0.00000       0       0               0       0   0.000000         0.00    565753
594-82-1 2233-TETRAMETHYLBUTANE        RehnerSPT   114.232   3.2885   4.0098    254.28 0.00000       0       0               0       0   0.000000         0.00    594821
111-84-2 n-NONANE                      RehnerSPT   128.258   4.0654   3.9120    248.60 0.00000       0       0               0       0   0.000000         0.00    111842
3522-94-9225-TRIMETHYLHEXANE           RehnerSPT   128.259   3.5727   4.0359    248.40 0.00000       0       0               0       0   0.000000         0.00   3522949
7154-80-5335-TRIMETHYLHEPTANE          RehnerSPT   142.285   3.8858   4.0788    253.73 0.00000       0       0               0       0   0.000000         0.00   7154805
7154-79-22233-TETRAMETHYLPENTANE       RehnerSPT   128.259   3.5910   4.0713    255.59 0.00000       0       0               0       0   0.000000         0.00   7154792
1186-53-42234-TETRAMETHYLPENTANE       RehnerSPT   128.259   3.5814   4.0506    254.89 0.00000       0       0               0       0   0.000000         0.00   1186534
1070-87-72244-TETRAMETHYLPENTANE       RehnerSPT   128.259   3.4892   4.0517    249.98 0.00000       0       0               0       0   0.000000         0.00   1070877
16747-38-2334-TETRAMETHYLPENTANE       RehnerSPT   128.259   3.6189   4.0327    256.07 0.00000       0       0               0       0   0.000000         0.00  16747389
124-18-5 n-DECANE                      RehnerSPT   142.285   4.4817   3.8945    248.87 0.00000       0       0               0       0   0.000000         0.00    124185
13475-81-2233-TETRAMETHYLHEXANE        RehnerSPT   142.286   3.8490   4.0712    253.11 0.00000       0       0               0       0   0.000000         0.00  13475815
1071-81-42255-TETRAMETHYLHEXANE        RehnerSPT   142.286   3.8088   4.0582    248.01 0.00000       0       0               0       0   0.000000         0.00   1071814
1120-21-4n-UNDECANE                    RehnerSPT   156.312   4.9006   3.9003    248.43 0.00000       0       0               0       0   0.000000         0.00   1120214
112-40-3 n-DODECANE                    RehnerSPT   170.339   5.2623   3.9056    249.80 0.00000       0       0               0       0   0.000000         0.00    112403
629-50-5 n-TRIDECANE                   RehnerSPT   184.366   5.6106   3.9316    251.30 0.00000       0       0               0       0   0.000000         0.00    629505
629-59-4 n-TETRADECANE                 RehnerSPT   198.393   5.8662   3.9472    254.51 0.00000       0       0               0       0   0.000000         0.00    629594
629-62-9 n-PENTADECANE                 RehnerSPT   212.419   6.1154   3.9946    258.32 0.00000       0       0               0       0   0.000000         0.00    629629
544-76-3 n-HEXADECANE                  RehnerSPT   226.446   6.3083   4.0209    262.24 0.00000       0       0               0       0   0.000000         0.00    544763
629-78-7 n-HEPTADECANE                 RehnerSPT   240.473   6.4550   4.0939    266.91 0.00000       0       0               0       0   0.000000         0.00    629787
593-45-3 n-OCTADECANE                  RehnerSPT     254.5   6.5743   4.1059    271.33 0.00000       0       0               0       0   0.000000         0.00    593453
629-92-5 n-NONADECANE                  RehnerSPT   268.527   6.6617   4.1552    276.42 0.00000       0       0               0       0   0.000000        10.59    629925
112-95-8 n-EICOSANE                    RehnerSPT   282.554   6.7535   4.1750    282.19 0.00000       0       0               0       0   0.000000        13.89    112958
629-94-7 n-HENEICOSANE                 RehnerSPT   296.581   6.8094   4.2208    286.93 0.00000       0       0               0       0   0.000000        14.69    629947
629-97-0 n-DOCOSANE                    RehnerSPT   310.608   6.8719   4.2230    292.90 0.00000       0       0               0       0   0.000000        17.31    629970
638-67-5 n-TRICOSANE                   RehnerSPT   324.635   6.9104   4.2657    297.89 0.00000       0       0               0       0   0.000000        16.87    638675
646-31-1 n-TETRACOSANE                 RehnerSPT   338.662   6.9480   4.2987    303.06 0.00000       0       0               0       0   0.000000        16.59    646311
4390-04-92244688-HEPTAMETHYLNONANE     RehnerSPT   226.447   5.2856   4.2548    260.45 0.00000       0       0               0       0   0.000000         0.00   4390049
3221-61-22-METHYLOCTANE                RehnerSPT   128.258   3.9344   3.9422    247.72 0.00000       0       0               0       0   0.000000         0.00   3221612
1071-26-722-DIMETHYLHEPTANE            RehnerSPT   128.258   3.7452   3.9812    247.24 0.00000       0       0               0       0   0.000000         0.00   1071267
287-23-0 CYCLOBUTANE                   RehnerSPT    56.108   2.1632   3.6236    248.98 0.00000       0       0               0       0   0.000000         0.00    287230
287-92-3 CYCLOPENTANE                  RehnerSPT    70.135   2.3709   3.7154    265.04 0.00000       0       0               0       0   0.000000         0.00    287923
96-37-7  METHYLCYCLOPENTANE            RehnerSPT    84.162   2.5623   3.8830    267.14 0.00000       0       0               0       0   0.000000         0.00     96377
1640-89-7ETHYLCYCLOPENTANE             RehnerSPT    98.188   2.8341   3.9422    272.61 0.00000       0       0               0       0   0.000000         0.00   1640897
2532-58-3cis-13-DIMETHYLCYCLOPENTANE   RehnerSPT    98.188   2.8168   4.0149    266.54 0.00000       0       0               0       0   0.000000         0.00   2532583
1759-58-6trans-13-DIMETHYLCYCLOPENTANE RehnerSPT    98.188   2.8128   3.9958    266.10 0.00000       0       0               0       0   0.000000         0.00   1759586
110-82-7 CYCLOHEXANE                   RehnerSPT    84.161   2.5724   3.8221    275.56 0.00000       0       0               0       0   0.000000         0.00    110827
108-87-2 METHYLCYCLOHEXANE             RehnerSPT    98.188   2.8021   3.9348    274.03 0.00000       0       0               0       0   0.000000         0.00    108872
2207-04-7trans-14-DIMETHYLCYCLOHEXANE  RehnerSPT   112.215   3.0737   3.9981    271.30 0.00000       0       0               0       0   0.000000         0.00   2207047
493-01-6 cis-DECAHYDRONAPHTHALENE      RehnerSPT   138.253   3.5577   3.9551    296.33 0.00000       0       0               0       0   0.000000         0.00    493016
493-02-7 trans-DECAHYDRONAPHTHALENE    RehnerSPT   138.253   3.5392   3.9823    292.87 0.00000       0       0               0       0   0.000000         0.00    493027
291-64-5 CYCLOHEPTANE                  RehnerSPT    98.188   2.8693   3.8508    283.16 0.00000       0       0               0       0   0.000000         0.00    291645
292-64-8 CYCLOOCTANE                   RehnerSPT   112.215   3.2602   3.8716    285.34 0.00000       0       0               0       0   0.000000         0.00    292648
106-98-9 1-BUTENE                      RehnerSPT    56.108   2.0946   3.7960    231.30 0.00000       0       0               0       0   0.000000         0.00    106989
590-18-1 cis-2-BUTENE                  RehnerSPT    56.108   2.1647   3.7090    239.17 0.00000       0       0               0       0   0.000000         0.00    590181
624-64-6 trans-2-BUTENE                RehnerSPT    56.108   2.1946   3.7060    234.10 0.00000       0       0               0       0   0.000000         0.00    624646
115-11-7 ISOBUTENE                     RehnerSPT    56.108   2.1303   3.7409    229.82 0.00000       0       0               0       0   0.000000         0.00    115117
109-67-1 1-PENTENE                     RehnerSPT    70.135   2.3880   3.8492    242.54 0.00000       0       0               0       0   0.000000         0.00    109671
627-20-3 cis-2-PENTENE                 RehnerSPT    70.135   2.4164   3.8128    245.80 0.00000       0       0               0       0   0.000000         0.00    627203
646-04-8 trans-2-PENTENE               RehnerSPT    70.135   2.5030   3.7771    244.06 0.10722       0       0               0       0   0.000000         0.00    646048
563-46-2 2-METHYL-1-BUTENE             RehnerSPT    70.135   2.4359   3.8412    242.36 0.00000       0       0               0       0   0.000000         0.00    563462
563-45-1 3-METHYL-1-BUTENE             RehnerSPT    70.135   2.3619   3.8695    236.72 0.00000       0       0               0       0   0.000000         0.00    563451
513-35-9 2-METHYL-2-BUTENE             RehnerSPT    70.135   2.4943   3.8200    243.55 0.00000       0       0               0       0   0.000000         0.00    513359
592-41-6 1-HEXENE                      RehnerSPT    84.162   2.7695   3.8801    247.10 0.00000       0       0               0       0   0.000000         0.00    592416
691-37-2 4-METHYL-1-PENTENE            RehnerSPT    84.162   2.6852   3.9214    243.87 0.00000       0       0               0       0   0.000000         0.00    691372
592-76-7 1-HEPTENE                     RehnerSPT    98.189   3.1635   3.8820    248.31 0.00000       0       0               0       0   0.000000         0.00    592767
111-66-0 1-OCTENE                      RehnerSPT   112.215   3.5530   3.9003    249.11 0.00000       0       0               0       0   0.000000         0.00    111660
124-11-8 1-NONENE                      RehnerSPT   126.242   3.9600   3.8791    250.37 0.00000       0       0               0       0   0.000000         0.00    124118
872-05-9 1-DECENE                      RehnerSPT   140.269   4.3304   3.8748    251.56 0.00000       0       0               0       0   0.000000         0.00    872059
112-41-4 1-DODECENE                    RehnerSPT   168.323   5.0651   3.8506    253.95 0.00000       0       0               0       0   0.000000         0.00    112414
107-00-6 ETHYLACETYLENE                RehnerSPT    54.092   2.2802   3.4937    239.23 0.00000       0       0               0       0   0.000000         0.00    107006
627-19-0 1-PENTYNE                     RehnerSPT    68.119   2.5335   3.5909    246.60 0.26094       0       0               0       0   0.000000         0.00    627190
71-43-2  BENZENE                       RehnerSPT    78.114   2.5671   3.6042    276.57 0.00000       0       0               0       0   0.000000         0.00     71432
108-88-3 TOLUENE                       RehnerSPT    92.141   2.8646   3.6927    284.11 0.00000       0       0               0       0   0.000000         0.00    108883
767-58-8 1-METHYLINDAN                 RehnerSPT   132.206   3.5767   3.8480    293.32 0.00000       0       0               0       0   0.000000         0.00    767588
100-41-4 ETHYLBENZENE                  RehnerSPT   106.168   3.1980   3.7401    287.64 0.00000       0       0               0       0   0.000000         0.00    100414
95-47-6  o-XYLENE                      RehnerSPT   106.168   3.2250   3.7286    284.98 0.00000       0       0               0       0   0.000000         0.00     95476
108-38-3 m-XYLENE                      RehnerSPT   106.168   3.2971   3.7149    282.68 0.00000       0       0               0       0   0.000000         0.00    108383
106-42-3 p-XYLENE                      RehnerSPT   106.168   3.2800   3.7147    282.83 0.00000       0       0               0       0   0.000000         0.00    106423
874-35-1 5-METHYLINDAN                 RehnerSPT   132.206   3.7027   3.7390    291.38 0.00000       0       0               0       0   0.000000         0.00    874351
103-65-1 n-PROPYLBENZENE               RehnerSPT   120.195   3.5174   3.7710    285.35 0.00000       0       0               0       0   0.000000         0.00    103651
98-82-8  CUMENE                        RehnerSPT   120.195   3.4288   3.7656    286.00 0.00000       0       0               0       0   0.000000         0.00     98828
622-96-8 p-ETHYLTOLUENE                RehnerSPT   120.195   3.5942   3.7604    280.92 0.00000       0       0               0       0   0.000000         0.00    622968
526-73-8 123-TRIMETHYLBENZENE          RehnerSPT   120.195   3.5654   3.7614    281.54 0.00000       0       0               0       0   0.000000         0.00    526738
95-63-6  124-TRIMETHYLBENZENE          RehnerSPT   120.195   3.6047   3.7671    279.24 0.00000       0       0               0       0   0.000000         0.00     95636
108-67-8 MESITYLENE                    RehnerSPT   120.195   3.6951   3.7577    277.92 0.00000       0       0               0       0   0.000000         0.00    108678
104-51-8 n-BUTYLBENZENE                RehnerSPT   134.222   3.8532   3.7815    285.53 0.00000       0       0               0       0   0.000000         0.00    104518
538-93-2 ISOBUTYLBENZENE               RehnerSPT   134.222   3.7234   3.7923    285.29 0.00000       0       0               0       0   0.000000         0.00    538932
135-98-8 sec-BUTYLBENZENE              RehnerSPT   134.222   3.7711   3.7981    285.39 0.00000       0       0               0       0   0.000000         0.00    135988
99-87-6  p-CYMENE                      RehnerSPT   134.222   3.8174   3.7741    280.92 0.00000       0       0               0       0   0.000000         0.00     99876
105-05-5 p-DIETHYLBENZENE              RehnerSPT   134.222   3.8757   3.8034    279.59 0.00000       0       0               0       0   0.000000         0.00    105055
95-93-2  1245-TETRAMETHYLBENZENE       RehnerSPT   134.222   3.9300   3.7769    277.72 0.00000       0       0               0       0   0.000000         0.00     95932
92-52-4  BIPHENYL                      RehnerSPT   154.212   4.4422   3.4666    302.84 0.00000       0       0               0       0   0.000000         0.00     92524
92-94-4  p-TERPHENYL                   RehnerSPT   230.311   5.6407   3.6290    313.15 0.00000       0       0               0       0   0.000000         0.00     92944
92-06-8  m-TERPHENYL                   RehnerSPT   230.311   5.6725   3.6491    314.02 0.00000       0       0               0       0   0.000000         0.00     92068
84-15-1  o-TERPHENYL                   RehnerSPT   230.311   5.6497   3.6837    312.83 0.00000       0       0               0       0   0.000000         0.00     84151
101-81-5 DIPHENYLMETHANE               RehnerSPT   168.239   4.6965   3.4799    303.71 0.00000       0       0               0       0   0.000000         0.00    101815
100-42-5 STYRENE                       RehnerSPT   104.152   3.2371   3.5693    284.65 0.00000       0       0               0       0   0.000000         0.00    100425
91-20-3  NAPHTHALENE                   RehnerSPT   128.174   3.9577   3.5138    295.64 0.00000       0       0               0       0   0.000000         0.00     91203
90-12-0  1-METHYLNAPHTHALENE           RehnerSPT   142.201   4.2167   3.5270    296.28 0.00000       0       0               0       0   0.000000         0.00     90120
91-57-6  2-METHYLNAPHTHALENE           RehnerSPT   142.201   4.2211   3.5067    297.38 0.00000       0       0               0       0   0.000000         0.00     91576
119-64-2 1234-TETRAHYDRONAPHTHALENE    RehnerSPT   132.206   3.5910   3.7737    299.28 0.00000       0       0               0       0   0.000000         0.00    119642
582-16-1 27-DIMETHYLNAPHTHALENE        RehnerSPT   156.228   4.4938   3.4603    293.89 0.00000       0       0               0       0   0.000000         0.00    582161
120-12-7 ANTHRACENE                    RehnerSPT   178.235   5.0507   3.4799    300.67 0.00000       0       0               0       0   0.000000         0.00    120127
85-01-8  PHENANTHRENE                  RehnerSPT   178.235   5.0986   3.5927    306.12 0.00000       0       0               0       0   0.000000         0.00     85018
702-79-4 13-DIMETHYLADAMANTANE         RehnerSPT   164.292   4.1256   3.9269    277.00 0.00000       0       0               0       0   0.000000         0.00    702794
496-11-7 INDANE                        RehnerSPT   118.179   3.3443   3.7439    295.90 0.00000       0       0               0       0   0.000000         0.00    496117
123-38-6 PROPANAL                      RehnerSPT     58.08   2.4625   3.3341    250.26 2.43990       0       0               0       0   0.000000         0.00    123386
123-72-8 BUTANAL                       RehnerSPT    72.107   2.8930   3.4455    248.45 2.50055       0       0               0       0   0.000000         0.00    123728
78-93-3  METHYLETHYLKETONE             RehnerSPT    72.107   2.8306   3.4630    256.20 2.49789       0       0               0       0   0.000000         0.00     78933
96-22-0  3-PENTANONE                   RehnerSPT    86.134   3.1710   3.5058    255.78 2.53253       0       0               0       0   0.000000         0.00     96220
108-10-1 METHYLISOBUTYLKETONE          RehnerSPT   100.161   3.4578   3.6153    252.19 2.55073       0       0               0       0   0.000000         0.00    108101
589-38-8 3-HEXANONE                    RehnerSPT   100.161   3.5702   3.5896    254.01 2.56465       0       0               0       0   0.000000         0.00    589388
107-87-9 2-PENTANONE                   RehnerSPT    86.134   3.2300   3.5068    253.28 2.56514       0       0               0       0   0.000000         0.00    107879
591-78-6 2-HEXANONE                    RehnerSPT   100.161   3.6124   3.5660    254.64 2.57580       0       0               0       0   0.000000         0.00    591786
141-79-7 MESITYLOXIDE                  RehnerSPT    98.145   3.6051   3.5565    256.47 2.56842       0       0               0       0   0.000000         0.00    141797
120-92-3 CYCLOPENTANONE                RehnerSPT    84.118   2.8082   3.4957    295.44 2.54760       0       0               0       0   0.000000         0.00    120923
108-94-1 CYCLOHEXANONE                 RehnerSPT    98.145   3.1136   3.5910    298.55 2.56737       0       0               0       0   0.000000         0.00    108941
64-17-5  ETHANOL                       RehnerSPT    46.069   2.8366   3.0338    249.38 0.00000       0       2   2B          1       1   0.007773      2012.38     64175
71-23-8  1-PROPANOL                    RehnerSPT    60.096   3.2109   3.1697    240.64 0.00000       0       2   2B          1       1   0.007172      2209.31     71238
67-63-0  ISOPROPANOL                   RehnerSPT    60.096   3.0678   3.2260    229.60 0.00000       0       2   2B          1       1   0.007227      2252.83     67630
71-36-3  1-BUTANOL                     RehnerSPT    74.123   3.5258   3.2972    241.29 0.00000       0       2   2B          1       1   0.006567      2306.30     71363
78-83-1  2-METHYL-1-PROPANOL           RehnerSPT    74.123   3.3787   3.3405    237.63 0.00000       0       2   2B          1       1   0.006724      2300.78     78831
78-92-2  2-BUTANOL                     RehnerSPT    74.123   3.3695   3.3409    230.15 0.00000       0       2   2B          1       1   0.006628      2314.24     78922
75-65-0  2-METHYL-2-PROPANOL           RehnerSPT    74.123   3.2403   3.3890    222.50 0.00000       0       2   2B          1       1   0.006454      2221.67     75650
71-41-0  1-PENTANOL                    RehnerSPT     88.15   3.8013   3.4069    245.00 0.00000       0       2   2B          1       1   0.006101      2348.33     71410
6032-29-72-PENTANOL                    RehnerSPT     88.15   3.6283   3.4488    236.19 0.00000       0       2   2B          1       1   0.006176      2323.61   6032297
75-85-4  2-METHYL-2-BUTANOL            RehnerSPT     88.15   3.4698   3.4966    228.92 0.00000       0       2   2B          1       1   0.006067      2229.88     75854
137-32-6 2-METHYL-1-BUTANOL            RehnerSPT     88.15   3.6429   3.4515    243.21 0.00000       0       2   2B          1       1   0.006252      2323.77    137326
111-27-3 1-HEXANOL                     RehnerSPT   102.177   4.0501   3.4944    249.45 0.00000       0       2   2B          1       1   0.005637      2376.74    111273
626-93-7 2-HEXANOL                     RehnerSPT   102.177   3.9037   3.5409    241.86 0.00000       0       2   2B          1       1   0.005639      2326.24    626937
623-37-0 3-HEXANOL                     RehnerSPT   102.177   3.8857   3.5135    240.88 0.00000       0       2   2B          1       1   0.005551      2271.20    623370
105-30-6 2-METHYL-1-PENTANOL           RehnerSPT   102.177   3.8658   3.5313    247.18 0.00000       0       2   2B          1       1   0.005858      2344.97    105306
584-02-1 3-PENTANOL                    RehnerSPT     88.15   3.6358   3.4301    234.75 0.00000       0       2   2B          1       1   0.006090      2290.47    584021
104-76-7 2-ETHYL-1-HEXANOL             RehnerSPT   130.231   4.3084   3.7292    255.00 0.00000       0       2   2B          1       1   0.005118      2411.09    104767
123-51-3 3-METHYL-1-BUTANOL            RehnerSPT     88.15   3.7105   3.4276    243.64 0.00000       0       2   2B          1       1   0.006143      2322.67    123513
598-75-4 3-METHYL-2-BUTANOL            RehnerSPT     88.15   3.5556   3.4739    233.19 0.00000       0       2   2B          1       1   0.006068      2280.34    598754
111-70-6 1-HEPTANOL                    RehnerSPT   116.204   4.2971   3.5906    253.15 0.00000       0       2   2B          1       1   0.005283      2428.18    111706
543-49-7 2-HEPTANOL                    RehnerSPT   116.204   4.1515   3.6177    246.91 0.00000       0       2   2B          1       1   0.005224      2350.50    543497
108-11-2 4-METHYL-2-PENTANOL           RehnerSPT   102.177   3.8011   3.5839    240.60 0.00000       0       2   2B          1       1   0.005468      2246.00    108112
111-87-5 1-OCTANOL                     RehnerSPT   130.231   4.5272   3.6677    256.84 0.00000       0       2   2B          1       1   0.004969      2486.58    111875
123-96-6 2-OCTANOL                     RehnerSPT   130.231   4.3735   3.6760    251.35 0.00000       0       2   2B          1       1   0.004948      2396.25    123966
143-08-8 1-NONANOL                     RehnerSPT   144.257   4.7475   3.7458    259.70 0.00000       0       2   2B          1       1   0.004827      2568.45    143088
628-99-9 2-NONANOL                     RehnerSPT   144.257   4.6076   3.7367    255.19 0.00000       0       2   2B          1       1   0.004777      2469.81    628999
112-30-1 1-DECANOL                     RehnerSPT   158.284   4.9611   3.8062    262.22 0.00000       0       2   2B          1       1   0.004646      2644.47    112301
112-42-5 1-UNDECANOL                   RehnerSPT   172.311   5.1763   3.8701    263.68 0.00000       0       2   2B          1       1   0.004550      2735.42    112425
112-53-8 1-DODECANOL                   RehnerSPT   186.338   5.4014   3.9292    264.72 0.00000       0       2   2B          1       1   0.004505      2859.63    112538
112-70-9 1-TRIDECANOL                  RehnerSPT   200.365   5.5720   4.0000    265.90 0.00000       0       2   2B          1       1   0.004502      2963.13    112709
112-72-1 1-TETRADECANOL                RehnerSPT   214.392   5.7778   4.0546    267.70 0.00000       0       2   2B          1       1   0.004457      3063.67    112721
629-76-5 1-PENTADECANOL                RehnerSPT   228.419   5.9257   4.1176    269.58 0.00000       0       2   2B          1       1   0.004450      3154.25    629765
36653-82-1-HEXADECANOL                 RehnerSPT   242.446   6.0749   4.1669    273.11 0.00000       0       2   2B          1       1   0.004438      3235.85  36653824
1454-85-91-HEPTADECANOL                RehnerSPT   256.473   6.1770   4.1958    276.01 0.00000       0       2   2B          1       1   0.004481      3318.48   1454859
112-92-5 1-OCTADECANOL                 RehnerSPT     270.5   6.2840   4.2377    279.96 0.00000       0       2   2B          1       1   0.004497      3389.39    112925
629-96-9 1-EICOSANOL                   RehnerSPT   298.553   6.4242   4.2568    287.41 0.00000       0       2   2B          1       1   0.004599      3519.87    629969
1454-84-81-NONADECANOL                 RehnerSPT   284.526   6.3518   4.2176    283.29 0.00000       0       2   2B          1       1   0.004566      3460.18   1454848
108-93-0 CYCLOHEXANOL                  RehnerSPT   100.161   3.7948   3.4100    267.28 0.00000       0       2   2B          1       1   0.005173      2103.85    108930
107-18-6 ALLYLALCOHOL                  RehnerSPT     58.08   3.2203   3.0586    253.49 0.00000       0       2   2B          1       1   0.006092      1896.35    107186
526-75-0 23-XYLENOL                    RehnerSPT   122.167   4.6444   3.1860    282.54 0.00000       0       2   2B          1       1   0.003998      2133.96    526750
105-67-9 24-XYLENOL                    RehnerSPT   122.167   4.6719   3.1513    281.06 0.00000       0       2   2B          1       1   0.004109      2191.01    105679
95-87-4  25-XYLENOL                    RehnerSPT   122.167   4.6593   3.1846    281.33 0.00000       0       2   2B          1       1   0.004177      2214.74     95874
576-26-1 26-XYLENOL                    RehnerSPT   122.167   4.6213   3.2399    282.18 0.00000       0       2   2B          1       1   0.004038      2155.10    576261
95-65-8  34-XYLENOL                    RehnerSPT   122.167   4.6773   3.1440    280.44 0.00000       0       2   2B          1       1   0.004087      2202.31     95658
108-68-9 35-XYLENOL                    RehnerSPT   122.167   4.6975   3.1460    281.58 0.00000       0       2   2B          1       1   0.004093      2207.29    108689
100-51-6 BENZYLALCOHOL                 RehnerSPT    108.14   4.3845   3.1275    288.68 0.00000       0       2   2B          1       1   0.004306      2089.53    100516
108-95-2 PHENOL                        RehnerSPT    94.113   4.2101   2.8612    286.57 0.00000       0       2   2B          1       1   0.004245      1943.94    108952
95-48-7  o-CRESOL                      RehnerSPT    108.14   4.1908   3.1287    283.81 0.00000       0       2   2B          1       1   0.003810      1823.23     95487
108-39-4 m-CRESOL                      RehnerSPT    108.14   4.4577   3.0444    285.93 0.00000       0       2   2B          1       1   0.004172      2077.12    108394
106-44-5 p-CRESOL                      RehnerSPT    108.14   4.4743   3.0074    283.71 0.00000       0       2   2B          1       1   0.004166      2076.81    106445
90-00-6  o-ETHYLPHENOL                 RehnerSPT   122.167   4.4028   3.2939    283.70 0.00000       0       2   2B          1       1   0.003756      1935.60     90006
123-07-9 p-ETHYLPHENOL                 RehnerSPT   122.167   4.5582   3.1615    282.66 0.00000       0       2   2B          1       1   0.004069      2098.42    123079
504-63-2 13-PROPYLENEGLYCOL            RehnerSPT    76.095   4.1946   2.9179    302.29 0.00000       0       2   2B          1       1   0.005918      2223.73    504632
109-94-4 ETHYLFORMATE                  RehnerSPT     74.08   2.9119   3.2718    234.03 2.38778       0       0               0       0   0.000000         0.00    109944
110-74-7 n-PROPYLFORMATE               RehnerSPT    88.107   3.3618   3.3662    233.89 2.48318       0       0               0       0   0.000000         0.00    110747
542-55-2 ISOBUTYLFORMATE               RehnerSPT   102.134   3.5568   3.4625    236.87 2.50130       0       0               0       0   0.000000         0.00    542552
638-49-3 n-PENTYLFORMATE               RehnerSPT    116.16   4.1678   3.5352    237.83 2.52869       0       0               0       0   0.000000         0.00    638493
141-78-6 ETHYLACETATE                  RehnerSPT    88.107   3.2777   3.4146    234.27 2.46376       0       0               0       0   0.000000         0.00    141786
109-60-4 n-PROPYLACETATE               RehnerSPT   102.134   3.6495   3.4762    235.06 2.50523       0       0               0       0   0.000000         0.00    109604
123-86-4 n-BUTYLACETATE                RehnerSPT    116.16   3.9958   3.5439    238.86 2.58894       0       0               0       0   0.000000         0.00    123864
110-19-0 ISOBUTYLACETATE               RehnerSPT   116.161   3.8196   3.5790    238.14 2.56067       0       0               0       0   0.000000         0.00    110190
123-92-2 ISOPENTYLACETATE              RehnerSPT   130.187   4.1813   3.6282    241.90 2.60275       0       0               0       0   0.000000         0.00    123922
108-21-4 ISOPROPYLACETATE              RehnerSPT   102.134   3.4277   3.5325    235.73 2.45616       0       0               0       0   0.000000         0.00    108214
554-12-1 METHYLPROPIONATE              RehnerSPT    88.107   3.2411   3.3669    237.95 2.49905       0       0               0       0   0.000000         0.00    554121
105-37-3 ETHYLPROPIONATE               RehnerSPT   102.134   3.6109   3.4770    236.17 2.53356       0       0               0       0   0.000000         0.00    105373
106-36-5 n-PROPYLPROPIONATE            RehnerSPT   116.161   4.0182   3.5424    235.75 2.54775       0       0               0       0   0.000000         0.00    106365
590-01-2 n-BUTYLPROPIONATE             RehnerSPT   130.187   4.3603   3.5718    239.44 2.56993       0       0               0       0   0.000000         0.00    590012
105-66-8 n-PROPYLn-BUTYRATE            RehnerSPT   130.187   4.3062   3.6051    239.05 2.60663       0       0               0       0   0.000000         0.00    105668
623-42-7 METHYLn-BUTYRATE              RehnerSPT   102.134   3.6568   3.4438    236.70 2.55948       0       0               0       0   0.000000         0.00    623427
105-54-4 ETHYLn-BUTYRATE               RehnerSPT   116.161   3.9692   3.5343    236.58 2.59009       0       0               0       0   0.000000         0.00    105544
644-49-5 n-PROPYLISOBUTYRATE           RehnerSPT   130.187   4.1222   3.6608    236.96 2.56987       0       0               0       0   0.000000         0.00    644495
141-32-2 n-BUTYLACRYLATE               RehnerSPT   128.171   4.2042   3.5379    245.95 2.57311       0       0               0       0   0.000000         0.00    141322
108-64-5 ETHYLISOVALERATE              RehnerSPT   130.188   4.1578   3.6539    237.38 2.58639       0       0               0       0   0.000000         0.00    108645
97-85-8  ISOBUTYLISOBUTYRATE           RehnerSPT   144.214   4.3090   3.7577    240.14 2.54772       0       0               0       0   0.000000         0.00     97858
109-21-7 n-BUTYLn-BUTYRATE             RehnerSPT   144.214   4.6290   3.6287    241.36 2.62988       0       0               0       0   0.000000         0.00    109217
96-47-9  2-METHYLTETRAHYDROFURAN       RehnerSPT    86.134   2.6327   3.7118    265.81 2.42419       0       0               0       0   0.000000         0.00     96479
60-29-7  DIETHYLETHER                  RehnerSPT    74.123   2.8444   3.5661    219.72 2.27007       0       0               0       0   0.000000         0.00     60297
108-20-3 DIISOPROPYLETHER              RehnerSPT   102.177   3.2786   3.8139    223.00 2.40891       0       0               0       0   0.000000         0.00    108203
142-96-1 DI-n-BUTYLETHER               RehnerSPT   130.231   4.2014   3.7844    238.35 2.56650       0       0               0       0   0.000000         0.00    142961
1634-04-4METHYLtert-BUTYLETHER         RehnerSPT     88.15   3.0350   3.6881    225.77 2.28922       0       0               0       0   0.000000         0.00   1634044
540-67-0 METHYLETHYLETHER              RehnerSPT    60.096   2.4605   3.5502    214.94 2.14669       0       0               0       0   0.000000         0.00    540670
628-32-0 ETHYLPROPYLETHER              RehnerSPT     88.15   3.1793   3.6269    225.85 2.35464       0       0               0       0   0.000000         0.00    628320
994-05-8 METHYLtert-PENTYLETHER        RehnerSPT   102.177   3.4225   3.7146    231.04 2.39369       0       0               0       0   0.000000         0.00    994058
111-43-3 DI-n-PROPYLETHER              RehnerSPT   102.177   3.5178   3.6986    230.22 2.44605       0       0               0       0   0.000000         0.00    111433
111-34-2 BUTYLVINYLETHER               RehnerSPT   100.161   3.3788   3.7600    238.50 2.40912       0       0               0       0   0.000000         0.00    111342
110-71-4 12-DIMETHOXYETHANE            RehnerSPT    90.122   3.3779   3.4234    242.17 0.00000       0       0               0       0   0.000000         0.00    110714
100-66-3 ANISOLE                       RehnerSPT   108.141   3.4322   3.5335    283.45 2.46132       0       0               0       0   0.000000         0.00    100663
79-01-6  TRICHLOROETHYLENE             RehnerSPT   131.389   2.9100   3.4265    266.76 0.00000       0       0               0       0   0.000000         0.00     79016
108-90-7 MONOCHLOROBENZENE             RehnerSPT   112.559   3.2216   3.4628    285.32 2.11227       0       0               0       0   0.000000         0.00    108907
95-50-1  o-DICHLOROBENZENE             RehnerSPT   147.004   3.7797   3.4666    287.44 0.11253       0       0               0       0   0.000000         0.00     95501
541-73-1 m-DICHLOROBENZENE             RehnerSPT   147.004   3.8233   3.4206    282.41 0.43653       0       0               0       0   0.000000         0.00    541731
106-43-4 p-CHLOROTOLUENE               RehnerSPT   126.586   3.6508   3.4767    283.30 2.14192       0       0               0       0   0.000000         0.00    106434
540-54-5 PROPYLCHLORIDE                RehnerSPT    78.542   2.3666   3.6387    254.22 2.34218       0       0               0       0   0.000000         0.00    540545
78-86-4  sec-BUTYLCHLORIDE             RehnerSPT    92.569   2.6254   3.7587    255.65 2.37284       0       0               0       0   0.000000         0.00     78864
543-59-9 1-CHLOROPENTANE               RehnerSPT   106.596   3.0549   3.7592    263.20 2.45904       0       0               0       0   0.000000         0.00    543599
124-73-2 12-DIBROMOTETRAFLUOROETHANE   RehnerSPT   259.824   3.0593   3.6501    222.10 0.00000       0       0               0       0   0.000000         0.00    124732
690-39-1 111333-HEXAFLUOROPROPANE      RehnerSPT    152.04   3.4295   3.2958    172.89 2.19606       0       0               0       0   0.000000         0.00    690391
355-42-0 PERFLUORO-n-HEXANE            RehnerSPT   338.044   4.1938   3.8770    185.86 0.00000       0       0               0       0   0.000000         0.00    355420
307-34-6 PERFLUORO-n-OCTANE            RehnerSPT    438.06   4.6738   4.0355    197.26 0.00000       0       0               0       0   0.000000         0.00    307346
375-96-2 PERFLUORO-n-NONANE            RehnerSPT   488.068   4.8997   4.0933    203.28 0.00000       0       0               0       0   0.000000         0.00    375962
307-45-9 PERFLUORO-n-DECANE            RehnerSPT   538.076   5.0722   4.0842    210.03 0.00000       0       0               0       0   0.000000         0.00    307459
106-93-4 12-DIBROMOETHANE              RehnerSPT   187.862   3.1373   3.3929    288.20 0.00000       0       0               0       0   0.000000         0.00    106934
591-50-4 IODOBENZENE                   RehnerSPT   204.011   3.7908   3.4617    297.30 0.00000       0       0               0       0   0.000000         0.00    591504
121-44-8 TRIETHYLAMINE                 RehnerSPT   101.192   3.3812   3.7662    236.94 0.00000       0       0               0       0   0.000000         0.00    121448
142-84-7 DI-n-PROPYLAMINE              RehnerSPT   101.192   3.6063   3.6804    242.56 0.00000       0       2   2B          1       1   0.002927      1089.50    142847
109-89-7 DIETHYLAMINE                  RehnerSPT    73.138   3.0836   3.4594    225.61 0.00000       0       2   2B          1       1   0.003308      1046.53    109897
107-10-8 n-PROPYLAMINE                 RehnerSPT    59.111   2.8925   3.3156    236.67 0.00000       0       2   2B          1       1   0.003764      1112.65    107108
109-73-9 n-BUTYLAMINE                  RehnerSPT    73.138   3.1871   3.4374    241.76 0.00000       0       2   2B          1       1   0.003735      1229.77    109739
78-81-9  ISOBUTYLAMINE                 RehnerSPT    73.138   3.0699   3.4472    240.25 0.00000       0       2   2B          1       1   0.003741      1187.20     78819
75-31-0  ISOPROPYLAMINE                RehnerSPT    59.111   2.7885   3.3898    227.05 0.00000       0       2   2B          1       1   0.003877      1130.07     75310
102-71-6 TRIETHANOLAMINE               RehnerSPT    149.19   5.3090   3.3253    330.01 0.00000       0       2   2B          1       1   0.005400      2894.28    102716
111-92-2 DI-n-BUTYLAMINE               RehnerSPT   129.246   4.0259   3.8726    254.53 0.00000       0       2   2B          1       1   0.002789      1290.26    111922
91-22-5  QUINOLINE                     RehnerSPT   129.162   4.2675   3.3830    306.52 2.62972       0       0               0       0   0.000000         0.00     91225
109-74-0 BUTYRONITRILE                 RehnerSPT    69.107   2.9081   3.4837    281.74 2.55083       0       0               0       0   0.000000         0.00    109740
110-59-8 VALERONITRILE                 RehnerSPT    83.133   3.2534   3.5432    282.26 2.57571       0       0               0       0   0.000000         0.00    110598
110-86-1 PYRIDINE                      RehnerSPT    79.102   3.1289   3.3478    283.43 2.25171       0       2   2B          1       1   0.000248        91.50    110861
62-53-3  ANILINE                       RehnerSPT    93.129   4.0312   3.1700    288.42 0.00000       0       2   2B          1       1   0.003161      1441.93     62533
109-06-8 2-METHYLPYRIDINE              RehnerSPT    93.129   3.2193   3.3850    298.06 2.49938       0       0               0       0   0.000000         0.00    109068
352-93-2 DIETHYLSULFIDE                RehnerSPT    90.184   2.7922   3.6734    266.65 2.42950       0       0               0       0   0.000000         0.00    352932
392-56-3 HEXAFLUOROBENZENE             RehnerSPT   186.058   3.8857   3.3788    209.61 2.11921       0       0               0       0   0.000000         0.00    392563
98-95-3  NITROBENZENE                  RehnerSPT   123.112   4.4610   3.1377    289.88 2.66140       0       0               0       0   0.000000         0.00     98953
544-85-4 n-DOTRIACONTANE               RehnerSPT   450.877   7.1010   4.7813    339.73 0.00000       0       0               0       0   0.000000        24.87    544854
630-06-8 n-HEXATRIACONTANE             RehnerSPT   506.984   7.1073   5.0953    356.31 0.00000       0       0               0       0   0.000000        41.79    630068
620-17-7 m-ETHYLPHENOL                 RehnerSPT   122.167   4.5374   3.2145    284.08 0.00000       0       2   2B          1       1   0.004042      2085.90    620177
547-63-7 METHYLISOBUTYRATE             RehnerSPT   102.134   3.4676   3.4890    237.98 2.50580       0       0               0       0   0.000000         0.00    547637
97-62-1  ETHYLISOBUTYRATE              RehnerSPT   116.161   3.8239   3.5821    233.99 2.53032       0       0               0       0   0.000000         0.00     97621
678-26-2 PERFLUORO-n-PENTANE           RehnerSPT   288.036   3.8950   3.7669    178.50 0.00000       0       0               0       0   0.000000         0.00    678262
335-57-9 PERFLUORO-n-HEPTANE           RehnerSPT   388.052   4.4541   3.9608    192.17 0.00000       0       0               0       0   0.000000         0.00    335579
115-25-3 OCTAFLUOROCYCLOBUTANE         RehnerSPT   200.032   3.3577   3.4546    172.87 0.34546       0       0               0       0   0.000000         0.00    115253
111-86-4 n-OCTYLAMINE                  RehnerSPT   129.246   4.3555   3.8237    256.42 0.00000       0       2   2B          1       1   0.003132      1623.13    111864
119-65-3 ISOQUINOLINE                  RehnerSPT   129.162   4.3548   3.4689    305.07 2.49416       0       0               0       0   0.000000        15.90    119653
108-48-5 26-DIMETHYLPYRIDINE           RehnerSPT   107.156   3.7137   3.5889    277.45 2.37882       0       0               0       0   0.000000        14.54    108485
108-99-6 3-METHYLPYRIDINE              RehnerSPT    93.129   3.4726   3.3724    293.30 2.36774       0       2   2B          1       1   0.000236        99.71    108996
108-89-4 4-METHYLPYRIDINE              RehnerSPT    93.129   3.4454   3.3947    285.25 2.44128       0       0               0       0   0.000000        19.52    108894
111-76-2 2-BUTOXYETHANOL               RehnerSPT   118.176   3.8832   3.6115    274.59 0.00000       0       2   2B          1       1   0.003729      1586.47    111762
106-27-4 ISOPENTYLBUTYRATE             RehnerSPT   158.241   4.7312   3.7543    243.59 2.64180       0       0               0       0   0.000000         0.00    106274
102-25-0 135-TRIETHYLBENZENE           RehnerSPT   162.276   4.5788   3.8383    275.50 0.00000       0       0               0       0   0.000000         0.00    102250
406-58-6 11133-PENTAFLUOROBUTANE       RehnerSPT   148.076   3.4274   3.4527    193.22 2.25454       0       0               0       0   0.000000         0.00    406586
111-15-9 2-ETHOXYETHYLACETATE          RehnerSPT    132.16   4.4461   3.4503    246.37 2.60209       0       0               0       0   0.000000         0.00    111159
78-78-4  ISOPENTANE                    RehnerSPT    72.151   2.5225   3.8716    232.73 0.00000       0       0               0       0   0.000000         0.00     78784
