123-51-3  3-METHYL-1-BUTANOL                   TDE	  88.15	  2.845	3.772	269.62	0	0	2	2B	1	1	0.00355	2684.9
64-18-6   FORMICACID                           TDE	  46.03   1.101	3.527	182.50	0	0	2	2B	1	1	0.21497	2835.6
107-13-1  ACRYLONITRILE                        TDE	  53.06   2.307	3.372	304.41	0	0	2	2B	1	1	0.01673	137.6
98-01-1   FURFURAL                             TDE	  96.09   2.651	3.557	340.30	0	0	2	2B	1	1	0.00708	1452.1
98-95-3   NITROBENZENE                         TDE	 123.11   3.000	3.666	353.82	0	0	2	2B	1	1	0.00819	839.7
107-98-2  PROPYLENEGLYCOLMONOMETHYLETHER       TDE        90.12   1.181   4.975   390.3       0       0       2   2B    1   1   0.005    2500
108-93-0  cyclohexanol                         TDE       100.16   2.625   3.876   318.47      0       0       2   2B    1   1   0.001845 2752.08
121-44-8  TRIETHYLAMINE                        Jaubert   101.19   3.273   3.802   241.0      0.0      0       0
105-58-8  DIETHYLCARBONATE                     Jaubert   118.13   4.291   3.356   235.9       0       0       0
106-88-7  12-EPOXYBUTANE                       Jaubert    72.11   2.575   3.544   266.8       0       0       0
355-25-9  DECAFLUOROBUTANE                     Jaubert   238.03   3.729   3.572   164.5       0       0       0
406-58-6  R365mfc(11133-PENTAFLUOROBUTANE)     Jaubert   148.08   3.885   3.229   176.7       0       0       0
544-85-4  n-DOTRIACONTANE                      Jaubert   450.88  12.496   4.169   253.2       0       0       0
754-12-1  R1234yf(2333-TETRAFLUOROPROPENE)     Jaubert   114.04   3.150   3.402   165.6       0       0       0
75-73-0   CARBONTETRAFLUORIDE                  Jaubert    88.01   2.238   3.109   120.8       0       0       0
142-96-1  DI-n-BUTYLETHER                      Jaubert   130.23   4.289   3.743   237.4       0       0       0
616-38-6  DIMETHYLCARBONATE                    Jaubert    90.08   3.420   3.194   247.6       0       0       0
994-05-8  METHYLtert-PENTYLETHER               Jaubert   102.18   3.275   3.935   236.5       0       0       0
126-33-0  SULFOLANE                            Jaubert   120.17   3.939   3.631   350.9       0       0       0
74-82-8     methane                 GrossSadowski2001      16.04300         1.000000         3.703888         150.0340         0.000000         0.000000           0
74-84-0     ethane                  GrossSadowski2001      30.07000         1.606312         3.521045         191.4493         0.000000        0.6500000           0
74-98-6     propane                 GrossSadowski2001      44.09600         2.001829         3.618353         208.1101         0.000000         0.000000           0
106-97-8    butane                  GrossSadowski2001      58.12300         2.331586         3.708601         222.8774         0.000000         0.000000           0
109-66-0    pentane                 GrossSadowski2001      72.14600         2.689528         3.772932         231.1970         0.000000         0.000000           0
110-54-3    hexane                  GrossSadowski2001      86.17700         3.057666         3.798293         236.7691         0.000000         0.000000           0
142-82-5    heptane                 GrossSadowski2001      100.2030         3.483295         3.804870         238.4009         0.000000         0.000000           0
111-65-9    octane                  GrossSadowski2001      114.2310         3.817921         3.837327         242.7758         0.000000         0.000000           0
111-84-2    nonane                  GrossSadowski2001      128.2500         4.207403         3.844836         244.5085         0.000000         0.000000           0
124-18-5    decane                  GrossSadowski2001      142.2850         4.663210         3.838450         243.8661         0.000000         0.000000           0
1120-21-4  undecane                GrossSadowski2001      156.312           4.9082             3.8893             248.82             0.000000         0.000000           0
112-40-3    dodecane                GrossSadowski2001      170.3380         5.305759         3.895892         249.2145         0.000000         0.000000           0
629-50-5      tridecane      GrossSadowski2001      184.365      5.6877      3.9143      249.78      0.0      0.0      0
629-59-4      tetradecane      GrossSadowski2001      198.392      5.9002      3.9396      254.21      0.0      0.0      0
629-62-9    pentadecane             GrossSadowski2001      212.4190         6.285500         3.953100         254.1400         0.000000         0.000000           0
544-76-3    hexadecane              GrossSadowski2001      226.4460         6.648297         3.955168         254.7001         0.000000         0.000000           0
629-78-7      heptadecane      GrossSadowski2001      240.473      6.9809      3.9675      255.65      0.0      0.0      0
593-45-3    octadecane              GrossSadowski2001      254.5000         7.327100         3.966800         256.2000         0.000000         0.000000           0
629-92-5      nonadecane      GrossSadowski2001      268.527      7.7175      3.9721      256      0.0      0.0      0
112-95-8    eicosane                GrossSadowski2001      282.5530         7.984180         3.986926         257.7479         0.000000         0.000000           0
638-68-6    triacontane             GrossSadowski2001      422.8220         11.38344         4.007608         262.2862         0.000000         0.000000           0
75-28-5     methylpropane          GrossSadowski2001      58.12300         2.261597         3.757353         216.5286         0.000000         0.000000           0
78-78-4     methylbutane            GrossSadowski2001      72.15000         2.562000         3.829600         230.7500         0.000000         0.000000           0
463-82-1    dimethylpropane       GrossSadowski2001      72.15000         2.354300         3.955000         225.6900         0.000000         0.000000           0
107-83-5    2-methylpentane      GrossSadowski2001      86.17700         2.931457         3.853547         235.5801         0.000000         0.000000           0
79-29-8     2.3-dimethylbutane   GrossSadowski2001      86.17700         2.685269         3.954454         246.0682         0.000000         0.000000           0
75-83-2      2.2-dimethylbutane      GrossSadowski2001      86.177      2.6008      4.0042      243.51      0.0      0.0      0
96-14-0      3-methylpentane      GrossSadowski2001      86.177      2.8852      3.8605      240.48      0.0      0.0      0
591-76-4      2-methylhexane      GrossSadowski2001      100.204      3.3478      3.8612      237.42      0.0      0.0      0
287-92-3    cyclopentane             GrossSadowski2001      70.13000         2.365222         3.711393         265.8288         0.000000         0.000000           0
110-82-7    cyclohexane              GrossSadowski2001      84.14700         2.530263         3.849909         278.1088         0.000000         0.000000           0
96-37-7     methylcyclopentane   GrossSadowski2001      84.15600         2.612699         3.825347         265.1228         0.000000         0.000000           0
108-87-2      methylcyclohexane      GrossSadowski2001      98.182      2.6637      3.9993      282.33      0.0      0.0      0
1640-89-7      ethylcyclopentane      GrossSadowski2001      98.182      2.9062      3.8873      270.5      0.0      0.0      0
1678-91-7      ethylcyclohexane      GrossSadowski2001      112.215      2.8256      4.1039      294.04      0.0      0.0      0
115-07-1    propylene       GrossSadowski2001      42.08100         1.959756         3.535598         207.1893         0.000000         0.000000           0
106-98-9    1-butene        GrossSadowski2001      56.10700         2.286490         3.643060         222.0030         0.000000         0.000000           0
109-67-1    1-pentene      GrossSadowski2001      70.13400         2.600600         3.739900         231.9900         0.000000         0.000000           0
592-41-6    1-hexene       GrossSadowski2001      84.61600         2.985564         3.775296         236.8110         0.000000         0.000000           0
111-66-0    1-octene        GrossSadowski2001      112.2150         3.741829         3.813290         243.0176         0.000000         0.000000           0
142-29-0      cyclopentene      GrossSadowski2001      68.114      2.2934      3.6668      267.76      0.0      0.0      0
71-43-2     benzene_q        Gross2005               78.11400         2.290914         3.756385         294.0625         0.000000         5.590700           0
71-43-2      benzene      GrossSadowski2001      78.114      2.4653      3.6478      287.35      0.0      0.0      0
108-88-3      toluene      GrossSadowski2001      92.141      2.8149      3.7169      285.69      0.0      0.0      0
100-41-4      ethylbenzene      GrossSadowski2001      106.167      3.0799      3.7974      287.35      0.0      0.0      0
95-47-6      1.2-dimethylbenzene      GrossSadowski2001      106.167      3.1362      3.76      291.05      0.0      0.0      0
108-38-3      1.3-dimethylbenzene      GrossSadowski2001      106.167      3.1861      3.7563      283.98      0.0      0.0      0
106-42-3      1.4-dimethylbenzene      GrossSadowski2001      106.167      3.1723      3.7781      283.77      0.0      0.0      0
103-65-1      n-propylbenzene      GrossSadowski2001      120.194      3.3438      3.8438      288.13      0.0      0.0      0
119-64-2      tetralin      GrossSadowski2001      132.205      3.3131      3.875      325.07      0.0      0.0      0
104-51-8      n-butylbenzene      GrossSadowski2001      134.221      3.7662      3.8727      283.07      0.0      0.0      0
92-52-4      biphenyl      GrossSadowski2001      154.211      3.8877      3.8151      327.42      0.0      0.0      0
7440-37-1     argon          GrossSadowski2001      39.94800         1.000000         3.365800         118.3400         0.000000         0.000000           0
7440-37-1     argon_p      GrossSadowski2001      39.948      0.9285      3.4784      122.23      0.0      0.0      0
7446-09-5      sulfur-dioxide      GrossSadowski2001      64.065      2.8611      2.6826      205.35      0.0      0.0      0
75-29-6      2-chloropropane      GrossSadowski2001      78.541      2.4151      3.6184      251.47      0.0      0.0      0
109-69-3      1-chlorobutane      GrossSadowski2001      92.568      2.8585      3.6424      258.66      0.0      0.0      0
108-90-7      chlorobenzene       ITT       112.5580         2.681601         3.735200         308.8200         1.690000         0.000000           0
108-90-7      chlorobenzene_n      GrossSadowski2001      112.558      2.6485      3.7533      315.04      0.0      0.0      0
108-86-1      bromobenzene      GrossSadowski2001      157.01      2.6456      3.836      334.37      0.0      0.0      0
108-21-4      isopropyl-acetate      GrossSadowski2001      102.133      3.6084      3.4818      231.91      0.0      0.0      0
124-38-9      carbon-dioxide      Gross2005      44.01      1.5131      3.1869      163.333      0.0      4.400      0
124-38-9      carbon-dioxide_a      Gross2005      44.01      1.5131      3.1869      163.333      0.0      4.400      2    4C      2  2       0.200000E-01     0.0001
75-15-0      carbon-disulfide      Gross2005      76.143      1.5876      3.7106      342.08      0.0      4.260      0
74-85-1     ethylene         Gross2005       28.05000         1.547700         3.447500         179.1900         0.000000         1.915500           0
74-86-2      acetylene      Gross2005      26.04      1.5477      3.3428      174.48      0.0      4.600      0
7727-37-9      nitrogen      Gross2005      28.01      1.1504      3.3848      91.4      0.0      1.430      0
7782-50-5      chlorine      Gross2005      70.905      1.3934      3.5339      270.49      0.0      4.100      0
67-64-1      acetone      GrossVrabec2006      58.08      2.7447      3.2742      232.99      2.880      0.0      0
78-93-3      butanone      GrossVrabec2006      72.107      2.9835      3.4239      244.99      2.780      0.0      0
107-87-9      2-pentanone      GrossVrabec2006      86.134      3.3537      3.4942      246.66      2.700      0.0      0
96-22-0      3-pentanone      GrossVrabec2006      86.134      3.2786      3.5159      248.69      2.820      0.0      0
123-38-6      propanal      GrossVrabec2006      58.08      2.6001      3.2872      235.21      2.720      0.0      0
123-72-8      butanal      GrossVrabec2006      72.107      2.8825      3.4698      247.09      2.720      0.0      0
107-31-3      methyl-formate      GrossVrabec2006      60.053      2.6225      3.1095      239.05      1.770      0.0      0
109-94-4      ethyl-formate      GrossVrabec2006      74.079      2.8338      3.3316      244.5      1.930      0.0      0
110-74-7      propyl-formate      GrossVrabec2006      88.106      3.1723      3.4296      245.64      1.890      0.0      0
141-78-6      ethyl-acetate      GrossVrabec2006      88.106      3.506      3.3177      230.24      1.780      0.0      0
109-60-4      propyl-acetate      GrossVrabec2006      102.13      3.7658      3.4289      235.42      1.780      0.0      0
123-86-4      n-butyl-acetate      GrossVrabec2006      116.16      3.9629      3.5482      242.27      1.870      0.0      0
554-12-1      methyl-propionate      GrossVrabec2006      88.106      3.4442      3.3255      234.26      1.850      0.0      0
105-37-3      ethyl-propionate      GrossVrabec2006      102.133      3.7954      3.4169      233.09      1.740      0.0      0
106-36-5      propyl-propionate      GrossVrabec2006      116.16      4.0993      3.4921      235.38      1.800      0.0      0
623-42-7      methyl-butanoate      GrossVrabec2006      102.133      3.642      3.4535      240.02      2.030      0.0      0
115-10-6      dimethyl-ether      GrossVrabec2006      46.069      2.2634      3.2723      210.29      1.300      0.0      0
540-67-0      methyl-ethyl-ether      GrossVrabec2006      60.096      2.6425      3.3794      215.79      1.170      0.0      0
557-17-5      methyl-n-propyl-ether      GrossVrabec2006      74.123      3.0004      3.4602      222.67      1.107      0.0      0
60-29-7      diethyl-ether      GrossVrabec2006      74.123      2.9726      3.5127      219.53      1.150      0.0      0
67-68-5      dimethylsulfoxide      GrossVrabec2006      78.13      3.0243      3.2427      309.36      3.960      0.0      0
7647-01-0      hydrogen-chloride      GrossVrabec2006      36.461      1.5194      2.9794      203.32      1.109      0.0      0
74-87-3     chloromethane         GrossVrabec2006      50.48800         1.807006         3.303400         229.9700         1.896300         0.000000           0
75-00-3      chloroethane      GrossVrabec2006      64.514      2.2207      3.4335      237.03      2.050      0.0      0
630-08-0    carbon-monoxide    ITT       28.01000         1.435809         3.135566         87.71910        0.1098000         0.000000           0
7782-44-7   oxygen                    ITT       32.05000         1.133517         3.194652         114.4302         0.000000         0.000000           0
1333-74-0   hydrogen                 ITT       2.016000         1.000000         2.915000         38.00000         0.000000         0.000000           0
67-56-1     methanol            ITT                32.04200         1.507000         3.325000         211.6000         1.700000         0.000000           2    2B      1  1       0.3000000E-01     2519.700
67-56-1      methanol_n      GrossSadowski2002      32.042      1.5255      3.23      188.9      0.0      0.0      2      2B      1      1      0.035176      2899.5
64-17-5     ethanol               ITT                46.06900         2.189948         3.301200         209.8246         1.690000         0.000000           2    2B      1  1       0.2349383E-01     2584.531
64-17-5      ethanol_n      GrossSadowski2002      46.069      2.3827      3.1771      198.24      0.0      0.0      2      2B      1      1      0.032384      2653.4
71-23-8      1-propanol      GrossSadowski2002      60.096      2.9997      3.2522      233.4      0.0      0.0      2      2B      1      1      0.015268      2276.8
71-36-3     1-butanol             ITT         74.12300         2.467705         3.761794         270.2373         1.660000         0.000000           2    2B      1  1       0.4855584E-02     2669.288
71-36-3      1-butanol_n    GrossSadowski2002      74.123      2.7515      3.6139      259.59      0.0      0.0      2      2B      1      1      0.006692      2544.6
71-41-0       1-pentanol          ITT                      88.15000         3.648443         3.442501         246.0780         1.700000         0.000000           2    2B      1  1       0.1040068E-01     2236.728
71-41-0      1-pentanol_n     GrossSadowski2002      88.15      3.626      3.4508      247.28      0.0      0.0      2      2B      1      1      0.010319      2252.1
111-27-3      1-hexanol      GrossSadowski2002      102.177      3.5146      3.6735      262.32      0.0      0.0      2      2B      1      1      0.005747      2538.9
111-70-6      1-heptanol      GrossSadowski2002      116.203      4.3985      3.545      253.46      0.0      0.0      2      2B      1      1      0.001155      2878.5
111-87-5      1-octanol      GrossSadowski2002      130.23      4.3555      3.7145      262.74      0.0      0.0      2      2B      1      1      0.002197      2754.8
143-08-8      1-nonanol      GrossSadowski2002      144.257      4.6839      3.7292      263.64      0.0      0.0      2      2B      1      1      0.001427      2941.9
67-63-0     2-propanol            ITT              60.09600         4.025000         2.918000         198.6000         1.661000         0.000000           2    2B      1  1       0.3000000E-01     1871.900
67-63-0      2-propanol_n      GrossSadowski2002      60.096      3.0929      3.2085      208.42      0.0      0.0      2      2B      1      1      0.024675      2253.9
75-85-4      2-methyl-2-butanol      GrossSadowski2002      88.15      2.5487      3.9053      266.01      0.0      0.0      2      2B      1      1      0.001863      2618.8
74-89-5      methylamine      GrossSadowski2002      31.06      2.3967      2.8906      214.94      0.0      0.0      2      2B      1      1      0.095103      684.3
75-04-7      ethylamine      GrossSadowski2002      45.09      2.7046      3.1343      221.53      0.0      0.0      2      2B      1      1      0.017275      854.7
107-10-8      1-propylamine      GrossSadowski2002      59.11      2.4539      3.5347      250.52      0.0      0.0      2      2B      1      1      0.022674      1028.1
75-31-0      2-propylamine      GrossSadowski2002      59.11      2.5908      3.4777      231.8      0.0      0.0      2      2B      1      1      0.02134      932.2
62-53-3      aniline      GrossSadowski2002      93.13      2.6607      3.7021      335.47      0.0      0.0      2      2B      1      1      0.074883      1351.6
62-53-3     aniline_p                 ITT       93.13000         2.639651         3.713269         332.2538         1.550000         0.000000           2    2B      1  1       0.7424612E-01     1392.143
109-99-9    tetrahydrofuran          ITT      72.10570         2.474047         3.513694         274.1819         1.631000         0.000000           0
7440-63-3   xenon                    ITT      131.2900         1.000000         3.931430         227.7490         0.000000         0.000000           0
2551-62-4   sulfurhexafluoride       ITT      146.0560         2.481910         3.327270         161.6390         0.000000         0.000000           0
111-13-7    2-octanone               ITT      128.2120         4.320049         3.688275         257.5526         0.000000         0.000000           0
108-94-1    cyclohexanone            ITT      98.15000         2.722919         3.790184         314.7722         3.246000         0.000000           0
50-00-0     formaldehyde             ITT      30.02620         2.252994         2.793610         182.7079         2.332000         0.000000           0
75-07-0     ethanal                  ITT      44.05300         2.391885         3.089469         223.6007         2.500000         0.000000           0
110-62-3    pentanal                 ITT      86.13340         3.345183         3.473604         247.9411         2.720000         0.000000           0
109-74-0    butanenitrile            ITT      69.11000         2.989000         3.441000         234.0400         4.070000         0.000000           0
107-12-0    propionitrile            ITT      55.07900         2.509590         3.398063         239.1528         4.050000         0.000000           0
75-52-5     nitromethane             ITT      61.04000         2.558476         3.101293         256.4569         3.460000         0.000000           0
79-24-3     nitroethane              ITT      75.06700         2.949012         3.231173         265.9610         3.230000         0.000000           0
75-05-8     acetonitrile             ITT      41.05200         2.157214         3.273015         216.8889         3.925200         0.000000           0
68-12-2     dimethylformamide        ITT      73.09000         2.269000         3.714000         331.5600         3.820000         0.000000           0
67-66-3     chloroform               ITT      119.3770         2.595700         3.429900         264.6640         1.040000         0.000000           0
111-43-3    di-n-propylether         ITT      102.1700         3.597000         3.663000         230.3200         1.210000         0.000000           0
108-05-4    vinylacetate             ITT      86.09200         3.222676         3.352786         240.4921         0.000000         0.000000           0
593-53-3    fluoromethane            ITT      34.03290         1.944948         2.968580         168.9387         1.578230         0.000000           0
75-09-2     dichloromethane          ITT      84.93200         2.268700         3.337300         269.0800         1.600000         0.000000           0
75-10-5     difluoromethane          ITT      52.02360         2.504781         2.793660         160.8936         1.978500         0.000000           0
75-46-7     trifluoromethane         ITT      70.01380         2.660393         2.829059         149.5277        0.1339963E-01     0.000000           0
56-23-5     tetrachloromethane       ITT      153.8220         2.313978         3.818015         292.8386         0.000000         0.000000           0
75-69-4     trichlorofluoromethane   ITT      137.3680         2.287934         3.690131         248.6032        0.2322554         0.000000           0
75-45-6     chlorodifluoromethane    ITT      86.46840         2.472186         3.138457         187.6664         1.049543         0.000000           0
75-37-6     1.1-difluoroethane       ITT      66.05000         2.608754         3.137583         179.5180         2.270000         0.000000           0
100-42-5    styrene                  ITT      104.1500         3.033276         3.760234         298.5129         0.000000         0.000000           0
592-84-7    butyl-formate            ITT      102.132    3.55233            3.48556       245.46         2.029580         0.000000           0
5451-92-3  nonyl-formate            ITT      172.268      5.203009       3.683975       253.8495         0.000000         0.000000           0
79-20-9     methyl-acetate            ITT      74.07900         3.132743         3.201140         233.1756         1.720000         0.000000           0
111-11-5    methyl-octanoate         ITT      158.2400         5.207400         3.606900         244.1200         0.000000         0.000000           0
110-42-9    methyl-decanoate         ITT      186.2910         6.144363         3.619773         242.0719         0.000000         0.000000           0
111-82-0    methyl-dodecanoate       ITT      214.3440         6.515300         3.740600         250.7000         0.000000         0.000000           0
124-10-7    methyl-tetradecanoate    ITT      242.3980         7.119700         3.796800         253.7700         0.000000         0.000000           0
112-39-0    methyl-hexadecanoate     ITT      270.4510         7.891000         3.814000         253.7100         0.000000         0.000000           0
112-61-8    methyl-octadecanoate     ITT      298.5040         8.875900         3.793200         250.8100         0.000000         0.000000           0
91-20-3     naphthalene              ITT      128.1740         3.383912         3.810219         328.9679         0.000000         0.000000           0
281-23-2    adamantane               ITT      136.2350         4.818972         3.471286         266.9370         0.000000         0.000000           0
630-02-4    octaeicosane             ITT      395.0000         10.63440         4.007608         262.2862         0.000000         0.000000           0
4181-95-7   tetracontane             ITT      563.1000         14.80254         4.023277         264.1046         0.000000         0.000000           0
503-17-3    2-butyne                 ITT      54.09000         2.877971         3.223628         161.5370         3.957228         0.000000           0
7783-06-4   hydrogensufide           ITT      34.08200         1.354646         3.308571         234.2489        0.9783300         2.937505           2    2B      1  1       0.1000000E-02     780.7709
107-21-1    ethanediol               ITT      62.07000         3.574546         2.805954         255.6438         2.410312         0.000000           2    2B      1  1       0.1294968         2439.634
56-81-5     glycerol                 ITT      92.09000         1.954384         3.894454         502.2100         2.680123         0.000000           2    2B      1  1       0.9570965E-03     3852.104
110-63-4    1.4-butanediol           ITT      90.12100         4.143798         3.084555         199.0090         3.927249         0.000000           2    2B      1  1       0.3000000E-01     4078.174
141-43-5    monoethanolamine         ITT      61.08300         3.342000         2.955000         289.2000        0.7760000         0.000000           2    2B      1  1       0.3000000E-01     2117.400
75-12-7     formamide                ITT      45.04000         1.738376         3.324976         362.8044         3.717396         0.000000           2    2B      1  1       0.1924001E-01     2063.302
79-09-4     propionic-acid            ITT      74.08000         1.747932         3.993392         295.9477         0.000000         0.000000           2    2B      1  1       0.3660242E-01     2668.978
79-10-7     acrylic-acid              ITT      72.06360         3.102953         3.054542         164.1156         0.000000         0.000000           2    2B      1  1       0.3362617         3065.407
142-62-1    hexanoic-acid             ITT      116.1600         5.871510         3.069470         241.4569         0.000000         0.000000           1    2B      1  1       0.3411613E-02     0.000000
624-83-9    methylisocyanate         ITT      57.05400         2.541967         3.114239         215.7129         2.998642         0.000000           0
7664-39-3   hydrogen-fluoride         ITT      20.00600         1.000300         3.176036         331.1334         1.826000         0.000000           2    2B      1  1       0.2868888E-01     348.2514
7732-18-5   water                    ITT      18.01500         1.270844         2.819792         281.9435         1.855000         3.435348           2    4C      2  2       0.4353859E-02     952.6575
7732-18-5   water_np              ITT      18.01500         1.065587         3.000683         366.5121         0.000000         0.000000           2    2B      1  1       0.034867983     2500.6706
7664-41-7  ammonia                ITT     17.030500      1.2573687      3.0687415      197.00014      1.9141572      0.0000000       2   3B   1   2 0.10000000E-01  835.93295
64-19-7     acetic-acid               ITT     60.053000      2.5696786      3.0533188      156.37724      2.5000000      0.0000000       2   3B   1   2 0.15859842      2290.2003
589-34-4    3-methylhexane    DIPPR    100.202    3.23553    3.86663    243.824    0.0    0.0     0
617-78-7    3-ethylpentane    DIPPR    100.202    3.18093    3.89033    247.377    0.0    0.0     0
590-35-2    2.2-dimethylpentane    DIPPR    100.202    2.99613    3.99165    244.257    0.0    0.0     0
565-59-3    2.3-dimethylpentane    DIPPR    100.202    3.03099    3.94208    251.367    0.0    0.0     0
108-08-7    2.4-dimethylpentane    DIPPR    100.202    3.11417    3.93875    240.075    0.0    0.0     0
562-49-2    3.3-dimethylpentane    DIPPR    100.202    2.85784    4.05157    256.113    0.0    0.0     0
464-06-2    2.2.3-trimethylbutane    DIPPR    100.202    2.73312    4.09282    258.881    0.0    0.0     0
592-27-8    2-methylheptane    DIPPR    114.229    3.65826    3.88618    242.839    0.0    0.0     0
589-81-1    3-methylheptane    DIPPR    114.229    3.60585    3.88798    245.942    0.0    0.0     0
589-53-7    4-methylheptane    DIPPR    114.229    3.61126    3.88892    244.788    0.0    0.0     0
619-99-8    3-ethylhexane    DIPPR    114.229    3.53636    3.89575    248.523    0.0    0.0     0
590-73-8    2.2-dimethylhexane    DIPPR    114.229    3.39548    3.9825    245.014    0.0    0.0     0
584-94-1    2.3-dimethylhexane    DIPPR    114.229    3.44128    3.9391    249.903    0.0    0.0     0
589-43-5    2.4-dimethylhexane    DIPPR    114.229    3.44726    3.96491    244.798    0.0    0.0     0
592-13-2    2.5-dimethylhexane    DIPPR    114.229    3.51166    3.94216    242.139    0.0    0.0     0
563-16-6    3.3-dimethylhexane    DIPPR    114.229    3.21604    4.01703    256.758    0.0    0.0     0
583-48-2    3.4-dimethylhexane    DIPPR    114.229    3.38403    3.95191    253.875    0.0    0.0     0
609-26-7    3-ethyl-2-methylpentane    DIPPR    114.229    3.30886    3.97154    255.657    0.0    0.0     0
1067-08-9    3-ethyl-3-methylpentane    DIPPR    114.229    3.10367    4.06602    266.41    0.0    0.0     0
564-02-3    2.2.3-trimethylpentane    DIPPR    114.229    3.0761    4.07549    261.506    0.0    0.0     0
540-84-1    2.2.4-trimethylpentane    DIPPR    114.229    3.13036    4.09375    250.215    0.0    0.0     0
560-21-4    2.3.3-trimethylpentane    DIPPR    114.229    3.02366    4.09762    267.692    0.0    0.0     0
565-75-3    2.3.4-trimethylpentane    DIPPR    114.229    3.20111    4.02343    258.453    0.0    0.0     0
3522-94-9    2.2.5-trimethylhexane    DIPPR    128.255    3.7061    4.00431    242.933    0.0    0.0     0
7154-80-5    3.3.5-trimethylheptane    DIPPR    142.282    3.78332    4.08286    259.431    0.0    0.0     0
16747-30-1    2.4.4-trimethylhexane    DIPPR    128.255    3.43141    4.09345    257.962    0.0    0.0     0
1067-20-5    3.3-diethylpentane    DIPPR    128.255    3.25889    4.13295    277.128    0.0    0.0     0
7154-79-2    2.2.3.3-tetramethylpentane    DIPPR    128.255    3.17693    4.15809    276.852    0.0    0.0     0
1186-53-4    2.2.3.4-tetramethylpentane    DIPPR    128.255    3.2597    4.14432    267.283    0.0    0.0     0
1070-87-7    2.2.4.4-tetramethylpentane    DIPPR    128.255    3.23242    4.17963    260.216    0.0    0.0     0
16747-38-9    2.3.3.4-tetramethylpentane    DIPPR    128.255    3.22545    4.14066    275.44    0.0    0.0     0
13475-81-5    2.2.3.3-tetramethylhexane    DIPPR    142.282    3.42302    4.19555    277.243    0.0    0.0     0
1071-81-4    2.2.5.5-tetramethylhexane    DIPPR    142.282    4.11469    3.98279    236.623    0.0    0.0     0
15869-87-1    2.2-dimethyloctane    DIPPR    142.282    4.26017    3.94541    244.532    0.0    0.0     0
629-94-7    henicosane    DIPPR    296.574    8.73458    3.92179    252.574    0.0    0.0     0
638-67-5    tricosane    DIPPR    324.627    9.35991    3.94535    254.443    0.0    0.0     0
646-31-1    n-tetracosane    DIPPR    338.654    9.77384    3.94144    253.796    0.0    0.0     0
629-99-2    pentacosane    DIPPR    352.68    10.2008    3.93981    253.222    0.0    0.0     0
5911-04-6    3-methylnonane    DIPPR    142.282    4.43597    3.88637    246.462    0.0    0.0     0
871-83-0    2-methylnonane    DIPPR    142.282    4.54247    3.86391    242.915    0.0    0.0     0
17301-94-9    4-methylnonane    DIPPR    142.282    4.38841    3.90092    246.448    0.0    0.0     0
15869-85-9    5-methylnonane    DIPPR    142.282    4.37338    3.9051    246.484    0.0    0.0     0
3221-61-2    2-methyloctane    DIPPR    128.255    4.18173    3.86055    240.096    0.0    0.0     0
2216-33-3    3-methyloctane    DIPPR    128.255    4.0207    3.88936    246.08    0.0    0.0     0
2216-34-4    4-methyloctane    DIPPR    128.255    3.99798    3.89595    245.687    0.0    0.0     0
1071-26-7    2.2-dimethylheptane    DIPPR    128.255    3.70642    4.0093    248.716    0.0    0.0     0
75-19-4    cyclopropane    DIPPR    42.0797    1.80497    3.51474    236.244    0.0    0.0     0
287-23-0    cyclobutane    DIPPR    56.1063    2.1385    3.59212    251.656    0.0    0.0     0
1638-26-2    1.1-dimethylcyclopentane    DIPPR    98.1861    2.79574    3.9386    263.76    0.0    0.0     0
1192-18-3    cis-1.2-dimethylcyclopentane    DIPPR    98.1861    2.81866    3.90846    272.324    0.0    0.0     0
822-50-4    trans-1.2-dimethylcyclopentane    DIPPR    98.1861    2.85489    3.91574    263.742    0.0    0.0     0
2532-58-3    cis-1.3-dimethylcyclopentane    DIPPR    98.1861    2.82818    3.93711    264.39    0.0    0.0     0
1759-58-6    trans-1.3-dimethylcyclopentane    DIPPR    98.1861    2.84278    3.92575    264.166    0.0    0.0     0
2040-96-2    propylcyclopentane    DIPPR    112.213    3.27037    3.89907    270.239    0.0    0.0     0
3875-51-2    isopropylcyclopentane    DIPPR    112.213    2.97091    4.02942    281.362    0.0    0.0     0
16747-50-5    1-ethyl-1-methylcyclopentane    DIPPR    112.213    2.97298    4.01422    277.734    0.0    0.0     0
2040-95-1    butylcyclopentane    DIPPR    126.239    3.59402    3.93009    271.601    0.0    0.0     0
590-66-9    1.1-dimethylcyclohexane    DIPPR    112.213    2.7781    4.11191    286.741    0.0    0.0     0
2207-01-4    cis-1.2-dimethylcyclohexane    DIPPR    112.213    2.86846    4.05139    290.081    0.0    0.0     0
6876-23-9    trans-1.2-dimethylcyclohexane    DIPPR    112.213    2.8021    4.11197    288.211    0.0    0.0     0
638-04-0    cis-1.3-dimethylcyclohexane    DIPPR    112.213    2.92951    4.0607    278.313    0.0    0.0     0
2207-03-6    trans-1.3-dimethylcyclohexane    DIPPR    112.213    2.95693    4.021    280.85    0.0    0.0     0
624-29-3    cis-1.4-dimethylcyclohexane    DIPPR    112.213    2.92414    4.0399    282.412    0.0    0.0     0
2207-04-7    trans-1.4-dimethylcyclohexane    DIPPR    112.213    2.84831    4.10622    281.977    0.0    0.0     0
1795-26-2    1-trans-3.5-trimethylcyclohexane    DIPPR    126.239    2.40165    4.52609    324.979    0.0    0.0     0
1678-92-8    propylcyclohexane    DIPPR    126.239    3.3802    4.00207    280.983    0.0    0.0     0
1678-93-9    butylcyclohexane    DIPPR    140.266    3.76714    3.99795    278.807    0.0    0.0     0
493-01-6    cis-decahydronaphthalene    DIPPR    138.25    3.13934    4.10302    321.791    0.0    0.0     0
493-02-7    trans-decahydronaphthalene    DIPPR    138.25    3.06686    4.1697    318.618    0.0    0.0     0
92-51-3    bicyclohexyl    DIPPR    166.303    3.60805    4.1964    321.614    0.0    0.0     0
1795-16-0    1-decylcyclohexane    DIPPR    224.425    6.03726    4.00262    272.198    0.0    0.0     0
291-64-5    cycloheptane    DIPPR    98.1861    2.67962    3.94154    297.18    0.0    0.0     0
292-64-8    cyclooctane    DIPPR    112.213    2.92125    3.98426    305.009    0.0    0.0     0
1072-05-5    2.6-dimethylheptane    DIPPR    128.255    4.0818    3.87683    238.28    0.0    0.0     0
16747-32-3    2.2-dimethyl-3-ethylpentane    DIPPR    128.255    3.56312    4.02388    255.413    0.0    0.0     0
1068-87-7    2.4-dimethyl-3-ethylpentane    DIPPR    128.255    3.50699    4.04438    259.585    0.0    0.0     0
590-18-1    cis-2-butene    DIPPR    56.1063    2.38366    3.56084    226.247    0.0    0.0     0
624-64-6    trans-2-butene    DIPPR    56.1063    2.3497    3.60459    224.958    0.0    0.0     0
115-11-7    isobutene    DIPPR    56.1063    2.26105    3.65783    222.679    0.500649    0.0     0
627-20-3    cis-2-pentene    DIPPR    70.1329    2.69144    3.66249    233.957    0.302188    0.0     0
646-04-8    trans-2-pentene    DIPPR    70.1329    2.69321    3.67967    233.045    0.0    0.0     0
563-46-2    2-methyl-1-butene    DIPPR    70.1329    2.62842    3.69303    232.251    0.509643    0.0     0
563-45-1    3-methyl-1-butene    DIPPR    70.1329    2.43846    3.82329    232.065    0.320775    0.0     0
513-35-9    2-methyl-2-butene    DIPPR    70.1329    2.66233    3.68048    236.597    0.338763    0.0     0
7688-21-3    cis-2-hexene    DIPPR    84.1595    2.94764    3.76004    243.382    0.304287    0.0     0
7642-09-3    cis-3-hexene    DIPPR    84.1595    2.93874    3.77213    241.759    0.338763    0.0     0
13269-52-8    trans-3-hexene    DIPPR    84.1595    3.04339    3.73143    237.498    0.0    0.0     0
763-29-1    2-methyl-1-pentene    DIPPR    84.1595    2.94003    3.76568    238.337    0.566603    0.0     0
760-20-3    3-methyl-1-pentene    DIPPR    84.1595    2.64296    3.92382    246.135    0.0    0.0     0
691-37-2    4-methyl-1-pentene    DIPPR    84.1595    2.73423    3.8811    241.097    0.0    0.0     0
625-27-4    2-methyl-2-pentene    DIPPR    84.1595    3.05618    3.70956    237.421    0.308784    0.0     0
922-62-3    cis-3-methyl-2-pentene    DIPPR    84.1595    2.91431    3.75687    244.293    0.0    0.0     0
3769-23-1    4-methyl-1-hexene    DIPPR    98.1861    3.34546    3.77992    236.635    0.0    0.0     0
691-38-3    cis-4-methyl-2-pentene    DIPPR    84.1595    2.89442    3.79682    235.701    0.0    0.0     0
760-21-4    2-ethyl-1-butene    DIPPR    84.1595    3.01987    3.71629    237.036    0.0    0.0     0
563-78-0    2.3-dimethyl-1-butene    DIPPR    84.1595    2.77425    3.8377    241.053    0.0    0.0     0
558-37-2    3.3-dimethyl-1-butene    DIPPR    84.1595    2.68074    3.90579    233.416    0.0    0.0     0
563-79-1    2.3-dimethyl-2-butene    DIPPR    84.1595    3.03309    3.69144    243.515    0.0    0.0     0
3404-71-5    2-ethyl-1-pentene    DIPPR    98.1861    3.1324    3.8625    250.727    0.0    0.0     0
592-76-7    1-heptene    DIPPR    98.1861    3.28674    3.81363    243.739    0.629559    0.0     0
6443-92-1    cis-2-heptene    DIPPR    98.1861    3.06283    3.90156    257.039    0.306385    0.0     0
14686-14-7    trans-3-heptene    DIPPR    98.1861    3.17122    3.86622    249.981    0.0    0.0     0
6094-02-6    2-methyl-1-hexene    DIPPR    98.1861    3.21134    3.83531    245.783    0.437693    0.0     0
4038-04-4    3-ethyl-1-pentene    DIPPR    98.1861    3.36183    3.7747    234.106    0.0    0.0     0
3404-61-3    3-methyl-1-hexene    DIPPR    98.1861    3.36418    3.77895    233.762    0.0    0.0     0
3404-58-8    3-ethylhex-1-ene    DIPPR    112.213    3.62257    3.83877    240.054    0.0    0.0     0
13151-05-8    4-methylhept-1-ene    DIPPR    112.213    3.53701    3.86913    244.992    0.0    0.0     0
594-56-9    2.3.3-trimethyl-1-butene    DIPPR    98.1861    2.89273    3.95784    249.454    0.0    0.0     0
7642-10-6    cis-3-heptene    DIPPR    98.1861    3.14767    3.86854    251.164    0.0    0.0     0
13389-42-9    trans-2-octene    DIPPR    112.213    3.40847    3.93126    258.404    0.0    0.0     0
107-39-1    2.4.4-trimethyl-1-pentene    DIPPR    112.213    3.07297    4.05932    255.728    0.0    0.0     0
107-40-4    2.4.4-trimethyl-2-pentene    DIPPR    112.213    3.46545    3.88044    242.306    0.0    0.0     0
1632-16-2    2-ethyl-1-hexene    DIPPR    112.213    3.44521    3.89705    253.565    0.0    0.0     0
821-95-4    1-undecene    DIPPR    154.292    4.7389    3.88987    251.688    0.539622    0.0     0
1120-36-1    1-tetradecene    DIPPR    196.372    5.78828    3.92772    255.429    0.509643    0.0     0
13360-61-7    1-pentadecene    DIPPR    210.399    6.13471    3.93812    256.298    0.419706    0.0     0
629-73-2    1-hexadecene    DIPPR    224.425    6.464    3.94963    257.337    0.308784    0.0     0
112-88-9    1-octadecene    DIPPR    252.478    7.07131    3.98522    259.465    0.368742    0.0     0
5026-76-6    6-methyl-1-heptene    DIPPR    112.213    3.58604    3.86056    243.196    0.0    0.0     0
110-83-8    cyclohexene    DIPPR    82.1436    2.52764    3.75722    282.184    0.329769    0.0     0
628-92-2    cycloheptene    DIPPR    96.1702    2.65146    3.89894    297.12    0.449685    0.0     0
7642-04-8    cis-2-octene    DIPPR    112.213    3.27578    3.97875    264.533    0.308784    0.0     0
14919-01-8    trans-3-octene    DIPPR    112.213    3.37608    3.95074    258.233    0.0    0.0     0
7642-15-1    cis-4-octene    DIPPR    112.213    3.36504    3.94316    258.465    0.0    0.0     0
14850-23-8    trans-4-octene    DIPPR    112.213    3.42046    3.93344    255.66    0.0    0.0     0
14850-22-7    cis-3-octene    DIPPR    112.213    3.33317    3.95678    259.886    0.0    0.0     0
6765-39-5    1-heptadecene    DIPPR    238.452    6.58339    4.00828    261.532    0.440691    0.0     0
18435-45-5    1-nonadecene    DIPPR    266.505    7.144    4.03881    264.016    0.359748    0.0     0
3452-07-1    eicosene    DIPPR    280.532    7.98281    3.96307    256.806    0.359748    0.0     0
16746-86-4    2.3-dimethyl-hexene    DIPPR    112.213    3.61976    3.82754    240.517    0.0    0.0     0
463-49-0    allene    DIPPR    40.0639    2.06086    3.32705    217.02    0.0    0.0     0
590-19-2    1.2-butadiene    DIPPR    54.0904    2.17856    3.59949    246.874    0.401719    0.0     0
106-99-0    1.3-butadiene    DIPPR    54.0904    2.23228    3.58812    228.474    0.0    0.0     0
591-95-7    1.2-pentadiene    DIPPR    68.117    2.70129    3.57914    241.7    0.0    0.0     0
1574-41-0    cis-1.3-pentadiene    DIPPR    68.117    2.65596    3.60271    243.299    0.500649    0.0     0
2004-70-8    trans-1.3-pentadiene    DIPPR    68.117    2.57919    3.66277    245.125    0.679993    0.0     0
591-93-5    1.4-pentadiene    DIPPR    68.117    2.58781    3.65811    230.992    0.379996    0.0     0
591-96-8    2.3-pentadiene    DIPPR    68.117    2.84585    3.51311    237.505    0.0    0.0     0
78-79-5    isoprene    DIPPR    68.117    2.47059    3.69744    244.744    0.0    0.0     0
598-25-4    3-methyl-1.2-butadiene    DIPPR    68.117    2.70042    3.58265    238.305    0.539622    0.0     0
592-45-0    1.4-hexadiene    DIPPR    82.1436    2.77219    3.79397    249.873    0.0    0.0     0
5194-51-4    trans-trans-2.4-hexadiene    DIPPR    82.1436    2.83599    3.75479    260.864    0.308784    0.0     0
513-81-5    2.3-dimethyl-1.3-butadiene    DIPPR    82.1436    2.75336    3.75634    254.704    0.509643    0.0     0
764-13-6    2.5-dimethyl-2.4-hexadiene    DIPPR    110.197    4.00606    3.63042    245.663    0.0    0.0     0
592-57-4    1.3-cyclohexadiene    DIPPR    80.1277    2.38919    3.76286    291.047    0.440691    0.0     0
629-20-9    cyclooct-1.3.5.7-tetraene    DIPPR    104.149    2.83254    3.80248    308.021    0.0    0.0     0
74-99-7    1-propyne    DIPPR    40.0639    2.45543    3.11603    205.881    0.782452    0.0     0
107-00-6    ethylacetylene    DIPPR    54.0904    2.76778    3.28986    212.823    0.809433    0.0     0
627-19-0    1-pentyne    DIPPR    68.117    2.70179    3.56708    237.875    0.809433    0.0     0
928-49-4    3-hexyne    DIPPR    82.1436    2.90473    3.70607    256.829    0.0    0.0     0
764-35-2    2-hexyne    DIPPR    82.1436    2.9657    3.67047    256.498    0.0    0.0     0
693-02-7    1-hexyne    DIPPR    82.1436    3.05621    3.63721    241.968    0.830418    0.0     0
629-05-0    1-octyne    DIPPR    110.197    3.92694    3.6733    241.789    0.959328    0.0     0
689-97-4    vinylacetylene    DIPPR    52.0746    2.62913    3.26175    218.821    0.389727    0.0     0
598-23-2    3-methyl-1-butyne    DIPPR    68.117    2.75535    3.57244    225.493    0.719496    0.0     0
98-82-8    isopropylbenzene    DIPPR    120.192    3.3639    3.8436    282.194    0.389727    0.0     0
611-14-3    o-ethyltoluene    DIPPR    120.192    3.43087    3.79892    288.803    0.560607    0.0     0
620-14-4    m-ethyltoluene    DIPPR    120.192    3.42588    3.81648    285.907    0.329769    0.0     0
622-96-8    p-ethyltoluene    DIPPR    120.192    3.43232    3.83056    285.673    0.0    0.0     0
526-73-8    1.2.3-trimethylbenzene    DIPPR    120.192    3.50764    3.75213    293.427    0.560607    0.0     0
95-63-6    1.2.4-trimethylbenzene    DIPPR    120.192    3.52781    3.77051    287.258    0.0    0.0     0
108-67-8    mesitylene    DIPPR    120.192    3.70201    3.71753    276.373    0.0    0.0     0
538-93-2    isobutylbenzene    DIPPR    134.218    3.53908    3.93774    285.657    0.311782    0.0     0
135-98-8    sec-butylbenzene    DIPPR    134.218    3.67523    3.87813    280.264    0.389727    0.0     0
98-06-6    tert-butylbenzene    DIPPR    134.218    3.57421    3.90222    281.879    0.698511    0.0     0
527-84-4    o-cymene    DIPPR    134.218    3.44901    3.94649    294.044    0.59958    0.0     0
535-77-3    m-cymene    DIPPR    134.218    3.58684    3.91166    285.303    0.359748    0.0     0
99-87-6    p-cymene    DIPPR    134.218    3.60812    3.91838    285.375    0.0    0.0     0
135-01-3    o-diethylbenzene    DIPPR    134.218    3.75687    3.8273    284.585    0.589996    0.0     0
141-93-5    m-diethylbenzene    DIPPR    134.218    3.70048    3.86545    285.038    0.359748    0.0     0
105-05-5    p-diethylbenzene    DIPPR    134.218    3.75334    3.85424    284.395    0.0    0.0     0
488-23-3    1.2.3.4-tetramethylbenzene    DIPPR    134.218    3.88964    3.76608    294.297    0.497651    0.0     0
527-53-7    1.2.3.5-tetramethylbenzene    DIPPR    134.218    3.91648    3.76832    288.373    0.0    0.0     0
95-93-2    1.2.4.5-tetramethylbenzene    DIPPR    134.218    3.88717    3.78036    288.575    0.0    0.0     0
7364-19-4    p-tert-butyl-ethylbenzene    DIPPR    162.271    4.10921    3.98926    284.04    0.0    0.0     0
1012-72-2    1.4-di-tert-butylbenzene    DIPPR    190.324    4.90005    3.96196    271.396    0.578595    0.0     0
100-18-5    p-diisopropylbenzene    DIPPR    162.271    4.6057    3.84133    267.184    0.0    0.0     0
1078-71-3    1-heptylbenzene    DIPPR    176.298    4.48792    4.0104    290.165    0.0    0.0     0
104-72-3    decylbenzene    DIPPR    218.378    5.92245    3.93582    276.39    0.0    0.0     0
84-15-1    o-terphenyl    DIPPR    230.304    5.63679    3.78552    307.552    0.0    0.0     0
101-81-5    diphenylmethane    DIPPR    168.234    4.23408    3.83673    316.187    0.77046    0.0     0
538-68-1    n-pentylbenzene    DIPPR    148.245    4.07025    3.89029    283.878    0.0    0.0     0
1077-16-3    hexylbenzene    DIPPR    162.271    4.38855    3.91785    283.481    0.0    0.0     0
2189-60-8    1-octylbenzene    DIPPR    190.324    5.12421    3.9379    280.334    0.0    0.0     0
1081-77-2    n-nonylbenzene    DIPPR    204.351    5.59773    3.91884    276.703    0.0    0.0     0
6742-54-7    n-undecylbenzene    DIPPR    232.404    6.14656    3.97467    278.116    0.0    0.0     0
123-02-4    tridecylbenzene    DIPPR    260.457    7.13701    3.92891    271.539    0.0    0.0     0
1459-10-5    tetradecylbenzene    DIPPR    274.484    7.52677    3.92843    270.382    0.0    0.0     0
123-01-3    dodecylbenzene    DIPPR    246.431    6.78065    3.91906    272.005    0.0    0.0     0
934-74-7    1-ethyl-3.5-dimethylbenzene    DIPPR    134.218    3.75923    3.84552    284.36    0.0    0.0     0
2870-04-4    2-ethyl-1.3-dimethylbenzene    DIPPR    134.218    3.79184    3.80524    287.925    0.0    0.0     0
1758-88-9    2-ethyl-1.4-dimethylbenzene    DIPPR    134.218    3.70112    3.84494    289.414    0.0    0.0     0
874-41-9    1-ethyl-2.4-dimethylbenzene    DIPPR    134.218    3.7182    3.84195    289.663    0.0    0.0     0
934-80-5    4-ethyl-1.2-dimethylbenzene    DIPPR    134.218    3.83648    3.81087    285.55    0.0    0.0     0
933-98-2    1.2-dimethyl-3-ethylbenzene    DIPPR    134.218    3.80996    3.79972    289.851    0.0    0.0     0
1074-17-5    1-methyl-2-propylbenzene    DIPPR    134.218    3.5915    3.89744    292.199    0.0    0.0     0
1074-43-7    1-methyl-3-propylbenzene    DIPPR    134.218    3.79486    3.83868    281.452    0.0    0.0     0
1074-55-1    1-methyl-4-propylbenzene    DIPPR    134.218    3.72216    3.87002    285.211    0.0    0.0     0
611-15-4    1-ethenyl-2-methyl-benzene    DIPPR    118.176    3.56362    3.68765    287.793    0.479664    0.0     0
98-83-9    alpha-methylstyrene    DIPPR    118.176    3.19031    3.82584    302.483    0.77046    0.0     0
108-57-6    m-divinyl-benzene    DIPPR    130.186    3.23712    3.93523    323.183    0.0    0.0     0
766-90-5    cis-1-propenylbenzene    DIPPR    118.176    2.98769    3.93285    323.675    0.719496    0.0     0
90-12-0    1-methylnaphthalene    DIPPR    142.197    3.48316    3.86137    341.447    0.509643    0.0     0
91-57-6    2-methylnaphthalene    DIPPR    142.197    3.15181    4.02843    358.185    0.419706    0.0     0
1127-76-0    1-ethylnaphthalene    DIPPR    156.224    3.92321    3.83676    326.863    0.0    0.0     0
95-13-6    indene    DIPPR    116.16    3.1361    3.74408    320.593    0.668532    0.0     0
120-12-7    anthracene    DIPPR    178.229    3.34057    4.16091    414.585    0.0    0.0     0
85-01-8    phenanthrene    DIPPR    178.229    3.60414    4.02256    395.653    0.0    0.0     0
83-32-9    acenaphthene    DIPPR    154.208    3.53203    3.88095    361.653    0.0    0.0     0
702-79-4    1.3-dimethyladamantane    DIPPR    164.287    3.03977    4.37804    327.8    0.0    0.0     0
832-64-4    4-methylphenanthrene    DIPPR    192.256    4.20911    3.96625    371.959    0.0    0.0     0
496-11-7    indan    DIPPR    118.176    3.06932    3.82584    319.565    0.539622    0.0     0
16219-75-3    5-ethylidinenorbornene    DIPPR    120.192    3.2363    3.83537    285.826    0.0    0.0     0
80-56-8    alpha-pinene    DIPPR    136.234    3.30103    4.0269    284.208    0.359748    0.0     0
127-91-3    beta-pinene    DIPPR    136.234    3.24367    4.04904    294.269    0.389727    0.0     0
10024-97-2    nitrous-oxide    DIPPR    44.0128    2.10462    2.76606    170.271    0.0    0.0     0
10028-15-6    ozone    DIPPR    47.9982    1.82333    2.92357    159.994    0.539622    0.0     0
7784-42-1    arsine    DIPPR    77.9454    1.09173    3.91064    282.533    0.0    0.0     0
111-71-7    heptanal    DIPPR    114.185    3.84197    3.66357    261.061    2.57819    0.0     0
66-25-1    hexanal    DIPPR    100.159    3.71416    3.5376    251.18    2.57819    0.0     0
124-13-0    octanal    DIPPR    128.212    4.55933    3.59287    250.805    2.32037    0.0     0
124-19-6    nonanal    DIPPR    142.239    5.0175    3.60097    249.084    2.57819    0.0     0
112-31-2    decanal    DIPPR    156.265    5.27311    3.6672    252.325    2.57819    0.0     0
112-44-7    undecanal    DIPPR    170.292    5.67125    3.68841    251.951    2.57819    0.0     0
112-54-9    dodecanal    DIPPR    184.318    5.82128    3.75551    256.658    2.57819    0.0     0
10486-19-8    tridecanal    DIPPR    198.345    6.29085    3.75049    254.721    2.57819    0.0     0
96-17-3    2-methylbutanal    DIPPR    86.1323    3.12198    3.55655    250.29    2.55421    0.0     0
107-02-8    acrylaldehyde    DIPPR    56.0633    2.44122    3.2961    233.307    3.11782    0.0     0
100-52-7    benzaldehyde    DIPPR    106.122    3.0256    3.61962    317.038    3.20775    0.0     0
123-08-0    4-hydroxybenzaldehyde    DIPPR    122.121    2.4493    3.90342    265.283    3.95723    0.0    2    2B    1    1    0.0670664    4226.89
108-10-1    isobutyl-methyl-ketone    DIPPR    100.159    3.46414    3.63296    250.879    2.68912    0.0     0
565-61-7    3-methyl-2-pentanone    DIPPR    100.159    3.44582    3.62235    252.411    2.77306    0.0     0
109-49-9    hex-5-en-2-one    DIPPR    98.143    3.66306    3.49449    233.639    4.37693    0.0     0
123-19-3    4-heptanone    DIPPR    114.185    3.74431    3.69222    258.806    2.50025    0.0     0
589-38-8    3-hexanone    DIPPR    100.159    3.59109    3.57416    250.626    2.86899    0.0     0
563-80-4    methylisopropyl-ketone    DIPPR    86.1323    3.18004    3.52594    247.244    2.76107    0.0     0
591-78-6    2-hexanone    DIPPR    100.159    3.59381    3.5818    254.445    2.68012    0.0     0
110-43-0    2-heptanone    DIPPR    114.185    3.96921    3.62312    255.458    2.61117    0.0     0
110-12-3    5-methyl-2-hexanone    DIPPR    114.185    4.00439    3.61035    252.538    0.0    0.0     0
75-97-8    3.3-dimethyl-2-butanone    DIPPR    100.159    3.26578    3.68972    250.981    2.74907    0.0     0
108-83-8    2.6-dimethyl-4-heptanone    DIPPR    142.239    4.52185    3.7454    245.18    2.65914    0.0     0
565-80-0    2.4-dimethyl-3-pentanone    DIPPR    114.185    3.7113    3.69743    245.549    2.73109    0.0     0
616-45-5    2-pyrrolidone    DIPPR    85.1045    3.13987    3.32736    366.097    3.08784    0.0    2    2B    1    1    0.0156622    1664.66
872-50-4    1-methyl-2-pyrrolidinone    DIPPR    99.1311    3.20076    3.50951    314.587    4.07714    0.0     0
502-56-7    5-nonanone    DIPPR    142.239    4.6108    3.71212    255.244    2.74008    0.0     0
821-55-6    2-nonanone    DIPPR    142.239    4.81477    3.66026    253.32    2.74008    0.0     0
123-54-6    pentane-2.4-dione    DIPPR    100.116    2.10337    4.11188    352.839    2.9979    0.0     0
120-92-3    cyclopentanone    DIPPR    84.1164    2.68066    3.58126    296.385    3.23773    0.0     0
119-61-9    benzophenone    DIPPR    182.218    4.54779    3.73909    329.236    2.97998    0.0     0
98-86-2    acetophenone    DIPPR    120.149    3.49567    3.61568    310.736    3.02788    0.0     0
565-69-5    ethyl-isopropyl-ketone    DIPPR    100.159    3.69624    3.52406    238.488    3.11782    0.0     0
78-83-1    2-methyl-1-propanol    DIPPR    74.1216    3.19217    3.41054    242.278    1.63985    0.0    2    2B    1    1    0.00382822    2510.2
78-92-2    sec-butyl-alcohol    DIPPR    74.1216    3.1839    3.40263    238.165    1.66084    0.0    2    2B    1    1    0.0039357    2402.64
75-65-0    tert-butyl-alcohol    DIPPR    74.1216    3.19307    3.41646    222.35    1.66983    0.0    2    2B    1    1    0.00368746    2406.29
137-32-6    2-methyl-1-butanol    DIPPR    88.148    3.27552    3.5642    238.364    1.87968    0.0    2    2B    1    1    0.0114854    2512.06
626-93-7    2-hexanol    DIPPR    102.175    3.38341    3.72578    255.117    1.65784    0.0    2    2B    1    1    0.00513015    2443.94
105-30-6    2-methyl-1-pentanol    DIPPR    102.175    5.8681    3.02878    211.689    1.48096    0.0    2    2B    1    1    0.00488118    1844.17
589-35-5    3-methylpentanol    DIPPR    102.175    5.15231    3.18788    222.385    1.48696    0.0    2    2B    1    1    0.0116375    1975.35
584-02-1    3-pentanol    DIPPR    88.1482    5.14885    3.01567    199.284    1.63985    0.0    2    2B    1    1    0.0385364    1655.06
104-76-7    2-ethyl-hexanol    DIPPR    130.228    4.35401    3.6943    255.675    1.75977    0.0    2    2B    1    1    0.00284731    2592
543-49-7    2-heptanol    DIPPR    116.201    3.48579    3.85723    261.383    1.64884    0.0    2    2B    1    1    0.00476291    2593.98
108-11-2    4-methyl-2-pentanol    DIPPR    102.175    3.82125    3.51631    193.527    1.69981    0.0    2    2B    1    1    0.121586    2249.35
123-96-6    2-octanol    DIPPR    130.228    4.31598    3.723    253.044    1.64884    0.0    2    2B    1    1    0.0034406    2518.3
112-30-1    1-decanol    DIPPR    158.281    4.47592    3.94136    275.353    1.61887    0.0    2    2B    1    1    0.00226929    2933.56
112-53-8    1-dodecanol    DIPPR    186.334    5.58433    3.8527    264.361    1.69082    0.0    2    2B    1    1    0.00435504    2666.43
112-70-9    1-tridecanol    DIPPR    200.361    5.74437    3.93839    267.739    1.64884    0.0    2    2B    1    1    0.00430516    2708.02
112-72-1    1-tetradecanol    DIPPR    214.387    6.04055    3.9446    268.904    1.54999    0.0    2    2B    1    1    0.0041179    2746.95
629-76-5    1-pentadecanol    DIPPR    228.414    6.37605    3.97093    268.453    1.64884    0.0    2    2B    1    1    0.00376008    2852.31
36653-82-4    1-hexadecanol    DIPPR    242.441    6.51853    4.00831    271.881    1.66983    0.0    2    2B    1    1    0.00339983    2929.76
97-95-0    2-ethyl-1-butanol    DIPPR    102.175    4.52782    3.33181    232.969    1.88268    0.0    2    2B    1    1    0.00398815    2299.51
2216-51-5    l-menthol    DIPPR    156.265    3.56221    4.07999    239.822    1.75077    0.0    2    2B    1    1    0.102505    2680.67
97-99-4    tetrahydrofurfuryl-alcohol    DIPPR    102.132    2.52476    3.82405    321.052    2.20046    0.0    2    2B    1    1    0.0640178    1690.36
107-18-6    allyl-alcohol    DIPPR    58.0791    3.43763    2.98486    215.111    1.59999    0.0    2    2B    1    1    0.112949    1671.83
105-67-9    2.4-xylenol    DIPPR    122.164    3.62195    3.59969    257.6    1.39103    0.0    2    2B    1    1    0.214095    2087.69
95-87-4    2.5-xylenol    DIPPR    122.164    2.6128    3.97736    243.413    1.43    0.0    2    2B    1    1    0.0662399    3330.38
95-65-8    3.4-xylenol    DIPPR    122.164    2.2295    4.20176    258.035    1.76876    0.0    2    2B    1    1    0.0391412    3763.28
108-68-9    3.5-xylenol    DIPPR    122.164    3.81207    3.56979    306.179    1.75977    0.0    2    2B    1    1    0.00825955    2086.62
108-95-2    phenol    DIPPR    94.1112    3.96086    3.14946    287.362    1.45098    0.0    2    2B    1    1    0.00491877    1600.39
95-48-7    o-cresol    DIPPR    108.138    4.17813    3.25483    282.223    1.45098    0.0    2    2B    1    1    0.00441564    1500.61
108-39-4    m-cresol    DIPPR    108.138    3.22623    3.60942    313.16    1.58889    0.0    2    2B    1    1    0.0316652    1822.39
106-44-5    p-cresol    DIPPR    108.138    4.53536    3.18425    276.657    1.55891    0.0    2    2B    1    1    0.00467089    1746.91
90-00-6    2-ethylphenol    DIPPR    122.164    4.2644    3.41421    283.794    1.5709    0.0    2    2B    1    1    0.00494658    1564.6
123-07-9    p-ethylphenol    DIPPR    122.164    1.59357    4.83642    384.216    1.78075    0.0    2    2B    1    1    0.00855085    3357.03
112-27-6    2.2'-ethylenedioxydiethanol    DIPPR    150.173    3.31028    3.93745    361.972    2.98891    0.0    2    2B    1    1    0.0047405    3044.71
57-55-6    1.2-propylene-glycol    DIPPR    76.0944    4.43533    2.85285    217.174    3.62746    0.0    2    2B    1    1    0.169382    2175.51
24800-44-0    2-(2-(2-hydroxypropoxy)propoxy-1-propyl-    DIPPR    192.253    2.26763    4.8315    232.099    0.410712    0.0    2    2B    1    1    0.0127312    5000.21
584-03-2    1.2-butanediol    DIPPR    90.121    2.56853    3.72558    327.179    2.17947    0.0    2    2B    1    1    0.0060899    3029.24
334-48-5    decanoic-acid    DIPPR    172.265    3.86195    4.19247    295.776    1.67882    0.0    2    2B    1    1    0.00499846    3691.71
107-92-6    butyric-acid    DIPPR    88.1051    2.64724    3.61133    216.415    1.64884    0.0    2    2B    1    1    0.0445972    3286.37
109-52-4    pentanoic-acid    DIPPR    102.132    3.96333    3.38471    245.7    1.60987    0.0    2    2B    1    1    0.0734754    2269.86
112-05-0    nonanoic-acid    DIPPR    158.238    3.495    4.18851    308.043    1.67882    0.0    2    2B    1    1    0.00436349    3525.43
503-74-2    isovaleric-acid    DIPPR    102.132    4.24705    3.30132    235.691    0.629994    0.0    2    2B    1    1    0.120325    1969.37
124-07-2    octanoic-acid    DIPPR    144.211    5.05177    3.53816    241.312    1.69981    0.0    2    2B    1    1    0.0609574    2700.33
112-37-8    undecanoic-acid    DIPPR    186.291    4.24054    4.16132    297.595    1.69981    0.0    2    2B    1    1    0.00458658    3600.65
143-07-7    dodecanoic-acid    DIPPR    200.318    4.63738    4.15328    291.868    1.63985    0.0    2    2B    1    1    0.00455122    3691.29
638-53-9    1-tridecanoic-acid    DIPPR    214.344    4.94548    4.15313    293.129    1.64884    0.0    2    2B    1    1    0.00407825    3684.2
544-63-8    tetradecanoic-acid    DIPPR    228.371    5.92987    3.99254    281.812    1.67882    0.0    2    2B    1    1    0.00415133    3457.55
57-10-3    hexadecanoic-acid    DIPPR    256.424    6.27363    4.08691    284.621    1.73878    0.0    2    2B    1    1    0.00376339    3632.57
57-11-4    octadecanoic-acid    DIPPR    284.477    7.02146    4.07806    280.632    1.66983    0.0    2    2B    1    1    0.00371126    3710.25
79-41-4    methacrylic-acid    DIPPR    86.0892    1.77562    4.14307    380.404    1.64884    0.0    2    2B    1    1    0.0049898    2588.91
542-55-2    isobutyl-formate    DIPPR    102.132    3.8771    3.37898    228.767    1.88998    0.0     0
638-49-3    n-pentyl-formate    DIPPR    116.158    3.96762    3.53418    246.313    1.90067    0.0     0
110-19-0    isobutyl-acetate    DIPPR    116.158    4.22109    3.45074    228.395    1.87069    0.0     0
123-92-2    isopentyl-acetate    DIPPR    130.185    4.02393    3.6708    247.775    1.79874    0.0     0
105-46-4    sec-butyl-acetate    DIPPR    116.158    4.24388    3.4391    224.597    1.8587    0.0     0
590-01-2    butyl-propionate    DIPPR    130.185    4.67542    3.47723    232.19    1.79998    0.0     0
105-66-8    propyl-n-butyrate    DIPPR    130.185    4.17247    3.62516    244.311    1.74999    0.0     0
105-54-4    ethyl-n-butyrate    DIPPR    116.158    3.43048    3.71712    258.145    1.81073    0.0     0
96-33-3    methyl-acrylate    DIPPR    86.0892    2.90062    3.44213    259.896    1.76876    0.0     0
140-88-5    ethyl-acrylate    DIPPR    100.116    3.63878    3.37977    238.859    1.96063    0.0     0
141-32-2    butyl-acrylate    DIPPR    128.169    3.47327    3.81532    273.109    1.93065    0.0     0
108-64-5    ethyl-isovalerate    DIPPR    130.185    4.13684    3.63661    240.221    1.96962    0.0     0
80-62-6    methyl-methacrylate    DIPPR    100.116    3.67605    3.35458    238.812    1.66983    0.0     0
628-63-7    pentyl-acetate    DIPPR    130.185    4.05834    3.66164    250.888    1.72079    0.0     0
103-09-3    2-ethylhexyl-acetate    DIPPR    172.265    4.94841    3.78946    251.185    1.88268    0.0     0
97-85-8    isobutyl-isobutyrate    DIPPR    144.211    4.7122    3.61286    230.335    0.0    0.0     0
120-61-6    dimethyl-terephthalate    DIPPR    194.184    4.81629    3.63894    308.889    2.29939    0.0     0
109-21-7    butyl-n-butyrate    DIPPR    144.211    4.4213    3.69495    248.082    2.05056    0.0     0
103-11-7    2-ethylhexyl-acrylate    DIPPR    184.275    4.87281    3.8834    261.728    2.83901    0.0     0
93-58-3    methyl-benzoate    DIPPR    136.148    3.82721    3.57855    295.204    2.53023    0.0     0
95-92-1    diethyl-oxalate    DIPPR    146.141    4.99898    3.33437    248.99    2.49125    0.0     0
108-20-3    isopropyl-ether    DIPPR    102.175    3.53097    3.67223    217.462    1.13021    0.0     0
1634-04-4    2-methoxy-2-methylpropane    DIPPR    88.1482    2.88232    3.73118    236.005    1.36105    0.0     0
6863-58-7    di-sec-butyl-ether    DIPPR    130.228    4.06189    3.78838    231.746    0.0    0.0     0
628-32-0    ethyl-propyl-ether    DIPPR    88.1482    3.21098    3.61916    228.566    1.15999    0.0     0
496-14-0    1.3-dihydroisobenzofuran    DIPPR    120.149    3.39496    3.58057    315.243    1.78675    0.0     0
123-91-1    1.4-dioxane    DIPPR    88.1051    2.91196    3.39242    279.108    0.0    0.0     0
637-92-3    2-ethoxy-2-methylpropane    DIPPR    102.175    3.41082    3.70767    224.71    1.22015    0.0     0
919-94-8    ethyl-tert-pentyl-ether    DIPPR    116.201    3.5658    3.80658    236.578    1.54092    0.0     0
109-87-5    methylenedioxydimethane    DIPPR    76.0944    3.24229    3.2353    218.376    0.740481    0.0     0
558-30-5    1.2-epoxy-2-methylpropane    DIPPR    72.1057    2.00531    3.86709    286.623    2.24843    0.0     0
75-21-8    oxirane    DIPPR    44.0526    2.1834    3.07957    242.403    1.88868    0.0     0
75-56-9    2-methyloxiran    DIPPR    58.0791    2.47415    3.30338    244.491    2.00859    0.0     0
109-92-2    ethyl-vinyl-ether    DIPPR    72.1057    2.72776    3.50406    233.403    0.980313    0.0     0
628-81-9    butyl-ethyl-ether    DIPPR    102.175    3.71663    3.60696    227.385    1.22015    0.0     0
110-71-4    1.2-dimethoxyethane    DIPPR    90.121    3.54049    3.36478    233.378    1.70998    0.0     0
112-73-2    bis(2-butoxyethyl)-ether    DIPPR    218.333    3.93249    4.47333    317.934    0.0    0.0     0
539-30-0    benzyl-ethyl-ether    DIPPR    136.191    3.73923    3.75718    288.678    0.0    0.0     0
100-66-3    anisole    DIPPR    108.138    3.46275    3.50419    285.034    1.36105    0.0     0
103-73-1    phenetole    DIPPR    122.164    3.87849    3.55295    275.599    1.40901    0.0     0
101-84-8    diphenyl-ether    DIPPR    170.207    3.65771    3.97356    338.1    1.16019    0.0     0
19177-04-9    benzene-1-methyl-3-(1-methylethoxy)    DIPPR    150.218    3.63286    3.95745    297.317    1.64585    0.0     0
534-15-6    1.1-dimethoxyethane    DIPPR    90.121    3.27888    3.44281    228.654    1.31908    0.0     0
107-25-5    methyl-vinyl-ether    DIPPR    58.0791    2.41257    3.37636    227.726    1.10922    0.0     0
1708-29-8    2.5-dihydrofuran    DIPPR    70.0898    2.79662    3.24655    257.8    1.54092    0.0     0
110-00-9    furan    DIPPR    68.074    2.48824    3.32434    249.156    0.659538    0.0     0
132-64-9    dibenzofuran    DIPPR    168.191    3.52209    3.94242    366.391    0.881383    0.0     0
110-05-4    bis(1.1-dimethyl-ethyl)peroxide    DIPPR    146.227    4.27812    3.80821    217.517    0.920355    0.0     0
4265-25-2    2-methylbenzofuran    DIPPR    132.159    3.40661    3.72849    314    1.62186    0.0     0
75-01-4    vinyl-chloride    DIPPR    62.4982    2.23364    3.30815    221.204    1.45098    0.0     0
75-34-3    1.1-dichloroethane    DIPPR    98.9592    2.62361    3.45354    253.384    2.05956    0.0     0
107-06-2    1.2-dichloroethane    DIPPR    98.9592    2.63963    3.41676    280.857    1.43899    0.0     0
79-00-5    1.1.2-trichloroethane    DIPPR    133.404    2.92335    3.50067    285.844    1.25012    0.0     0
71-55-6    1.1.1-trichloroethane    DIPPR    133.404    2.47545    3.75478    275.719    1.78075    0.0     0
630-20-6    1.1.1.2-tetrachloroethane    DIPPR    167.849    2.90817    3.7115    295.167    1.2891    0.0     0
79-34-5    1.1.2.2-tetrachloroethane    DIPPR    167.849    3.21358    3.55492    291.583    1.2891    0.0     0
513-36-0    isobutyl-chloride    DIPPR    92.5673    2.75193    3.67222    253.123    1.9996    0.0     0
79-01-6    trichloroethylene    DIPPR    131.388    2.37558    3.69587    299.716    0.77046    0.0     0
127-18-4    tetrachloroethylene    DIPPR    165.833    2.63949    3.75063    306.944    0.0    0.0     0
100-44-7    benzyl-chloride    DIPPR    126.583    3.27494    3.66274    311.005    1.88998    0.0     0
95-50-1    o-dichlorobenzene    DIPPR    147.002    2.92561    3.78729    328.815    2.50025    0.0     0
541-73-1    m-dichlorobenzene    DIPPR    147.002    2.7728    3.8694    335.731    1.72079    0.0     0
106-46-7    p-dichlorobenzene    DIPPR    147.002    3.01149    3.75893    322.398    0.0    0.0     0
156-59-2    cis-1.2-dichloroethylene    DIPPR    96.9433    2.33953    3.48771    276.878    1.90067    0.0     0
156-60-5    trans-1.2-dichloroethylene    DIPPR    96.9433    2.3117    3.50661    273.206    0.0    0.0     0
540-54-5    propyl-chloride    DIPPR    78.5407    2.52355    3.54658    249.12    2.05056    0.0     0
78-86-4    sec-butyl-chloride    DIPPR    92.5673    2.51217    3.80103    265.3    2.03857    0.0     0
543-59-9    1-chloropentane    DIPPR    106.594    2.74024    3.89613    282.132    2.15849    0.0     0
76-01-7    pentachloroethane    DIPPR    202.294    2.68881    3.96842    330.303    0.920355    0.0     0
75-35-4    1.1-dichloroethylene    DIPPR    96.9433    2.50926    3.41858    243.99    1.34006    0.0     0
120-82-1    1.2.4-trichlorobenzene    DIPPR    181.447    2.63393    4.07525    378.271    1.25999    0.0     0
98-87-3    dichloromethyl-benzene    DIPPR    161.029    2.41338    4.26087    394.485    2.02958    0.0     0
593-70-4    chlorofluoromethane    DIPPR    68.478    1.80675    3.37579    249.192    1.81973    0.0     0
75-71-8    dichlorodifluoromethane    DIPPR    120.914    2.2233    3.5625    205.835    0.509643    0.0     0
75-72-9    chlorotrifluoromethane    DIPPR    104.459    2.18858    3.37997    162.407    0.509643    0.0     0
76-14-2    1.2-dichlorotetrafluoroethane    DIPPR    170.921    2.76545    3.65214    202.794    0.668532    0.0     0
22410-44-2    1.1.1.2.2-pentafluoro-2-methoxy-ethane    DIPPR    150.047    3.34457    3.41513    177.71    2.46427    0.0     0
124-73-2    1.2-dibromotetrafluoroethane    DIPPR    259.823    2.68159    3.82    239.999    0.0    0.0     0
359-10-4    chlorodifluoroethylene    DIPPR    98.4791    2.54175    3.28991    200.02    1.2891    0.0     0
353-36-6    ethyl-fluoride    DIPPR    48.0595    2.17757    3.22762    191.898    1.93964    0.0     0
420-46-2    1.1.1-trifluoroethane    DIPPR    84.0404    2.48066    3.28757    161.686    2.32037    0.0     0
690-39-1    1.1.1.3.3.3-hexafluoropropane    DIPPR    152.038    3.589    3.24724    170.526    1.98161    0.0     0
116-14-3    perfluoroethylene    DIPPR    100.015    2.68537    3.09917    150.043    0.0    0.0     0
1511-62-2    bromodifluoromethane    DIPPR    130.919    2.3732    3.26842    210.608    1.49895    0.0     0
74-83-9    methyl-bromide    DIPPR    94.9385    1.92552    3.32407    254.481    1.81073    0.0     0
74-96-4    bromoethane    DIPPR    108.965    2.2636    3.48248    259.503    2.02958    0.0     0
354-33-6    pentafluoroethane    DIPPR    120.021    3.07921    3.13118    154.589    1.54092    0.0     0
79-27-6    1.1.2.2-tetrabromoethane    DIPPR    345.653    3.62296    3.59251    339.607    1.30109    0.0     0
106-94-5    1-bromopropane    DIPPR    122.992    2.45148    3.65757    273.02    2.17998    0.0     0
75-26-3    2-bromopropane    DIPPR    122.992    2.37294    3.73819    266.695    2.20998    0.0     0
109-65-9    1-bromobutane    DIPPR    137.018    2.72661    3.74686    280.555    2.07998    0.0     0
629-04-9    1-bromoheptane    DIPPR    179.098    3.8573    3.82369    276.106    2.15849    0.0     0
557-91-5    1.1-dibromoethane    DIPPR    187.861    3.22942    3.34289    263.658    2.1405    0.0     0
74-88-4    methyl-iodide    DIPPR    141.939    1.80409    3.57833    310.503    1.61887    0.0     0
75-03-6    ethyl-iodide    DIPPR    155.966    1.99505    3.78666    314.377    1.90966    0.0     0
107-08-4    propyl-iodide    DIPPR    169.992    2.2151    3.90897    319.073    2.03998    0.0     0
75-30-9    isopropyl-iodide    DIPPR    169.992    2.22983    3.91829    306.105    1.94998    0.0     0
374-07-2    1.1-dichloro-1.2.2.2-tetrafluoroethane    DIPPR    170.921    2.78558    3.63835    201.595    0.554612    0.0     0
306-83-2    1.1-dichloro-2.2.2-trifluoroethane    DIPPR    152.931    2.95252    3.49595    214.985    1.35595    0.0     0
75-43-4    dichlorofluoromethane    DIPPR    102.923    2.42362    3.34728    230.795    1.2891    0.0     0
116-15-4    perfluoropropylene    DIPPR    150.023    3.3724    3.2254    160.395    0.0    0.0     0
124-40-3    dimethylamine    DIPPR    45.0837    2.36143    3.31138    223.003    1.03128    0.0    2    2B    1    1    0.027758    919.311
75-50-3    trimethylamine    DIPPR    59.1103    2.41997    3.57883    222.919    0.611572    0.0     0
616-39-7    diethylmethylamine    DIPPR    87.1635    2.82196    3.82133    246.494    0.677525    0.0     0
109-89-7    diethylamine    DIPPR    73.1368    1.45599    4.6193    287.812    0.920355    0.0    2    2B    1    1    0.0347068    1499.63
109-73-9    butylamine    DIPPR    73.1368    1.04471    5.19569    394.897    1.39103    0.0    2    2B    1    1    0.00496044    1865.84
110-58-7    pentylamine    DIPPR    87.1634    2.47262    3.98126    232.847    1.54991    0.0    2    2B    1    1    0.136678    1689.81
78-81-9    isobutylamine    DIPPR    73.1368    2.37292    3.83955    252.016    1.26999    0.0    2    2B    1    1    0.0738168    1102.64
302-01-2    hydrazine    DIPPR    32.0452    2.42041    2.63375    230.451    1.75077    0.0    2    2B    1    1    0.307314    1915
110-96-3    2-methyl-n-(2-methylpropyl)-1-propanamin    DIPPR    129.243    2.29954    4.62752    203.888    0.0    0.0    2    2B    1    1    0.0838922    2651.69
2016-42-4    tetradecylamine    DIPPR    213.403    4.26581    4.44349    256.44    0.881383    0.0    2    2B    1    1    0.126989    2870.83
109-97-7    pyrrole    DIPPR    67.0892    2.10779    3.62113    328.541    1.84071    0.0    2    2B    1    1    0.0567918    1394.72
111-42-2    diethanolamine    DIPPR    105.136    6.57817    2.69937    208.348    0.851404    0.0    2    2B    1    1    0.347508    3157.32
124-09-4    hexamethylenediamine    DIPPR    116.205    0.999745    5.66135    196.101    1.90966    0.0    2    2B    1    1    0.0257432    4229.31
95-53-4    o-toluidine    DIPPR    107.153    3.17032    3.65975    329.083    1.60088    0.0    2    2B    1    1    0.00858342    1552.22
108-44-1    m-toluidine    DIPPR    107.153    3.82204    3.42956    302.303    1.48996    0.0    2    2B    1    1    0.00467438    1500.14
106-49-0    p-toluidine    DIPPR    107.153    4.00128    3.36706    294.66    1.31008    0.0    2    2B    1    1    0.00494028    1089.09
107-15-3    ethylenediamine    DIPPR    60.0983    2.54339    3.33121    263.167    1.90067    0.0    2    2B    1    1    0.110723    1629.14
151-56-4    ethyleneimine    DIPPR    43.0678    1.31891    3.83298    359.567    1.89998    0.0    2    2B    1    1    0.0046113    1487.69
111-92-2    dibutylamine    DIPPR    129.243    4.34584    3.74409    246.683    0.980313    0.0     0
110-89-4    piperidine    DIPPR    85.1475    2.86176    3.58983    281.76    1.18999    0.0     0
91-22-5    quinoline    DIPPR    129.159    3.22176    3.75547    354.316    2.2904    0.0     0
91-66-7    n.n-diethylaniline    DIPPR    149.233    4.77301    3.58803    270.256    1.81073    0.0     0
122-39-4    diphenylamine    DIPPR    169.222    4.61642    3.66155    327.528    1.07924    0.0     0
91-63-4    quinaldine    DIPPR    143.185    3.56091    3.79587    341.011    1.93964    0.0     0
108-03-2    1-nitropropane    DIPPR    89.0932    3.02568    3.43519    270.092    3.65744    0.0     0
123-75-1    pyrrolidine    DIPPR    71.121    1.70864    4.08599    312.855    1.57989    0.0    2    2B    1    1    0.0374609    1460.96
627-05-4    1-nitrobutane    DIPPR    103.12    3.472    3.47725    272.901    3.38763    0.0     0
74-90-8    hydrogen-cyanide    DIPPR    27.0253    2.20835    2.84857    185.48    2.97991    0.0     0
126-98-7    methacrylonitrile    DIPPR    67.0892    2.15784    3.76174    275.059    3.68742    0.0     0
99-08-1    m-nitrotoluene    DIPPR    137.136    3.16298    3.78979    337.77    4.22704    0.0     0
544-13-8    pentane-dinitrile    DIPPR    94.1145    2.83037    3.70761    410.387    3.89727    0.0     0
110-59-8    valeronitrile    DIPPR    83.1317    3.00437    3.63063    299.646    0.0    0.0     0
628-73-9    hexanenitrile    DIPPR    97.1582    3.17673    3.7483    303.872    0.0    0.0     0
110-86-1    pyridine    DIPPR    79.0999    2.61454    3.48629    303.917    2.19146    0.0     0
584-84-9    2.4-toluene-diisocyanate    DIPPR    174.156    4.64073    3.52368    297.765    2.52123    0.0     0
111-49-9    hexamethyleneimine    DIPPR    99.1741    3.42038    3.55836    275.57    0.0    0.0     0
100-61-8    methylaminobenzene    DIPPR    107.153    2.67657    3.86785    273.226    1.69082    0.0    2    2B    1    1    0.190669    2189.93
121-69-7    n.n-dimethylaniline    DIPPR    121.18    3.38752    3.7452    313.104    1.67882    0.0     0
109-06-8    2-methylpyridine    DIPPR    93.1265    3.02957    3.54094    288.335    2.03857    0.0     0
460-19-5    cyanogen    DIPPR    52.0348    2.88042    2.85648    191.657    0.0    0.0     0
74-93-1    methanethiol    DIPPR    48.1075    1.81757    3.38013    270.585    1.51994    0.0    2    2B    1    1    0.00442718    664.376
75-08-1    ethanethiol    DIPPR    62.134    2.22071    3.49679    264.919    1.57989    0.0     0
107-03-9    n-propylmercaptan    DIPPR    76.1606    1.17611    4.80943    384.324    1.54092    0.0    2    2B    1    1    0.0101676    1338.62
513-44-0    2-methyl-propanethiol    DIPPR    90.1872    2.61702    3.80318    276.664    1.52893    0.0    2    2B    1    1    0.0107054    661.905
513-53-1    butane-2-thiol    DIPPR    90.1872    2.62266    3.80053    273.756    1.60088    0.0    2    2B    1    1    0.00492307    703.306
111-31-9    1-hexanethiol    DIPPR    118.24    3.39827    3.83888    278.423    1.52893    0.0    2    2B    1    1    0.100104    287.936
1455-21-6    1-nonanethiol    DIPPR    160.32    4.30567    3.96377    280.222    1.64884    0.0    2    2B    1    1    0.00494653    1607.85
75-33-2    propane-2-thiol    DIPPR    76.1606    2.37463    3.70876    264.522    1.54991    0.0    2    2B    1    1    0.00470737    779.488
1569-69-3    cyclohexanethiol    DIPPR    116.224    2.23921    4.29133    345.035    1.63985    0.0    2    2B    1    1    0.102474    828.775
624-89-5    methyl-ethyl-sulfide    DIPPR    76.1606    2.59162    3.5699    265.691    1.55891    0.0     0
3877-15-4    methyl-propyl-sulfide    DIPPR    90.1872    2.90121    3.65573    268.467    1.51994    0.0     0
6163-64-0    methyl-tert-butyl-sulfide    DIPPR    104.214    2.86039    3.87894    269.001    1.55891    0.0     0
352-93-2    diethyl-sulfide    DIPPR    90.1872    2.78326    3.71383    271.805    1.54092    0.0     0
3698-94-0    ethylthiooctane    DIPPR    174.347    4.65681    3.96303    276.524    1.62486    0.0     0
75-18-3    dimethyl-sulfide    DIPPR    62.134    2.25337    3.46365    265.924    1.49895    0.0     0
110-02-1    thiophene    DIPPR    84.1396    2.36885    3.55279    301.506    0.539622    0.0     0
110-81-6    diethyl-disulfide    DIPPR    122.252    3.14631    3.77734    295.964    1.96063    0.0     0
5332-52-5    1-undecanethiol    DIPPR    188.373    5.05128    3.97891    276.316    1.66983    0.0    2    2B    1    1    0.00488932    1856.76
143-10-2    1-decanethiol    DIPPR    174.347    3.35132    4.46441    293.31    1.64884    0.0    2    2B    1    1    0.107106    1907.66
110-66-7    1-pentanethiol    DIPPR    104.214    3.04539    3.81143    279.005    1.51094    0.0    2    2B    1    1    0.0256449    640.906
624-92-0    dimethyl-disulfide    DIPPR    94.199    2.52805    3.62909    304.698    1.98461    0.0     0
629-19-6    dipropyl-disulfide    DIPPR    150.305    3.66614    3.90388    295.38    1.97861    0.0     0
1639-09-4    1-heptanethiol    DIPPR    132.267    3.68522    3.89348    280.848    1.55891    0.0    2    2B    1    1    0.00499706    1205.54
592-88-1    1-prop-2-enylthioprop-2-ene    DIPPR    114.209    2.72827    3.97849    309.737    0.0    0.0     0
108-98-5    phenylthiol    DIPPR    110.177    1.50419    4.68456    447.457    1.22914    0.0    2    2B    1    1    0.00476734    2103.36
110-01-0    thiacyclopentane    DIPPR    88.1713    2.44802    3.67645    321.279    1.90067    0.0     0
75-36-5    acetyl-chloride    DIPPR    78.4976    2.68944    3.24303    233.983    2.7191    0.0     0
76-02-8    trichloroacetyl-chloride    DIPPR    181.833    2.85419    3.76225    288.079    1.19916    0.0     0
98-88-4    benzoyl-chloride    DIPPR    140.567    3.17256    3.72972    320.755    3.32767    0.0     0
98-56-6    p-chlorobenzotrifluoride    DIPPR    180.555    3.59057    3.69369    263.956    1.57989    0.0     0
462-06-6    fluorobenzene    DIPPR    96.1023    2.65405    3.60691    276.441    1.59999    0.0     0
392-56-3    1.2.3.4.5.6-hexafluorobenzene    DIPPR    186.055    3.76792    3.39771    222.055    0.329997    0.0     0
105-60-2    epsilon-caprolactam    DIPPR    113.158    3.78985    3.47003    334.42    3.86729    0.0    2    2B    1    1    0.0303496    1387.31
463-58-1    carbonyl-sulfide    DIPPR    60.0751    1.61873    3.43967    236.136    0.710502    0.0     0
75-44-5    phosgene    DIPPR    98.9161    2.37388    3.32689    233.78    1.16918    0.0     0
108-65-6    propylene-glycol-monomethyl-ether-acetat    DIPPR    132.158    4.8754    3.34982    229.479    1.79874    0.0     0
88917-22-0    dipropylene-glycol-monomethyl-ether-acet    DIPPR    190.237    5.92902    3.53667    236.407    0.0    0.0     0
10035-10-6    hydrogen-bromide    DIPPR    80.9119    1.59667    3.11587    224.03    0.821425    0.0     0
10034-85-2    hydrogen-iodide    DIPPR    127.912    1.47901    3.43409    271.043    0.449685    0.0     0
1336-21-6    ammonium-hydroxide    DIPPR    35.0458    0.999593    3.89057    343.863    0.0    0.0    2    2B    1    1    0.00886527    1265.28
7719-12-2    phosphorus-trichloride    DIPPR    137.333    2.10891    3.80955    311.477    0.779454    0.0     0
3982-91-0    phosphorus-thiochloride    DIPPR    169.398    2.66437    3.75782    307.354    0.0    0.0     0
7727-18-6    vanadium-trichloride-oxide    DIPPR    173.3    1.88518    4.27659    377.97    0.0    0.0     0
4109-96-0    dichlorosilane    DIPPR    101.007    2.19881    3.62267    241.268    1.16918    0.0     0
10025-78-2    trichlorosilane    DIPPR    135.452    2.43086    3.71654    244.841    0.860397    0.0     0
10026-04-7    silicon-tetrachloride    DIPPR    169.898    2.69935    3.78216    247.911    0.0    0.0     0
7637-07-2    boron-trifluoride    DIPPR    67.8062    4.06257    2.34821    107.969    0.0    0.0     0
7791-25-5    sulfuryl-chloride    DIPPR    134.97    2.58951    3.4488    268.984    1.81073    0.0     0
7719-09-7    thionyl-chloride    DIPPR    118.97    1.84093    3.77069    340.843    1.45098    0.0     0
10294-34-5    boron-trichloride    DIPPR    117.17    2.45615    3.51665    229.705    0.0    0.0     0
999-97-3    1.1.1-trimethyl-n-(trimethylsilyl)    DIPPR    161.393    4.40163    3.93732    220.943    0.419706    0.0     0
107-46-0    hexamethyldisiloxane    DIPPR    162.378    4.09994    4.02875    213.143    0.659538    0.0     0
7783-61-1    silicon-tetrafluoride    DIPPR    104.079    3.4335    2.75499    114.041    0.0    0.0     0
141-63-9    dodecamethylpentasiloxane    DIPPR    384.839    7.23747    4.31739    211.374    0.950334    0.0     0
124-70-9    methylvinyldichlorosilane    DIPPR    141.071    2.93438    3.88102    258.254    2.2904    0.0     0
7783-54-2    nitrogen-trifluoride    DIPPR    71.0019    1.84332    3.14445    136.752    0.0    0.0     0
1590-87-0    disilane    DIPPR    62.2186    1.57375    4.1988    267.41    0.0    0.0     0
7803-62-5    silane    DIPPR    32.1173    1.30581    3.7483    186.893    0.0    0.0     0
19287-45-7    diborane    DIPPR    27.6696    1.82362    3.53846    170.512    0.0    0.0     0
75-76-3    tetramethylsilane    DIPPR    88.2236    2.66564    3.96199    221.565    0.0    0.0     0
7616-94-6    perchloryl-fluoride    DIPPR    102.45    2.18667    3.25679    197.852    0.0    0.0     0
7722-84-1    hydrogen-peroxide    DIPPR    34.0147    2.38179    2.45154    289.303    2.26042    0.0    2    2B    1    1    0.194805    1438.92
7789-20-0    deuterium-oxide    DIPPR    20.0276    2.97086    2.03006    283.031    1.77999    0.0     0
630-06-8    n-hexatriacontane    DIPPR    506.973    12.9896    4.09512    261.592    0.0    0.0     0
7146-60-3    2.3-dimethyloctane    DIPPR    142.282    4.14825    3.96805    252.749    0.0    0.0     0
4032-94-4    2.4-dimethyloctane    DIPPR    142.282    4.43769    3.88508    239.016    0.0    0.0     0
15869-89-3    2.5-dimethyloctane    DIPPR    142.282    4.26136    3.93778    245.626    0.0    0.0     0
2051-30-1    2.6-dimethyloctane    DIPPR    142.282    4.33358    3.92005    244.675    0.0    0.0     0
1072-16-8    2.7-dimethyloctane    DIPPR    142.282    4.29082    3.94038    245.501    0.0    0.0     0
620-17-7    3-ethylphenol    DIPPR    122.164    4.85117    3.27874    274.092    1.69082    0.0    2    2B    1    1    0.00640339    1582.29
60-12-8    2-phenylethanol    DIPPR    122.164    1.23911    5.2923    455.53    1.64884    0.0    2    2B    1    1    0.00499406    3335.21
122-97-4    3-benzenepropanol    DIPPR    136.191    1.66587    4.96422    379.067    1.63985    0.0    2    2B    1    1    0.00498492    3830.5
98-85-1    alpha-methylbenzyl-alcohol    DIPPR    122.164    3.05779    3.77488    226.461    1.51094    0.0    2    2B    1    1    0.079072    3227.6
616-12-6    3-methyl-trans-2-pentene    DIPPR    84.1595    3.04028    3.70192    240.801    0.0    0.0     0
3524-73-0    5-methyl-1-hexene    DIPPR    98.1861    3.37857    3.77617    234.189    0.0    0.0     0
15870-10-7    2-methyl-1-heptene    DIPPR    112.213    3.43306    3.91367    253.291    0.0    0.0     0
1002-84-2    pentadecanoic-acid    DIPPR    242.398    6.38236    3.97336    278.7    1.72079    0.0    2    2B    1    1    0.00383718    3489.36
111-14-8    heptanoic-acid    DIPPR    130.185    3.09286    4.06478    310.978    1.67882    0.0    2    2B    1    1    0.00498698    3220.37
110-94-1    glutaric-acid    DIPPR    132.115    8.68097    2.55767    262.344    2.64115    0.0    2    2B    1    1    0.00499029    1961.37
589-40-2    sec-butyl-formate    DIPPR    102.132    3.69879    3.43012    231.797    1.93964    0.0     0
540-88-5    tert-butyl-acetate    DIPPR    116.158    4.68481    3.30629    204.943    1.91866    0.0     0
547-63-7    methyl-isobutyrate    DIPPR    102.132    3.58013    3.47169    235.724    1.79874    0.0     0
97-62-1    ethyl-isobutyrate    DIPPR    116.158    3.9496    3.5391    231.213    2.06998    0.0     0
123-25-1    diethyl-succinate    DIPPR    174.194    5.73148    3.42    246.965    2.15849    0.0     0
106-63-8    isobutyl-acrylate    DIPPR    128.169    4.34621    3.52461    236.999    0.0    0.0     0
141-05-9    diethyl-maleate    DIPPR    172.178    4.8559    3.70897    270.844    2.56021    0.0     0
2315-68-6    propyl-benzoate    DIPPR    164.201    4.01151    3.83961    304.102    1.82872    0.0     0
628-71-7    1-heptyne    DIPPR    96.1702    3.39216    3.69662    245.631    0.848406    0.0     0
78-99-9    1.1-dichloropropane    DIPPR    112.986    2.78643    3.61757    267.635    2.08054    0.0     0
108-70-3    1.3.5-trichlorobenzene    DIPPR    181.447    2.96899    3.92719    348.52    0.308784    0.0     0
430-66-0    1.1.2-trifluoroethane    DIPPR    84.0404    3.16427    2.94176    193.449    1.67882    0.0     0
460-73-1    1.1.1.3.3-pentafluoropropane    DIPPR    134.048    3.59034    3.17929    184.659    1.55591    0.0     0
679-86-7    1.1.2.2.3-pentafluoropropane    DIPPR    134.048    3.53556    3.18394    193.439    1.73578    0.0     0
1814-88-6    1.1.1.2.2-pentafluoropropane    DIPPR    134.048    3.02132    3.42175    170.658    2.34136    0.0     0
431-89-0    1.1.1.2.3.3.3-heptafluoropropane    DIPPR    170.029    3.51616    3.30707    161.533    1.93964    0.0     0
431-63-0    1.1.1.2.3.3-hexafluoropropane    DIPPR    152.038    3.65874    3.19826    177.805    0.0    0.0     0
98-08-8    benzotrifluoride    DIPPR    146.11    3.26164    3.67606    247.48    2.86    0.0     0
74-95-3    dibromomethane    DIPPR    173.835    2.45887    3.37725    307.724    1.42999    0.0     0
151-67-7    1.1.1-trifluoro-2-bromo-2-chloroethane    DIPPR    197.382    2.92762    3.56197    229.76    2.06555    0.0     0
354-23-4    1.2-dichloro-1.1.2-trifluoroethane    DIPPR    152.931    2.56573    3.6831    232.613    1.30199    0.0     0
2837-89-0    2-chloro-1.1.1.2-tetrafluoroethane    DIPPR    136.476    3.00337    3.32992    183.606    1.46897    0.0     0
1717-00-6    1.1-dichloro-1-fluoroethane    DIPPR    116.95    2.47526    3.62275    238.506    2.01399    0.0     0
811-97-2    1.1.1.2-tetrafluoroethane    DIPPR    102.031    3.12095    3.05604    165.965    2.05806    0.0     0
684-16-2    hexafluoroacetone    DIPPR    166.022    3.72033    3.22143    152.684    0.647546    0.0     0
115-25-3    perfluorocyclobutane    DIPPR    200.03    3.62473    3.4033    167.257    0.0    0.0     0
76-13-1    1.1.2-trichlorotrifluoroethane    DIPPR    187.376    2.92062    3.70259    229.158    0.0    0.0     0
359-35-3    1.1.2.2-tetrafluoroethane    DIPPR    102.031    2.52068    3.26845    199.041    0.992305    0.0     0
638-45-9    1-iodohexane    DIPPR    212.072    3.21375    3.99925    307.855    1.84071    0.0     0
353-59-3    bromochlorodifluoromethane    DIPPR    165.365    2.21011    3.64681    228.991    0.845408    0.0     0
75-63-8    bromotrifluoromethane    DIPPR    148.91    2.13616    3.51086    185.41    0.650544    0.0     0
79-38-9    chlorotrifluoroethylene    DIPPR    116.47    2.56701    3.36807    191.114    0.398721    0.0     0
76-15-3    chloropentafluoroethane    DIPPR    154.466    2.75689    3.50869    170.949    0.518637    0.0     0
76-16-4    hexafluoroethane    DIPPR    138.012    2.8114    3.32206    140.296    0.0    0.0     0
75-68-3    1-chloro-1.1-difluoroethane    DIPPR    100.495    2.44879    3.48299    202.269    2.1405    0.0     0
111-26-2    hexylamine    DIPPR    101.19    3.95056    3.54341    247.309    1.58889    0.0     0
111-68-2    1-aminoheptane    DIPPR    115.217    4.00813    3.68415    258.408    1.66084    0.0     0
111-86-4    1-octylamine    DIPPR    129.243    1.16277    5.98914    428.374    1.421    0.0    2    2B    1    1    0.00592347    2771.61
112-20-9    1-nonylamine    DIPPR    143.27    3.07968    4.33559    241.377    0.89937    0.0    2    2B    1    1    0.137986    2481.38
2016-57-1    1-decylamine    DIPPR    157.296    3.60026    4.25585    251.023    1.40901    0.0    2    2B    1    1    0.157776    2222.83
109-75-1    3-butenenitrile    DIPPR    67.0892    2.73216    3.43559    277.558    3.41761    0.0     0
1003-03-8    cyclopentylamine    DIPPR    85.1475    0.999625    5.30162    440.637    0.797441    0.0    2    2B    1    1    0.00700591    1948.12
99-65-0    m-dinitrobenzene    DIPPR    168.107    3.91521    3.53364    356.137    3.83731    0.0     0
103-71-9    phenyl-isocyanate    DIPPR    119.121    2.83676    3.7696    324.518    2.41931    0.0     0
120-72-9    indole    DIPPR    117.148    3.51887    3.53017    353.073    2.08054    0.0     0
119-65-3    isoquinoline    DIPPR    129.159    3.15719    3.77829    362.565    2.48826    0.0     0
108-48-5    2.6-dimethylpyridine    DIPPR    107.153    3.48754    3.56147    274.922    1.67882    0.0     0
108-99-6    3-methylpyridine    DIPPR    93.1265    2.92353    3.58541    303.784    2.40132    0.0     0
108-89-4    4-methylpyridine    DIPPR    93.1265    2.91919    3.59175    303.424    2.58119    0.0     0
420-12-2    thiirane    DIPPR    60.1182    1.99249    3.41251    304.352    1.76876    0.0     0
628-29-5    methyl-n-butyl-sulfide    DIPPR    104.214    3.24486    3.71159    269.513    1.48996    0.0     0
14290-92-7    ethyl-tert-butyl-sulfide    DIPPR    118.24    3.19318    3.91698    265.605    1.63985    0.0     0
287-27-4    thiacyclobutane    DIPPR    74.1447    2.21277    3.55135    320.719    1.8497    0.0     0
554-14-3    2-methyl-thiophene    DIPPR    98.1661    2.79618    3.59798    291.498    0.674527    0.0     0
616-44-4    3-methylthiophene    DIPPR    98.1661    2.77789    3.60621    294.843    0.95633    0.0     0
60-35-5    acetamide    DIPPR    59.0672    2.55717    3.15717    181.638    3.74737    0.0    2    2B    1    1    0.0968614    3548.7
98-00-0    furfuryl-alcohol    DIPPR    98.0999    2.75677    3.49564    223.26    1.91866    0.0    2    2B    1    1    0.0391763    3321.11
109-86-4    2-methoxyethanol    DIPPR    76.0944    2.67557    3.45324    258.424    2.12851    0.0    2    2B    1    1    0.128178    1584.8
111-76-2    2-butoxyethanol    DIPPR    118.174    1.92142    4.65951    364.078    2.08054    0.0    2    2B    1    1    0.00499682    2497.66
111-77-3    2-(2-methoxyethoxy)ethanol    DIPPR    120.147    1.69484    4.71589    395.378    2.74907    0.0    2    2B    1    1    0.00533894    2773.99
108-43-0    m-chlorophenol    DIPPR    128.556    0.995002    5.26762    277.064    2.17048    0.0    2    2B    1    1    0.0303269    3849.42
106-48-9    p-chlorophenol    DIPPR    128.556    0.999613    5.32786    311.736    2.11052    0.0    2    2B    1    1    0.0239661    3830.5
107-07-3    2-chloroethanol    DIPPR    80.5135    1.68227    3.78477    224.125    1.77999    0.0    2    2B    1    1    0.0349642    3141.74
10025-85-1    nitrogen-trichloride    DIPPR    120.366    2.46623    3.39835    284.837    0.59958    0.0     0
7550-45-0    titanium-tetrachloride    DIPPR    189.679    2.29123    4.06561    343.017    0.0    0.0     0
10049-04-4    chlorine-dioxide    DIPPR    67.4518    2.90291    2.63661    210.041    1.78375    0.0     0
107-51-7    octamethyltrisiloxane    DIPPR    236.531    5.3243    4.12025    209.695    1.07924    0.0     0
556-69-4    octadecamethyloctasiloxane    DIPPR    607.301    9.699    4.52887    213.982    1.49895    0.0     0
631-36-7    tetraethylsilane    DIPPR    144.33    3.60456    4.12697    265.074    0.389727    0.0     0
541-01-5    hexadecamethylheptasiloxane    DIPPR    533.147    9.03131    4.44575    212.198    1.21115    0.0     0
97-72-3    2-methylpropanoyl-2-methylpropanoate    DIPPR    158.195    4.62811    3.65463    244.234    4.52683    0.0     0
3938-95-2    ethyl-2.2-dimethylpropanoate    DIPPR    130.185    3.98689    3.67879    233.661    1.92165    0.0     0
87-41-2    3-hydroisobenzofuran-1-one    DIPPR    134.132    3.11121    3.72574    375.507    4.88658    0.0     0
3822-68-2    difluoromethoxytrifluoromethane    DIPPR    136.021    3.33245    3.16064    157.113    1.49595    0.0     0
7307-55-3    1-undecaneamine    DIPPR    171.323    4.90769    3.94978    273.051    0.89937    0.0    2    2B    1    1    0.00499347    1508.6
1120-48-5    dioctylamine    DIPPR    241.456    5.77457    4.21338    267.896    1.16618    0.0    2    2B    1    1    0.150099    1620.66
260-94-6    acridine    DIPPR    179.217    3.69111    3.97901    396.633    2.14949    0.0     0
107-47-1    1-(tert-butyl-thio)-1.1-dimethylane    DIPPR    146.294    3.38109    4.13912    274.654    1.55891    0.0     0
1795-09-1    2-methylthiolane    DIPPR    102.198    2.72964    3.77634    304.927    2.21845    0.0     0
1551-27-5    2-propylthiophene    DIPPR    126.219    3.1596    3.84334    299.672    0.449685    0.0     0
6881-94-3    2-(2-propoxyethoxy)ethanol    DIPPR    148.2    4.54267    3.63221    265.446    1.48996    0.0    2    2B    1    1    0.110973    1294.92
140-29-4    phenylacetonitrile    DIPPR    117.148    3.52638    3.61388    328.939    3.50754    0.0     0
7646-78-8    tetrachlorostannane    DIPPR    260.522    2.88671    3.7993    282.321    0.0    0.0     0
7784-34-1    arsenous-trichloride    DIPPR    181.28    2.71471    3.49465    309.853    2.19146    0.0     0
78-10-4    tetraethoxysilylmethane    DIPPR    208.328    5.49824    3.76619    219.934    1.69981    0.0     0
556-68-3    hexadecamethylcyclooctasiloxane    DIPPR    593.232    8.31556    4.62906    224.693    1.96063    0.0     0
993-00-0    methylchlorosilane    DIPPR    80.5889    2.22281    3.66893    232.551    1.93065    0.0     0
75-54-7    methyldichlorosilane    DIPPR    115.034    2.26457    3.87063    258.45    1.90966    0.0     0
75-79-6    methyltrichlorosilane    DIPPR    149.479    2.24027    4.09792    280.341    1.90966    0.0     0
75-94-5    vinyltrichlorsilane    DIPPR    161.49    2.8317    3.89173    262.552    2.03857    0.0     0
10545-99-0    sulfur-dichloride    DIPPR    102.971    2.26926    3.3325    291.887    0.359748    0.0     0
7783-07-5    hydrogen-selenide    DIPPR    80.9759    1.5029    3.29359    263.584    0.0    0.0     0
992-94-9    methylsilane    DIPPR    46.1438    1.73405    3.74206    210.388    0.734486    0.0     0
1111-74-6    dimethylsilane    DIPPR    60.1704    2.15033    3.78069    215.622    0.749475    0.0     0
1066-35-9    chlorodimethylsilane    DIPPR    94.6155    2.32141    3.88951    251.511    1.2801    0.0     0
75-77-4    chlorotrimethylsilane    DIPPR    108.642    2.84702    3.83058    235.907    2.08054    0.0     0
75-78-5    dichlorodimethylsilane    DIPPR    129.061    2.91228    3.76022    244.426    1.88868    0.0     0
541-02-6    cyclopentasiloxane-decamethyl    DIPPR    370.77    6.46435    4.29094    215.149    1.34905    0.0     0
540-97-6    cyclohexasiloxane-dodecamethyl    DIPPR    444.924    7.27271    4.38551    216.808    1.55891    0.0     0
115-21-9    ethyltrichlorosilane    DIPPR    163.506    2.95289    3.90934    261.291    2.02958    0.0     0
1719-53-5    dichlorodiethylsilane    DIPPR    157.114    4.04556    3.65362    237.66    2.80004    0.0     0
98-46-4    m-nitrotrifluorotoluene    DIPPR    191.107    4.51856    3.45031    273.561    0.0    0.0     0
98-13-5    phenyltrichlorosilane    DIPPR    211.548    3.70517    3.92525    296.127    2.41031    0.0     0
149-74-6    dichloromethylphenylsilane    DIPPR    191.13    3.7205    3.93555    297.133    2.40132    0.0     0
107-52-8    tetradecamethylhexasiloxane    DIPPR    458.993    7.95331    4.42474    213.535    1.57989    0.0     0
141-62-8    decamethyltetrasiloxane    DIPPR    310.685    6.42605    4.20066    208.929    1.22015    0.0     0
78-96-6    1-amino-2-propanol    DIPPR    75.1097    1.41164    4.35717    398.67    0.0    0.0    2    2B    1    1    0.00479414    2983.19
96-34-4    methyl-chloroacetate    DIPPR    108.524    4.15211    3.04727    248.661    0.0    0.0     0
103-84-4    acetylaminobenzene    DIPPR    135.163    3.1626    3.75401    211.636    4.04716    0.0    2    2B    1    1    0.147724    4257.68
64-67-5    diethylsulfate    DIPPR    154.185    4.12717    3.5459    278.394    4.40691    0.0     0
111-15-9    2-ethoxyethyl-acetate    DIPPR    132.158    4.91922    3.33267    234.471    2.24998    0.0     0
141-97-9    ethyl-acetoacetate    DIPPR    130.142    4.33451    3.4211    264.641    2.95997    0.0     0
5878-19-3    1-methoxyacetone    DIPPR    88.1051    3.32901    3.34252    262.274    2.41031    0.0     0
696-29-7    1-methyl-ethylCyclohexane    DIPPR    126.239    3.24694    4.0461    285.842    0.0    0.0     0
696-29-7    (1-methyl-ethyl)cyclohexane    DIPPR    126.239    3.24694    4.0461    285.842    0.0    0.0     0
