ID	Shortname	MW / g mol-1	Tc / K	Pc / bar	ω	vc	zc	zRA	L RK	M RK	N RK	c (cm3.mol-1) RK	L PR	M PR	N PR	c (cm3.mol-1) PR	cpig eqnid	cpig A	cpig B	cpig C	cpig D	cpig E	cpig F	cpig G
1	1	16.0425	190.564	45.99	0.0115	0.0986	0.2860	0.2894	1.12400	1.12920	0.2170	0.9082	1.8172	2.0509	0.1473	0.9075	1.8243	-3.5604	107	33298	79933	2086.9	41602	991.96	8888	8888
2	2	30.069	305.32	48.72	0.0995	0.1455	0.2790	0.2817	1.69600	1.80224	0.2968	0.8812	1.7252	4.6079	0.3041	0.8694	1.3340	-3.6754	107	44256	84737	872.24	67130	2430.4	8888	8888
3	3	44.09562	369.83	42.48	0.1523	0.2000	0.2760	0.2774	2.23600	2.47660	0.5427	0.8811	1.1904	7.7000	0.7212	0.9076	0.7830	-3.7399	107	59474	126610	844.31	86165	2482.7	8888	8888
5	4	58.1222	425.12	37.96	0.2002	0.2550	0.2740	0.2732	2.77600	3.15096	0.3515	0.8609	1.8323	11.0274	0.4120	0.8488	1.3282	-3.4371	107	80154	162420	841.49	105750	2476.1	8888	8888
7	5	72.14878	469.7	33.7	0.2515	0.3130	0.2700	0.2679	3.31600	3.82531	0.2950	0.8513	2.2388	16.2371	0.2933	0.8366	1.8242	-1.5965	107	88050	301100	1650.2	189200	747.6	8888	8888
8	2m4	72.14878	460.4	33.8	0.2279	0.3060	0.2700	0.2710	3.31200	3.82465	0.2507	0.8548	2.3951	13.8762	0.2343	0.8384	1.9854	-3.6084	107	74600	326500	1545	192300	666.7	8888	8888
11	6	86.17536	507.6	30.25	0.3013	0.3710	0.2660	0.2633	3.85600	4.49967	0.2982	0.8491	2.4179	22.0561	0.2806	0.8357	2.0600	0.7940	107	104400	352300	1694.6	236900	761.6	8888	8888
17	7	100.20194	540.2	27.4	0.3495	0.4280	0.2610	0.2602	4.39600	5.17403	0.3529	0.8368	2.2644	27.8526	0.3643	0.8200	1.8313	3.1112	107	120150	400100	1676.6	274000	756.4	8888	8888
41	224m5	114.22852	543.8	25.7	0.3035	0.4680	0.2660	0.2671	5.00800	5.84641	0.2897	0.8524	2.5116	22.7063	0.2817	0.8367	2.0767	-4.0128	107	113900	528600	1594	335100	677.94	8888	8888
56	10	142.28168	617.7	21.1	0.4923	0.6170	0.2540	0.2517	6.01600	7.19842	0.3786	0.8255	2.5740	48.7183	0.3784	0.8105	2.1713	12.8329	107	167200	535300	1614.1	378200	742	8888	8888
77	24	338.6538	804	9.8	1.0710	1.6300	0.2390	0.2284	13.57600	16.63810	0.5559	0.8124	3.2859	183.0294	0.4691	0.8103	3.3371	89.6456	107	427180	1289100	815.29	-504180	944.98	8888	8888
104	C5	70.1329	511.7	45.1	0.1949	0.2600	0.2760	0.2691	2.70000	3.27554	0.3229	0.8496	1.8673	12.6704	0.3967	0.8269	1.2921	-1.9877	107	41600	301400	1461.7	180950	668.8	8888	8888
137	C6	84.15948	553.8	40.8	0.2081	0.3080	0.2730	0.2730	3.24000	4.04746	0.3133	0.8336	1.8785	13.3342	0.3707	0.8119	1.3579	-4.2349	107	43200	373500	1192	163500	530.1	8888	8888
138	mC6	98.18606	572.1	34.8	0.2361	0.3690	0.2700	0.2715	3.54800	4.64469	0.6317	0.8468	1.1886	17.2539	0.6890	0.8442	0.9392	-4.0869	107	92270	411500	1650.4	290060	779.48	8888	8888
201	a2	28.05316	282.34	50.41	0.0862	0.1310	0.2810	0.2825	1.48800	1.57416	0.2296	0.8729	1.9291	4.1267	0.2506	0.8535	1.3897	-3.2910	107	33380	94790	1596	55100	740.8	8888	8888
202	a3	42.07974	364.85	46	0.1376	0.1850	0.2810	0.2782	2.02400	2.24654	0.3855	0.8535	1.4709	6.8923	0.4902	0.8457	1.0060	-3.5465	107	43852	150600	1398.8	74754	616.46	8888	8888
413	1d6	82.1436	516.2	36.2	0.3327	0.3220	0.2720	0.2693	3.55600	4.21622	0.3018	0.8510	2.5330	12.8435	0.2358	0.8510	2.5334	-5.2384	107	91290	255770	1529	173700	683	8888	8888
501	B	78.11184	562.05	48.95	0.2103	0.2560	0.2680	0.2698	2.40000	3.19051	0.1919	0.8469	2.5997	13.4541	0.1348	0.8481	2.5791	-1.4388	107	55238	173380	764.25	72545	2445.7	8888	8888
502	mB	92.13842	591.75	41.08	0.2640	0.3160	0.2640	0.2641	2.96800	3.92287	0.3312	0.8448	2.0808	19.6570	0.3172	0.8302	1.7523	1.2382	107	58140	286300	1440.6	189800	650.43	8888	8888
706	tet	132.20228	720	36.5	0.3353	0.4080	0.2490	0.2597	3.64800	5.33817	0.3915	0.8388	2.0567	28.1565	0.4128	0.8260	1.6580	3.2432	107	105550	321010	782.48	143950	2433	8888	8888
901	O2	31.9988	154.58	50.43	0.0222	0.0734	0.2880	0.2899	0.94000	0.85695	0.2128	0.9011	1.8652	1.3486	0.2337	0.8896	1.3060	-2.7621	107	29103	10040	2526.5	9356	1153.8	8888	8888
905	N2	28.0134	126.2	34	0.0377	0.0892	0.2890	0.2908	1.08800	1.04153	0.1901	0.8900	2.0107	1.3475	0.1242	0.8898	2.0130	-3.6428	107	29105	8614.9	1701.6	103.47	909.79	8888	8888
908	CO	28.0101	132.92	34.99	0.0482	0.0944	0.2990	0.2903	1.11200	1.06790	0.1623	0.8778	2.1566	1.4078	0.0997	0.8782	2.1509	-3.6765	107	29108	8773	3085.1	8455.3	1538.2	8888	8888
909	CO2	44.0095	304.21	73.83	0.2236	0.0940	0.2740	0.2728	1.29200	1.29862	0.2806	0.8684	2.2782	4.1585	0.1784	0.8590	2.4107	-1.1374	107	29370	34540	1428	26400	588	8888	8888
910	SO2	64.0638	430.75	78.841	0.2454	0.1220	0.2690	0.2671	1.61200	1.69611	0.3840	0.8366	1.7943	6.9935	0.3949	0.8240	1.4643	-0.0517	107	33375	25864	932.8	10880	423.7	8888	8888
914	Ar	39.948	150.86	48.98	0.0000	0.0746	0.2910	0.2941	1.06800	1.10745	0.2020	0.9085	1.8138	0.8738	0.1227	0.9045	1.8541	-3.2933	100	20786	0.0000	0.0000	0.0000	0.0000	8888	8888
959	Xe	131.29	289.74	58.4037	0.0000	0.1180	0.2860	0.2880	1.41240	1.67568	0.3216	0.9451	1.4855	2.9153	0.1785	0.9199	1.7045	-3.7740	100	20786	0.0000	0.0000	0.0000	0.0000	8888	8888
1051	K	58.07914	508.2	47.01	0.3065	0.2090	0.2330	0.2433	2.33600	2.57350	0.3262	0.8554	2.3401	26.1497	0.3663	0.8371	1.7519	12.5392	107	57040	163200	1607	96800	731.5	8888	8888
1052	meK	72.10572	535.5	41.5	0.3234	0.2670	0.2490	0.2531	2.87600	3.24790	0.3273	0.8480	2.3524	24.8282	0.3361	0.8295	1.8817	8.5961	107	78400	210320	1548.8	118550	693	8888	8888
1053	3K5	86.1323	560.95	37.4	0.3448	0.3360	0.2690	0.2578	3.41600	3.92221	0.3648	0.8284	2.1410	24.6477	0.3461	0.8156	1.8542	5.7013	107	96896	249070	1417.7	130100	646.7	8888	8888
1071	mcNO	99.13106	721.6	45.2	0.3732	0.3100	0.2340	0.2407	3.20000	3.98088	0.3526	0.8543	2.4813	38.2720	0.2742	0.8518	2.5206	18.2102	107	73440	346700	1874.5	249100	821.5	8888	8888
1079	cK5	84.11642	624.5	46	0.2876	0.2580	0.2290	0.2469	2.57200	3.39354	0.5742	0.8508	1.4326	30.5607	1.2016	0.9943	0.6335	13.3171	107	69816	195020	807.79	92789	2435.5	8888	8888
1101	Ol1	32.04186	512.5	80.84	0.5658	0.1170	0.2220	0.2263	1.43200	1.43111	0.7619	0.9142	1.7582	16.9781	0.6650	0.9116	1.7833	9.1802	107	39252	87900	1916.5	53654	896.7	8888	8888
1102	Ol2	46.06844	514	61.37	0.6436	0.1680	0.2410	0.2377	1.97200	2.10547	0.8136	0.9028	1.7934	16.0242	0.7770	0.9043	1.6691	5.9029	107	49200	145770	1662.8	93900	744.7	8888	8888
1103	1Ol3	60.09502	536.8	51.69	0.6209	0.2190	0.2540	0.2471	2.51200	2.77983	1.0602	0.9168	1.3265	15.6881	1.1040	0.9376	1.1349	3.0740	107	61900	202130	1629.3	129560	727.4	8888	8888
1104	iOl3	60.095	508.3	47.65	0.6630	0.2220	0.2500	0.2454	2.51200	2.77990	1.3702	0.9976	1.0478	17.0320	1.3164	1.0000	0.9802	4.1020	107	73145	203130	1937.5	148150	843.37	8888	8888
1105	1Ol4	74.1216	563.1	44.14	0.5883	0.2730	0.2580	0.2523	3.04800	3.45419	1.4358	1.0000	0.9184	17.2551	1.3851	1.0000	0.8538	1.5825	107	74540	259070	1607.3	173200	712.4	8888	8888
1106	2m1Ol3	74.1216	547.8	42.95	0.5857	0.2740	0.2580	0.2492	3.04800	3.45353	1.8067	1.0000	0.6968	19.0437	1.9959	1.0000	0.5560	3.4336	107	87940	241600	1718	165400	798.7	8888	8888
1107	2Ol4	74.1216	535.9	41.885	0.5808	0.2700	0.2540	0.2522	3.04800	3.45350	2.0395	1.0000	0.6054	18.6985	2.3032	1.0000	0.4725	3.0205	107	90878	255080	1893	185200	832.13	8888	8888
1108	2m2Ol3	74.1216	506.2	39.72	0.6152	0.2750	0.2600	0.2557	3.04800	3.45287	2.4686	1.0000	0.5035	16.6563	3.1560	0.8906	0.3719	1.1488	107	90658	171370	802.01	104240	2489.7	8888	8888
1109	1Ol5	88.1482	588.1	38.97	0.5748	0.3260	0.2580	0.2536	3.59200	4.12854	1.5032	1.0000	0.8572	19.6994	1.4595	1.0000	0.7878	1.1742	107	90600	306200	1605.4	211500	717.97	8888	8888
1123	3m1Ol4	88.1482	577.2	39.3	0.5900	0.3290	0.2690	0.2551	3.47800	3.90903	1.9115	1.0000	0.6561	17.2566	2.0991	1.0000	0.5272	-0.7104	107	92139	333710	1836.1	246440	757.83	8888	8888
1167	aOl3	58.07914	545.1	56.2	0.5697	0.2080	0.2580	0.2482	2.30000	2.54977	0.6706	0.8421	1.8559	15.7122	0.8476	0.8596	1.3362	3.9580	107	58414	162170	1731.2	116200	773.05	8888	8888
1181	OlB	94.11124	694.25	61.3	0.4435	0.2290	0.2430	0.2754	2.71600	3.54647	0.2584	0.8250	3.0049	3.1734	0.1991	0.8256	2.9911	-10.9341	107	43400	244500	1152	151200	507	8888	8888
1252	xxxxx	60.052	591.95	57.86	0.4665	0.1770	0.2080	8888.0000	2.07200	2.20240	0.3777	0.8467	2.6028	34.4184	0.3043	0.8456	2.6210	21.7354	107	40200	136750	1262	70030	569.7	0.0000	0.0000
1301	mFor	60.05196	487.2	60	0.2556	0.1720	0.2550	0.2570	2.03600	2.14305	0.4365	0.8345	1.6414	14.4770	0.7820	0.8656	0.8912	4.0763	107	50600	121900	1637	89400	743	8888	8888
1302	eFor	74.07854	508.4	47.4	0.2847	0.2290	0.2570	0.2579	2.57600	2.81740	0.5466	0.8182	1.4108	18.1861	1.0861	0.9039	0.6935	4.4451	107	53700	188600	1207	86400	496	8888	8888
1303	prFor	88.10512	538	40.2	0.3088	0.2850	0.2560	0.2567	3.11600	3.49176	0.5920	0.7951	1.3482	22.9857	1.5662	1.0000	0.4908	5.9223	107	87100	244700	1925.4	188800	821.3	8888	8888
1312	mAce	74.07854	506.55	47.5	0.3313	0.2280	0.2570	0.2564	2.57600	2.80422	0.5648	0.8254	1.4988	17.9514	1.2447	0.9825	0.6548	4.4328	107	55500	178200	1260	85300	0.0000	8888	562
1313	eAce	88.10512	523.3	38.8	0.3664	0.2860	0.2550	0.2549	3.11600	3.47858	0.6536	0.8532	1.4653	22.6752	1.0052	0.9200	0.8735	5.7372	107	99810	209310	2022.6	180300	0.0000	8888	928.05
1315	buAce	116.15828	575.4	30.9	0.4394	0.3890	0.2510	0.2574	4.19600	4.82729	0.2927	0.8317	2.8701	26.4717	0.2283	0.8317	2.8709	3.2972	107	116840	376900	1956	281800	0.0000	8888	811.2
1392	e2Car	118.1311	576	33.9	0.4857	0.3560	0.2520	0.2567	3.89600	4.39684	0.4199	0.8520	2.5175	22.6412	0.3533	0.8530	2.5019	1.6629	107	95120	303360	1428.6	194530	668.2	8888	8888
1401	mOm	46.06844	400.1	53.7	0.2002	0.1700	0.2744	0.2736	1.93600	2.04614	0.5121	0.8494	1.3199	7.5304	0.6020	0.8484	0.9760	-2.1955	107	57431	94494	895.51	65065	2467.4	8888	8888
1402	eOe	74.1216	466.7	36.4	0.2811	0.2800	0.2630	0.2641	3.01600	3.39486	0.6670	0.8231	1.2031	17.3234	0.9137	0.8449	0.7998	0.8388	107	99953	170380	870.72	107460	2471.3	8888	8888
1403	iprOipr	102.17476	500.05	28.8	0.3387	0.3860	0.2670	0.2699	4.08800	4.74225	1.2124	1.0000	0.7901	15.9634	1.2730	1.0000	0.6465	-6.1126	107	109300	368300	1605.7	234200	699	8888	8888
1404	buObu	130.22792	584.1	24.6	0.4476	0.4870	0.2470	0.2586	5.17600	6.09229	0.4532	0.8290	2.1510	31.2464	0.4528	0.8149	1.8238	1.8905	107	161220	447770	1683.1	291800	781.6	8888	8888
1405	mOtbu	88.1482	497.1	32.86	0.2465	0.3290	0.2620	0.2642	3.63200	4.06790	1.2240	1.0000	0.6801	21.3400	1.3385	1.0000	0.5286	1.7479	107	98059	308940	1645.6	209850	732.6	8888	8888
1421	14Diox	88.10512	587	52.081	0.2793	0.2380	0.2540	0.2679	2.36000	3.07317	0.2161	0.8403	2.7120	12.5746	0.1971	0.8198	2.2484	-1.7643	107	68444	198020	827.93	90830	2447.1	8888	8888
1427	mOtpe	102.17476	534	30.4	0.2981	0.3860	0.2640	0.2606	4.17200	4.74225	0.2691	0.8482	2.5786	25.3206	0.2027	0.8479	2.5831	2.9760	107	117650	354600	1605	232000	726.7	8888	8888
1446	prOpr	102.17476	530.6	30.28	0.3688	0.3820	0.2620	0.2652	4.08800	4.74357	0.3257	0.8497	2.5547	18.0463	0.2793	0.8428	2.3806	-3.9336	107	120300	341230	1545.5	204800	723.2	8888	8888
1448	buOet	102.17476	531	29.9	0.3854	0.3820	0.2590	8888.0000	4.09600	4.74357	0.3294	0.8075	2.3092	20.1864	1.4781	1.0000	0.5932	-1.9043	107	127400	344000	1718	229500	800	0.0000	0.0000
1471	Epo4	72.10572	526	43.9	0.2345	0.2580	0.2590	0.2570	2.39600	2.94067	0.4555	0.8206	1.4940	22.3921	0.6675	0.8160	0.9451	6.9415	107	65300	221200	1554.6	151000	707.4	8888	8888
1479	tHyFur	72.10572	540.15	51.9	0.2254	0.2240	0.2590	0.2676	2.17200	2.86618	0.4609	0.8403	1.4945	12.8776	0.5172	0.8287	1.1418	-0.6084	107	54850	184910	833.1	89089	2458.5	8888	8888
1501	CCl4	153.8227	556.35	45.6	0.1926	0.2760	0.2720	0.2721	2.91200	3.44759	0.2022	0.8525	2.4909	12.9812	0.2174	0.8228	1.8121	-2.7606	107	37582	70540	512.1	48500	236.1	8888	8888
1511	Cl21	84.93258	510	60.8	0.1986	0.1850	0.2650	0.2633	1.99600	2.28807	0.6974	0.8397	1.0008	13.8040	1.3448	1.0000	0.4642	2.8159	107	36280	68040	1256	42750	548	8888	8888
1521	Cl31	119.37764	536.4	54.72	0.2219	0.2390	0.2930	0.2765	2.41200	2.86750	0.6193	0.8434	1.1567	8.0991	0.8473	0.8716	0.7617	-4.6795	107	39420	65730	928	49300	399.6	8888	8888
1523	12Cl2	98.95916	561.6	53.7	0.2866	0.2200	0.2530	0.2659	2.52000	2.88069	0.2803	0.8557	2.4607	12.8718	0.2198	0.8567	2.4452	-0.5534	107	65271	112540	1737.6	87800	795.45	8888	8888
1529	1122Cl2	167.84928	645	40.9	0.2467	0.3250	0.2480	0.2545	3.36800	4.12129	1.9804	0.6276	0.4698	32.2350	0.0000	0.4300	1.1100	11.8121	107	76894	105420	1420	91253	652.78	8888	8888
1541	Cl3a2	131.38834	571	49.1	0.2166	0.2560	0.2650	0.2707	2.85200	3.26829	0.5869	0.8503	1.2294	13.1621	0.6971	0.8571	0.9100	-2.0093	107	58086	73380	1232	64206	549.52	8888	8888
1571	ClB	112.5569	632.35	45.191	0.2499	0.3080	0.2650	0.2641	2.85600	3.81279	0.3383	0.8423	1.9860	19.3208	0.3599	0.8253	1.5543	1.3868	107	80110	231000	2157	204600	897.6	8888	8888
1601	R12	120.9135064	384.95	41.25	0.1797	0.2170	0.2800	0.2765	2.37600	2.62426	0.2133	0.8588	2.4139	7.9500	0.1492	0.8586	2.4165	-4.2188	107	34210	73840	620.8	44000	276	8888	8888
1604	R22	86.4684464	369.3	49.71	0.2192	0.1660	0.2690	0.2678	1.87600	2.04483	0.4493	0.8383	1.4998	9.5406	0.5065	0.8274	1.1425	-0.0993	107	34574	70901	995.73	46085	442.97	8888	8888
1614	R32	52.02339	351.255	57.84	0.2771	0.1230	0.2440	0.2440	1.46000	1.46539	0.3318	0.8589	2.2045	15.0288	0.2968	0.8542	1.9991	7.2560	107	37540	53510	866.87	22998	2437.2	8888	8888
1615	R23	70.0138496	299.01	48.162	0.2641	0.1320	0.2560	0.2569	1.60800	1.63349	0.3539	0.8548	2.0388	10.8619	0.3870	0.8427	1.5748	2.9427	107	33616	71905	1026.4	36091	467.9	8888	8888
1616	R14	88.0043	227.51	37.45	0.1790	0.1430	0.2830	0.2811	1.84000	1.80158	0.4352	0.8494	1.4376	3.5302	0.4987	0.8428	1.0753	-4.4212	107	92004	16446	1076.4	-508380000	2.3486	8888	8888
1617	R161	48.0595	375.31	50.28	0.2179	0.1590	0.2560	0.2607	1.82800	1.95254	0.4145	0.8792	1.7490	12.2235	0.4165	0.8751	1.4524	2.5788	107	49090	88880	831.07	54120	2446	8888	8888
1619	R143a	84.04043	345.88	37.64	0.2614	0.1950	0.2550	0.2565	2.22800	2.30719	0.2780	0.8581	2.4241	16.5559	0.2844	0.8435	1.9314	4.8500	107	62945	90240	743.37	34826	2513.1	8888	8888
1620	R236fa	152.038	398.07	32.192	0.3905	0.2660	0.2590	0.2645	3.30000	3.48649	0.4659	0.8182	1.9067	13.1112	0.9448	0.8718	0.9521	-2.3048	107	105150	148240	1858.2	167760	820.12	8888	8888
1622	R610	238.027	386.35	23.23	0.3664	0.3780	0.2730	0.2710	4.60000	4.83322	0.3392	0.8339	2.3797	12.6324	0.4939	0.8180	1.5247	-8.1146	107	146070	169320	1185.7	152050	666.8	8888	8888
1640	R152a	66.04997	386.44	45.198	0.2751	0.1790	0.2520	0.2534	1.99600	2.13909	0.2955	0.8587	2.3956	16.5622	0.2964	0.8463	1.9520	5.6960	107	55477	123610	835.01	-40972	1033.4	8888	8888
1646	R125	120.02136	339.165	36.199	0.3053	0.2113	0.2710	0.2669	2.52800	2.64403	0.2829	0.8505	2.5417	10.3482	0.2569	0.8429	2.2482	-1.5351	107	75521	97811	714.69	9737.5	3255.7	8888	8888
1706	e3Ami	101.19	535.15	30.4	0.3162	0.3900	0.2660	0.2690	4.25600	5.01187	0.4919	0.8439	1.6971	17.0544	0.6306	0.8435	1.1857	-5.2167	107	127660	255590	809.37	148290	2231.7	8888	8888
1710	e2Ami	73.13684	496.6	37.1	0.3039	0.3010	0.2700	0.2611	3.17200	3.68359	0.5112	0.8212	1.5510	19.6684	1.0623	0.9023	0.7363	2.6822	107	91020	267400	1719	179260	794.94	8888	8888
1741	2Ami2	60.09832	593	62.9	0.4724	0.2640	0.3370	0.2546	2.21600	2.73830	0.3064	0.8308	2.8879	14.0060	0.2359	0.8296	2.9106	2.3435	107	72860	184360	1688	119900	767.3	8888	8888
1748	BPyr	129.15858	782.15	48.6	0.3465	0.3710	0.2770	0.2768	3.06000	4.68688	0.3365	0.8564	2.4492	8.1080	0.2825	0.8527	2.3413	-12.2038	107	82530	320820	745.95	-89940	895.5	8888	8888
1760	Nit1	61.04002	588.15	63.1	0.3480	0.1730	0.2230	0.2310	1.87600	2.00857	0.3693	0.8659	2.3124	28.5796	0.2923	0.8638	2.3416	16.7596	107	47876	78357	829.6	37215	2433.8	8888	8888
1772	mCN	41.0519	545.5	48.5	0.3419	0.1930	0.2060	0.1963	1.72400	1.87010	0.5871	0.9211	1.6928	53.2912	0.5432	0.9307	1.6066	38.9177	107	44346	84650	1639.8	49487	761.47	8888	8888
1821	Tph	84.13956	579.35	56.9	0.1970	0.2190	0.2590	0.2722	2.02000	2.87014	0.2632	0.8331	2.0214	10.9362	0.3234	0.7975	1.3835	-2.2421	107	48694	123760	712.71	47248	2484.2	8888	8888
1845	tHyTph	120.17012	853	50.3	0.3823	0.3000	0.2130	0.2355	3.20000	4.03560	0.3301	0.8483	2.5768	45.0809	0.2527	0.8448	2.6046	23.8418	107	115560	202290	968.69	-1130200	28.101	8888	8888
1876	m2Fm	73.09378	649.6	44.2	0.3177	0.2620	0.2140	0.2200	2.73600	3.08570	0.3945	0.8419	2.0230	53.5364	0.3779	0.8324	1.7570	34.8754	107	72200	178300	1532	131000	762	8888	8888
1911	NH3	17.03052	405.65	112.8	0.2526	0.0725	0.2420	0.2460	0.98000	0.90969	0.2988	0.8652	2.3219	8.6398	0.2274	0.8645	2.3318	4.0306	107	33427	48980	2036	22560	882	8888	8888
1921	H2O	18.01528	647.096	220.64	0.3449	0.0559	0.2290	0.2289	0.90400	0.81543	0.4171	0.8758	2.1818	8.9670	0.3872	0.8720	1.9668	5.2711	107	33363	26790	2610.5	8896	1169	8888	8888
1922	H2S	34.08088	373.53	89.6291	0.0942	0.0985	0.2840	0.2825	1.24102	1.23401	0.1748	0.8686	2.2761	3.0181	0.1122	0.8688	2.2734	-2.5075	107	33288	26086	913.4	-17979	949.4	8888	8888
1938	CS2	76.1407	552	79	0.1107	0.1600	0.2750	0.2891	1.65000	2.05700	0.2771	0.8872	1.8956	2.1296	0.2523	0.8784	1.6011	-7.0906	107	30100	33380	896	28930	374.7	8888	8888
2082	32	450.86644	855	7.50	1.3765	2.2300	0.2360	8888.0000	17.89600	22.03032	0.7800	0.8198	3.1152	254.3245	0.6747	0.8159	3.2031	128.5944	107	567520	1707800	813.92	-665270	943.71	0.0000	0.0000
2086	36	506.97276	874	6.80	1.5260	2.5400	0.2370	8888.0000	20.05600	24.73303	0.8053	0.8052	3.4667	262.0161	0.7177	0.8051	3.4675	125.3354	107	638290	1913200	1717.3	1324500	782.75	0.0000	0.0000
2391	m2Car	90.07794	548	45	0.3846	0.2510	0.2480	0.2490	2.81600	3.04812	0.4117	0.8666	2.3035	23.3811	0.3088	0.8588	2.4135	8.1244	107	71662	189620	1423.2	122710	671.1	8888	8888
2414	1d7	96.17018	547	32.1	0.3778	0.3870	0.2730	0.2683	4.09600	4.89057	0.3692	0.8583	2.4216	15.7757	0.2893	0.8555	2.4634	-5.6551	107	107120	302580	1527.3	209750	689.62	8888	8888
2630	R227ea	170.0288624	374.83	29.116	0.3552	0.2740	0.2560	0.2650	3.44800	3.65458	0.7157	0.8700	1.3513	14.4877	1.1900	1.0000	0.7259	-1.7055	107	100100	147460	1073.6	101210	573.16	8888	8888
2640	2Br111F2Cl2	197.3815496	496	39.2	0.2750	0.2960	0.2810	0.2751	3.16000	3.56823	0.2272	0.8451	2.6304	9.9673	0.1653	0.8452	2.6271	-6.2739	107	81960	99361	1358.5	89584	649.85	8888	8888
2650	R12	102.03089	374.18	40.56	0.3269	0.1988	0.2590	0.2590	2.38000	2.47594	0.2829	0.8469	2.6001	13.8865	0.2842	0.8321	2.1218	2.2694	107	69113	97985	751.18	19309	3073.4	8888	8888
2693	R116	138.012	293.03	30.43	0.2549	0.2240	0.2800	0.2778	2.76000	2.81213	0.2585	0.8511	2.4486	5.5686	0.3898	0.8321	1.5057	-6.6994	107	76851	102730	1014.3	73629	552.24	8888	8888
2860	2mOOl2	76.09442	597.6	52.85	0.4543	0.2630	0.2800	0.2512	2.75200	3.02380	0.4183	0.8539	2.4536	18.4270	0.4467	0.8464	1.9850	4.5282	107	82782	144390	831.45	103350	2688.7	8888	8888
2862	2buOOl2	118.17416	633.9	32.7	0.5143	0.4236	0.2630	0.2535	4.37200	5.04680	0.2676	0.8167	3.1856	29.1796	0.2091	0.8151	3.1380	5.3933	107	118380	232700	699.9	172000	1959.9	8888	8888
3606	R365mfc	148.075	473.7	33.92	0.2571	0.3100	0.2670	0.2742	3.68800	3.99200	1.4359	0.4498	0.6382	13.2022	0.0000	0.4391	1.1562	-4.9886	107	116220	174000	790.37	42422	2855	8888	8888
3608	R1234yf	114.042	367.85	33.82	0.2820	0.2386	0.2640	0.2645	8888.00000	8888.00000	0.6863	0.8978	1.2821	14.3435	1.0265	1.0000	0.7569	0.4639	107	60384	116410	600.74	35160	2066.7	8888	8888
3854	1mOOl3	90.121	579.8	41.13	0.4427	0.2840	0.2420	0.2520	3.31400	3.97627	1.1931	1.0000	0.9513	23.5337	1.2018	1.0000	0.8256	5.9428	107	98050	267400	1808	192200	793.26	8888	8888
9909	CO2D	44.0095	395.473	95.979	0.4472	0.0940	0.2740	0.2728	1.29200	1.29862	0.2806	0.8684	2.2782	4.1585	0.1784	0.8590	2.4107	-1.1374	107	29370	34540	1428	26400	588	8888	8888
