37  !Akl EPPR78 PAR(1-6),ARO(7-9),NAP(10-11),CO2(12),N2(13),H2S(14),SH(15),H2O(16),Alcenes(17-20),H2(21),freons(22-27),CO(28),He(29),Ar(30),SO2(31),O2(32),NO(33),COS(34),NH3(35),NO2/N2O4(36),N2O(37)
    0.00D+0
  803.474D+0     0.00D+0
  626.30D+0   113.80D+0     0.00D+0
 1257.70D+0   391.90D+0  -251.00D+0     0.00D+0
   83.00D+0   110.00D+0   383.00D+0   902.00D+0     0.00D+0
   11.00D+0    87.00D+0   455.00D+0  1131.00D+0    29.00D+0     0.00D+0
  288.00D+0    73.00D+0   165.00D+0   497.00D+0   196.00D+0   120.00D+0     0.00D+0
  302.00D+0    15.00D+0   142.00D+0   374.00D+0   311.00D+0   198.00D+0   -48.00D+0     0.00D+0
 1821.00D+0   -52.00D+0   000.00D+0   000.00D+0   726.00D+0   000.00D+0   153.00D+0  -956.00D+0     0.00D+0
  127.00D+0    25.00D+0   213.00D+0   608.00D+0    99.00D+0    37.00D+0    84.00D+0   109.00D+0   410.00D+0     0.00D+0
  855.00D+0   185.00D+0  -352.00D+0    73.00D+0   548.00D+0   344.00D+0   376.00D+0  -289.00D+0  -289.00D+0   405.00D+0     0.00D+0
  422.00D+0   412.00D+0   559.00D+0  1100.00D+0   398.00D+0   397.00D+0   287.00D+0   450.00D+0   965.00D+0   420.00D+0   630.00D+0     0.00D+0
  111.00D+0   244.00D+0  1118.00D+0   996.00D+0    90.00D+0   179.49D+0   540.00D+0  1002.00D+0  2047.00D+0   523.00D+0   966.00D+0   332.00D+0     0.00D+0
  465.00D+0   398.00D+0   561.00D+0   964.00D+0   554.00D+0   458.10D+0    62.00D+0    28.00D+0    28.00D+0   342.00D+0   208.00D+0   394.00D+0   931.00D+0     0.00D+0
 2301.00D+0  1282.00D+0  1090.00D+0  1999.00D+0  2045.00D+0     0.00D+0   809.00D+0  2920.00D+0  2920.00D+0  1437.00D+0  1350.00D+0     0.00D+0     0.00D+0  -460.00D+0     0.00D+0
10367.00D+0 12602.00D+0  2831.00D+0     0.00D+0  6636.00D+0  6800.00D+0  6608.00D+0  1584.00D+0  3906.00D+0 12271.00D+0   711.00D+0  1630.00D+0  7500.00D+0  1760.00D+0    90.00D+0     0.00D+0
   23.00D+0   174.00D+0   431.00D+0  1069.00D+0    56.00D+0    22.00D+0    75.00D+0   285.00D+0   611.00D+0   103.00D+0   866.00D+0   213.00D+0   132.00D+0     0.00D+0     0.00D+0  4809.00D+0     0.00D+0
  142.00D+0    28.00D+0   247.00D+0   528.00D+0   142.00D+0    78.00D+0    29.00D+0  -141.00D+0  1952.00D+0   -45.00D+0   758.00D+0   177.00D+0   174.00D+0     0.00D+0     0.00D+0  6538.00D+0    43.00D+0     0.00D+0
  299.00D+0   189.00D+0   267.00D+0     0.00D+0     0.00D+0     0.00D+0   -48.00D+0  1000.00D+0     0.00D+0   465.00D+0     0.00D+0   218.00D+0  1578.00D+0     0.00D+0     0.00D+0     0.00D+0 -1510.00D+0    72.00D+0     0.00D+0
  137.00D+0   100.00D+0     0.00D+0     0.00D+0     0.00D+0     0.00D+0    11.00D+0   708.00D+0     0.00D+0    93.00D+0   441.00D+0   256.00D+0     0.00D+0     0.00D+0     0.00D+0     0.00D+0  -288.00D+0    41.00D+0    69.00D+0     0.00D+0
  507.00D+0   453.00D+0   950.00D+0  1598.00D+0   455.00D+0   401.00D+0   842.00D+0  1166.00D+0  1757.00D+0   688.00D+0  -151.00D+0   761.00D+0   190.00D+0   425.00D+0     0.00D+0  2421.00D+0   441.00D+0   512.00D+0  1811.00D+0  1343.00D+0     0.00D+0
  347.00D+0   306.00D+0     0.00D+0     0.00D+0     0.00D+0   280.00D+0     0.00D+0     0.00D+0     0.00D+0     0.00D+0     0.00D+0   369.00D+0     0.00D+0     0.00D+0     0.00D+0     0.00D+0     0.00D+0   364.00D+0     0.00D+0     0.00D+0     0.00D+0     0.00D+0     
  359.00D+0   570.00D+0  1549.00D+0  1204.00D+0     0.00D+0   254.00D+0  1982.00D+0  2136.00D+0     0.00D+0   630.00D+0     0.00D+0   456.00D+0     0.00D+0     0.00D+0     0.00D+0     0.00D+0  1320.00D+0   453.00D+0     0.00D+0  3590.00D+0     0.00D+0   -42.17D+0     0.00D+0
  170.00D+0   170.00D+0  -358.00D+0  1396.00D+0     0.00D+0   231.00D+0   -92.00D+0   -26.00D+0     0.00D+0   124.00D+0     0.00D+0   365.00D+0     0.00D+0     0.00D+0     0.00D+0     0.00D+0     0.00D+0   453.00D+0     0.00D+0     0.00D+0     0.00D+0     0.00D+0     0.00D+0     0.00D+0
  -35.81D+0     0.00D+0     0.00D+0     0.00D+0     0.00D+0   278.44D+0  -799.28D+0   229.11D+0     0.00D+0     0.00D+0     0.00D+0   105.63D+0     0.00D+0     0.00D+0     0.00D+0     0.00D+0  -386.62D+0   257.06D+0     0.00D+0     0.00D+0     0.00D+0   162.91D+0    51.14D+0     0.00D+0     0.00D+0
  374.00D+0   312.00D+0   419.00D+0     0.00D+0     0.00D+0     0.00D+0     0.00D+0     0.00D+0     0.00D+0     0.00D+0     0.00D+0   142.00D+0     0.00D+0     0.00D+0     0.00D+0     0.00D+0     0.00D+0   224.00D+0     0.00D+0     0.00D+0     0.00D+0     0.00D+0   330.00D+0   350.00D+0     0.00D+0     0.00D+0     
  462.00D+0   252.00D+0   354.00D+0     0.00D+0     0.00D+0   211.00D+0     0.00D+0     0.00D+0     0.00D+0     0.00D+0     0.00D+0    86.00D+0     0.00D+0     0.00D+0     0.00D+0     0.00D+0     0.00D+0   188.00D+0     0.00D+0     0.00D+0     0.00D+0   177.00D+0    82.00D+0   670.00D+0     0.00D+0   -12.00D+0     0.00D+0
  265.89D+0   128.21D+0     0.00D+0     0.00D+0    42.04D+0    44.93D+0   447.00D+0   366.51D+0   574.00D+0   329.67D+0     0.00D+0   256.00D+0    68.00D+0   812.00D+0     0.00D+0  2084.00D+0   246.41D+0     0.00D+0     0.00D+0     0.00D+0   221.00D+0     0.00D+0     0.00D+0     0.00D+0     0.00D+0     0.00D+0     0.00D+0     0.00D+0
 1213.26D+0  1516.90D+0  2121.78D+0     0.00D+0  1149.70D+0  1694.00D+0  2196.01D+0  2196.01D+0  2196.01D+0     0.00D+0     0.00D+0  1999.00D+0   596.68D+0     0.00D+0     0.00D+0     0.00D+0  1660.00D+0  1877.68D+0     0.00D+0     0.00D+0   404.32D+0     0.00D+0     0.00D+0     0.00D+0     0.00D+0     0.00D+0     0.00D+0   757.92D+0     0.00D+0
   32.85D+0   330.94D+0   541.36D+0  2619.79D+0    46.53D+0   127.68D+0   570.09D+0     0.00D+0     0.00D+0  3697.15D+0     0.00D+0   518.00D+0    18.91D+0     0.00D+0     0.00D+0  3489.00D+0     0.00D+0   591.47D+0     0.00D+0     0.00D+0   373.616+0     0.00D+0     0.00D+0     0.00D+0     0.00D+0     0.00D+0     0.00D+0    11.78D+0   708.47D+0     0.00D+0
  939.00D+0   163.00D+0  -204.00D+0     0.00D+0   600.00D+0     0.00D+0   108.00D+0  -573.00D+0     0.00D+0     0.00D+0     0.00D+0   160.00D+0   823.00D+0     0.00D+0     0.00D+0  1091.00D+0     0.00D+0    78.00D+0  -413.00D+0     0.00D+0     0.00D+0     0.00D+0     0.00D+0     0.00D+0     0.00D+0     0.00D+0     0.00D+0     0.00D+0     0.00D+0   874.00D+0    0.00D+0    
  251.00D+0   313.00D+0     0.00D+0     0.00D+0     0.00D+0     0.00D+0   680.00D+0   630.00D+0     0.00D+0   528.00D+0   298.00D+0   450.00D+0     7.00D+0     0.00D+0     0.00D+0  4010.00D+0     0.00D+0     0.00D+0     0.00D+0     0.00D+0     0.00D+0     0.00D+0     0.00D+0     0.00D+0     0.00D+0     0.00D+0     0.00D+0     0.00D+0     0.00D+0    14.00D+0  990.645D+0		0.00D+0	    
    0.00D+0     0.00D+0     0.00D+0     0.00D+0     0.00D+0     0.00D+0     0.00D+0     0.00D+0     0.00D+0   -80.00D+0     0.00D+0    15.00D+0   754.00D+0     0.00D+0     0.00D+0     0.00D+0     0.00D+0     0.00D+0     0.00D+0     0.00D+0     0.00D+0     0.00D+0     0.00D+0     0.00D+0     0.00D+0     0.00D+0     0.00D+0   901.00D+0     0.00D+0   323.00D+0  502.00D+0		0.00D+0		0.00D+0	
    0.00D+0     0.00D+0     0.00D+0     0.00D+0   130.00D+0     0.00D+0     0.00D+0     0.00D+0     0.00D+0     0.00D+0     0.00D+0   242.00D+0     0.00D+0   297.00D+0     0.00D+0     0.00D+0     0.00D+0     0.00D+0     0.00D+0     0.00D+0     0.00D+0     0.00D+0     0.00D+0     0.00D+0     0.00D+0     0.00D+0     0.00D+0     0.00D+0     0.00D+0     0.00D+0    0.00D+0		0.00D+0		0.00D+0		0.00D+0	
    0.00D+0     0.00D+0     0.00D+0     0.00D+0  1271.00D+0     0.00D+0     0.00D+0     0.00D+0     0.00D+0     0.00D+0     0.00D+0     0.00D+0  1707.00D+0     0.00D+0     0.00D+0 -1603.00D+0     0.00D+0     0.00D+0     0.00D+0     0.00D+0  2045.00D+0     0.00D+0     0.00D+0     0.00D+0     0.00D+0     0.00D+0     0.00D+0     0.00D+0     0.00D+0  1836.00D+0    0.00D+0	    0.00D+0		0.00D+0		0.00D+0		0.00D+0
    0.00D+0     0.00D+0     0.00D+0     0.00D+0     0.00D+0     0.00D+0     0.00D+0     0.00D+0     0.00D+0     0.00D+0     0.00D+0   364.00D+0   768.00D+0     0.00D+0     0.00D+0     0.00D+0     0.00D+0     0.00D+0     0.00D+0     0.00D+0     0.00D+0     0.00D+0     0.00D+0     0.00D+0     0.00D+0     0.00D+0     0.00D+0     0.00D+0     0.00D+0   812.00D+0    0.00D+0	  790.00D+0		0.00D+0		0.00D+0		0.00D+0		0.00D+0
    0.00D+0     0.00D+0     0.00D+0     0.00D+0   218.00D+0     0.00D+0     0.00D+0     0.00D+0     0.00D+0     0.00D+0     0.00D+0    11.00D+0   296.00D+0     0.00D+0     0.00D+0  1658.00D+0     0.00D+0     0.00D+0     0.00D+0     0.00D+0     0.00D+0     0.00D+0     0.00D+0     0.00D+0     0.00D+0     0.00D+0     0.00D+0     0.00D+0     0.00D+0     0.00D+0    0.00D+0	  350.00D+0		0.00D+0		0.00D+0		0.00D+0		0.00D+0		0.00D+0		
   0.00D+0 !Bkl EPPR78
  29.360D+0     0.00D+0
  859.30D+0   121.20D+0     0.00D+0
 1675.80D+0   536.00D+0   248.00D+0     0.00D+0
   59.00D+0   218.00D+0   459.00D+0   104.00D+0     0.00D+0
   26.00D+0   192.00D+0   282.00D+0  -655.00D+0    40.00D+0     0.00D+0
  397.00D+0   188.00D+0   378.00D+0   828.00D+0   488.00D+0   148.00D+0     0.00D+0
  302.00D+0   -22.00D+0  -260.00D+0   551.00D+0   556.00D+0   614.00D+0    48.00D+0     0.00D+0
 2256.00D+0   -12.00D+0   000.00D+0   000.00D+0  1190.00D+0   000.00D+0   732.00D+0 -1659.00D+0     0.00D+0
  175.00D+0    81.00D+0   208.00D+0   858.00D+0    16.00D+0   214.00D+0   191.00D+0   156.00D+0   809.00D+0     0.00D+0
  498.00D+0  -217.00D+0    54.00D+0   237.00D+0  1381.00D+0  -620.00D+0   107.00D+0  -564.00D+0  -564.00D+0   104.00D+0     0.00D+0
 1170.00D+0   691.00D+0  1110.00D+0   474.00D+0   626.00D+0   687.00D+0   739.00D+0  1091.00D+0   806.00D+0  1032.00D+0  -387.00D+0     0.00D+0
  257.00D+0   550.00D+0  1094.00D+0  1851.00D+0   108.00D+0   247.48D+0  1430.00D+0  4990.00D+0  5504.00D+0  1593.00D+0  1136.00D+0   619.00D+0     0.00D+0
  664.00D+0   363.00D+0  1640.00D+0  -866.00D+0   896.00D+0   632.60D+0    18.00D+0  -107.00D+0  -107.00D+0   485.00D+0  -372.00D+0   580.00D+0  1603.00D+0     0.00D+0
 5330.00D+0  1471.00D+0  1518.00D+0  4507.00D+0  3842.00D+0     0.00D+0  1310.00D+0 -2146.00D+0 -2146.00D+0  2425.00D+0  -984.00D+0     0.00D+0     0.00D+0   448.00D+0     0.00D+0
32624.00D+0 35338.00D+0  1654.00D+0     0.00D+0 13754.00D+0 15000.00D+0 18122.00D+0  1200.00D+0  -192.00D+0 37976.00D+0  -176.00D+0   810.00D+0 16000.00D+0  1746.00D+0  -331.00D+0     0.00D+0
  102.00D+0   240.00D+0  -162.00D+0  -639.00D+0    97.00D+0    61.00D+0   230.00D+0   198.00D+0 11129.00D+0   153.00D+0 -1886.00D+0   311.00D+0   270.00D+0     0.00D+0     0.00D+0  4840.00D+0     0.00D+0
  129.00D+0   148.00D+0   563.00D+0  1221.00D+0   199.00D+0   -15.00D+0    58.00D+0    81.00D+0  1718.00D+0    71.00D+0   393.00D+0   536.00D+0   662.00D+0     0.00D+0     0.00D+0 15152.00D+0    33.00D+0     0.00D+0
  758.00D+0   151.00D+0   160.00D+0     0.00D+0     0.00D+0     0.00D+0   179.00D+0  2565.00D+0     0.00D+0   410.00D+0     0.00D+0  -777.00D+0   276.00D+0     0.00D+0     0.00D+0     0.00D+0 19860.00D+0   355.00D+0     0.00D+0
  494.00D+0   149.00D+0     0.00D+0     0.00D+0     0.00D+0     0.00D+0     5.00D+0   -21.00D+0     0.00D+0   202.00D+0     8.00D+0   195.00D+0     0.00D+0     0.00D+0     0.00D+0     0.00D+0  5273.00D+0   -36.00D+0   255.00D+0     0.00D+0
  698.00D+0   702.00D+0   839.00D+0  6828.00D+0   271.00D+0   437.00D+0   551.00D+0  3500.00D+0  4264.00D+0   561.00D+0   100.00D+0   877.00D+0   204.30D+0  2400.00D+0     0.00D+0  -402.00D+0   481.00D+0  1087.00D+0  2546.00D+0  6315.00D+0     0.00D+0
  345.00D+0   380.00D+0     0.00D+0     0.00D+0     0.00D+0   360.00D+0     0.00D+0     0.00D+0     0.00D+0     0.00D+0     0.00D+0   703.00D+0     0.00D+0     0.00D+0     0.00D+0     0.00D+0     0.00D+0   640.00D+0     0.00D+0     0.00D+0     0.00D+0     0.00D+0     
  390.00D+0   580.00D+0 -5669.00D+0  2842.00D+0     0.00D+0   419.00D+0  1229.00D+0  2526.00D+0     0.00D+0  1000.00D+0     0.00D+0  -338.00D+0     0.00D+0     0.00D+0     0.00D+0     0.00D+0 -1782.00D+0   450.00D+0     0.00D+0 -1444.00D+0     0.00D+0  -253.69D+0     0.00D+0
  190.00D+0   200.00D+0  1337.00D+0  4168.00D+0     0.00D+0    44.00D+0   126.00D+0    15.00D+0     0.00D+0  -200.00D+0     0.00D+0   991.00D+0     0.00D+0     0.00D+0     0.00D+0     0.00D+0     0.00D+0   450.00D+0     0.00D+0     0.00D+0     0.00D+0     0.00D+0     0.00D+0     0.00D+0
   48.20D+0     0.00D+0     0.00D+0     0.00D+0     0.00D+0  -673.36D+0 -1199.70D+0  -314.78D+0     0.00D+0     0.00D+0     0.00D+0   185.01D+0     0.00D+0     0.00D+0     0.00D+0     0.00D+0  1598.00D+0    37.52D+0     0.00D+0     0.00D+0     0.00D+0  -563.27D+0  -271.00D+0     0.00D+0     0.00D+0
  852.00D+0   349.00D+0    46.00D+0     0.00D+0     0.00D+0     0.00D+0     0.00D+0     0.00D+0     0.00D+0     0.00D+0     0.00D+0  2189.00D+0     0.00D+0     0.00D+0     0.00D+0     0.00D+0     0.00D+0  -424.00D+0     0.00D+0     0.00D+0     0.00D+0     0.00D+0   720.00D+0   770.00D+0     0.00D+0     0.00D+0     
 1039.00D+0  -118.00D+0  -130.00D+0     0.00D+0     0.00D+0  -890.00D+0     0.00D+0     0.00D+0     0.00D+0     0.00D+0     0.00D+0   262.00D+0     0.00D+0     0.00D+0     0.00D+0     0.00D+0     0.00D+0  -122.00D+0     0.00D+0     0.00D+0     0.00D+0   634.00D+0    24.00D+0   755.00D+0     0.00D+0    12.00D+0     0.00D+0
  274.64D+0   132.73D+0     0.00D+0     0.00D+0    60.96D+0    97.06D+0   447.00D+0  -673.34D+0  -696.00D+0   418.48D+0     0.00D+0   556.00D+0   -74.01D+0  1178.00D+0     0.00D+0  -262.00D+0   -21.90D+0     0.00D+0     0.00D+0     0.00D+0   218.00D+0     0.00D+0     0.00D+0     0.00D+0     0.00D+0     0.00D+0     0.00D+0     0.00D+0
 1496.06D+0  1961.90D+0  2188.39D+0     0.00D+0  1101.73D+0  1507.00D+0  1720.80D+0  1720.80D+0  1720.80D+0     0.00D+0     0.00D+0  1630.00D+0   649.28D+0     0.00D+0     0.00D+0     0.00D+0  1564.00D+0  2004.06D+0     0.00D+0     0.00D+0   278.27D+0     0.00D+0     0.00D+0     0.00D+0     0.00D+0     0.00D+0     0.00D+0   757.35D+0     0.00D+0
  161.68D+0   674.83D+0  1848.18D+0 13565.25D+0    71.34D+0   154.75D+0  1053.04D+0     0.00D+0     0.00D+0 54396.01D+0     0.00D+0   253.00D+0    25.57D+0     0.00D+0     0.00D+0  3530.00D+0     0.00D+0   -34.32D+0     0.00D+0     0.00D+0   299.90D+0     0.00D+0     0.00D+0     0.00D+0     0.00D+0     0.00D+0     0.00D+0    23.84D+0   890.66D+0     0.00D+0
  587.00D+0   -83.00D+0   681.00D+0     0.00D+0   943.00D+0     0.00D+0   -69.00D+0 -1158.00D+0     0.00D+0     0.00D+0     0.00D+0   172.00D+0  1057.00D+0     0.00D+0     0.00D+0   433.00D+0     0.00D+0    78.00D+0  -441.00D+0     0.00D+0     0.00D+0     0.00D+0     0.00D+0     0.00D+0     0.00D+0     0.00D+0     0.00D+0     0.00D+0     0.00D+0  1032.00D+0    0.00D+0    
  255.00D+0   585.00D+0     0.00D+0     0.00D+0     0.00D+0     0.00D+0  1180.00D+0 11150.00D+0     0.00D+0   820.00D+0  2879.00D+0   320.00D+0    14.00D+0     0.00D+0     0.00D+0  4690.00D+0     0.00D+0     0.00D+0     0.00D+0     0.00D+0     0.00D+0     0.00D+0     0.00D+0     0.00D+0     0.00D+0     0.00D+0     0.00D+0     0.00D+0     0.00D+0    23.00D+0 1939.754D+0		0.00D+0	    
    0.00D+0     0.00D+0     0.00D+0     0.00D+0     0.00D+0     0.00D+0     0.00D+0     0.00D+0     0.00D+0   146.00D+0     0.00D+0   141.00D+0   293.00D+0     0.00D+0     0.00D+0     0.00D+0     0.00D+0     0.00D+0     0.00D+0     0.00D+0     0.00D+0     0.00D+0     0.00D+0     0.00D+0     0.00D+0     0.00D+0     0.00D+0    84.00D+0     0.00D+0   453.00D+0 3914.00D+0		0.00D+0		0.00D+0
	0.00D+0     0.00D+0     0.00D+0     0.00D+0  -277.00D+0     0.00D+0     0.00D+0     0.00D+0     0.00D+0     0.00D+0     0.00D+0   483.00D+0     0.00D+0   286.00D+0     0.00D+0     0.00D+0     0.00D+0     0.00D+0     0.00D+0     0.00D+0     0.00D+0     0.00D+0     0.00D+0     0.00D+0     0.00D+0     0.00D+0     0.00D+0     0.00D+0     0.00D+0     0.00D+0    0.00D+0		0.00D+0		0.00D+0		0.00D+0
	0.00D+0     0.00D+0     0.00D+0     0.00D+0  2794.00D+0     0.00D+0     0.00D+0     0.00D+0     0.00D+0     0.00D+0     0.00D+0     0.00D+0  2947.00D+0     0.00D+0     0.00D+0 -4092.00D+0     0.00D+0     0.00D+0     0.00D+0     0.00D+0  2714.00D+0     0.00D+0     0.00D+0     0.00D+0     0.00D+0     0.00D+0     0.00D+0     0.00D+0     0.00D+0  5228.00D+0    0.00D+0	    0.00D+0		0.00D+0		0.00D+0		0.00D+0
    0.00D+0     0.00D+0     0.00D+0     0.00D+0     0.00D+0     0.00D+0     0.00D+0     0.00D+0     0.00D+0     0.00D+0     0.00D+0   704.00D+0   746.00D+0     0.00D+0     0.00D+0     0.00D+0     0.00D+0     0.00D+0     0.00D+0     0.00D+0     0.00D+0     0.00D+0     0.00D+0     0.00D+0     0.00D+0     0.00D+0     0.00D+0     0.00D+0     0.00D+0   800.00D+0    0.00D+0	 1056.00D+0		0.00D+0		0.00D+0		0.00D+0		0.00D+0
    0.00D+0     0.00D+0     0.00D+0     0.00D+0   312.00D+0     0.00D+0     0.00D+0     0.00D+0     0.00D+0     0.00D+0     0.00D+0    41.00D+0   673.00D+0     0.00D+0     0.00D+0  -422.00D+0     0.00D+0     0.00D+0     0.00D+0     0.00D+0     0.00D+0     0.00D+0     0.00D+0     0.00D+0     0.00D+0     0.00D+0     0.00D+0     0.00D+0     0.00D+0     0.00D+0    0.00D+0	  308.00D+0		0.00D+0		0.00D+0		0.00D+0		0.00D+0		0.00D+0
	
	
	Il s'agit des valeurs PUBLIEES. Les derniers updates ont été faits par Peter pour la publi sur les CCS.