21   !P,A,N,CO2,N2,H2S,SH,H2O,Alcenes,H2
     0.00d+0     !Akl de PPR78 (these de Junwei p44 + nouveaux mercaptans).
   218.00d+0     0.00d+0
   762.00d+0   150.00d+0     0.00d+0
  1156.00d+0   258.00d+0  -891.00d+0     0.00d+0
    96.00d+0   107.00d+0   423.00d+0   769.00d+0     0.00d+0
    25.00d+0    91.00d+0   508.00d+0   971.00d+0    38.00d+0     0.00d+0
   263.00d+0    86.78d+0   301.00d+0   463.00d+0   196.00d+0   120.00d+0     0.00d+0
   183.00d+0    11.00d+0    18.00d+0   232.00d+0   406.00d+0    -9.00d+0   -39.00d+0     0.00d+0
   183.00d+0    11.00d+0    18.00d+0   232.00d+0   406.00d+0    -9.00d+0   -39.00d+0     0.00d+0     0.00d+0
   117.67d+0    37.25d+0   297.00d+0   516.00d+0   106.00d+0    25.00d+0    85.00d+0   100.00d+0   100.00d+0     0.00d+0
   287.00d+0  -160.00d+0  -660.00d+0    52.00d+0   117.00d+0    30.00d+0   -77.00d+0  -308.00d+0  -308.00d+0  -146.00d+0     0.00d+0
   478.00d+0   399.00d+0   537.00d+0   839.00d+0   400.00d+0   395.00d+0   299.00d+0   321.00d+0   779.00d+0   379.00d+0   266.00d+0     0.00d+0
   153.70d+0   239.77d+0  1064.80d+0   769.12d+0   110.44d+0   179.49d+0   539.59d+0   827.71d+0  2092.57d+0   523.00d+0   294.00d+0   286.81d+0     0.00d+0
   461.60d+0   392.30d+0   565.00d+0   889.00d+0   528.00d+0   458.10d+0    64.00d+0     3.00d+0     3.00d+0   352.00d+0   -47.00d+0   393.00d+0   931.00d+0     0.00d+0
  2331.00d+0  1339.00d+0  1240.00d+0  1990.00d+0  2052.20d+0     0.00d+0   831.97d+0  3122.60d+0  3122.60d+0  1300.00d+0  1200.00d+0  1368.50d+0  3042.40d+0  -225.00d+0     0.00d+0
 10367.00d+0 12602.00d+0  2831.00d+0     0.00d+0  6600.00d+0  6800.00d+0  6608.00d+0  1584.00d+0  3906.00d+0 12271.00d+0   711.00d+0  1630.00d+0  7500.00d+0  1760.00d+0    90.00d+0     0.00d+0
    21.00d+0   174.00d+0   515.00d+0   931.00d+0    42.80d+0    22.00d+0    59.00d+0   190.00d+0   580.00d+0   103.00d+0  -112.00d+0   213.00d+0   258.00d+0     0.00d+0     0.00d+0  4757.00d+0     0.00d+0
   158.00d+0    34.00d+0   345.00d+0   148.00d+0   154.00d+0    77.00d+0    25.00d+0  -206.00d+0     0.00d+0    79.00d+0     0.00d+0   174.00d+0   365.00d+0     0.00d+0     0.00d+0  6538.00d+0    50.00d+0     0.00d+0
   337.00d+0   176.00d+0   302.00d+0     0.00d+0     0.00d+0     0.00d+0     3.00d+0   634.00d+0     0.00d+0   -87.00d+0     0.00d+0    69.00d+0  1328.00d+0     0.00d+0     0.00d+0     0.00d+0   -38.00d+0    63.00d+0     0.00d+0
   516.00d+0     0.00d+0   114.00d+0     0.00d+0     0.00d+0     0.00d+0    18.00d+0    10.00d+0     0.00d+0   150.00d+0   -85.00d+0   256.00d+0     0.00d+0     0.00d+0     0.00d+0     0.00d+0  -131.00d+0   349.00d+0 -1145.00d+0     0.00d+0
   591.00d+0   386.00d+0  1210.00d+0   660.00d+0   455.00d+0   401.00d+0   830.00d+0  1100.00d+0  1600.00d+0   676.00d+0  -915.00d+0   775.00d+0   190.00d+0   425.00d+0     0.00d+0  2421.00d+0   441.00d+0   475.00d+0  1836.00d+0  1408.00d+0     0.00d+0
     0.00d+0     !Bkl de PPR78
   483.00d+0     0.00d+0
  1133.00d+0   232.00d+0     0.00d+0
  2344.00d+0   918.00d+0  -731.00d+0     0.00d+0
  -102.00d+0   316.00d+0   879.00d+0  1549.00d+0     0.00d+0
   -86.00d+0   247.00d+0  1026.00d+0   594.00d+0    20.00d+0     0.00d+0
   425.80d+0   169.52d+0   559.00d+0  1787.00d+0   488.00d+0   148.00d+0     0.00d+0
   122.00d+0   422.00d+0   -99.00d+0  -950.00d+0  1353.00d+0    38.00d+0    59.00d+0     0.00d+0
   122.00d+0   422.00d+0   -99.00d+0  -950.00d+0  1353.00d+0    38.00d+0    59.00d+0     0.00d+0     0.00d+0
   279.46d+0    82.69d+0  -265.00d+0  1754.00d+0    77.00d+0   224.00d+0   202.00d+0   278.00d+0   278.00d+0     0.00d+0
   675.00d+0  -931.00d+0  -150.00d+0  -319.00d+0   744.00d+0  -154.00d+0 -2300.00d+0  -835.00d+0  -835.00d+0 -2597.00d+0     0.00d+0
   784.00d+0   742.00d+0  2221.00d+0  1009.00d+0   566.00d+0   698.00d+0   470.00d+0  1858.00d+0  1295.00d+0   658.00d+0   239.00d+0     0.00d+0
   254.08d+0   591.05d+0  1520.83d+0  2251.61d+0   108.42d+0   247.48d+0  1429.68d+0  5515.10d+0  5513.48d+0  1593.00d+0   728.00d+0   645.22d+0     0.00d+0
   703.00d+0   403.00d+0   897.00d+0  -417.00d+0   842.00d+0   632.60d+0    38.00d+0   -25.00d+0   -25.00d+0   475.00d+0  -430.00d+0   587.00d+0  1603.00d+0     0.00d+0
  6146.00d+0  1828.00d+0  1500.00d+0  4500.00d+0  4359.70d+0     0.00d+0  1142.27d+0  3188.23d+0  3188.23d+0  1600.00d+0  -900.00d+0  2621.60d+0  5455.40d+0   455.00d+0     0.00d+0
 32624.00d+0 35338.00d+0  1654.00d+0     0.00d+0 13760.00d+0 15000.00d+0 18122.00d+0  1200.00d+0  -192.00d+0 37976.00d+0  -176.00d+0   810.00d+0 16000.00d+0  1746.00d+0  -331.00d+0     0.00d+0
   114.00d+0   229.00d+0   344.00d+0  -723.00d+0    88.00d+0    56.00d+0   274.00d+0   365.00d+0 11131.00d+0   153.00d+0 -2006.00d+0   336.00d+0   318.00d+0     0.00d+0     0.00d+0  4699.00d+0     0.00d+0
   415.00d+0    86.00d+0   463.00d+0  -829.00d+0   322.00d+0   147.00d+0   -22.00d+0   107.00d+0     0.00d+0  1325.00d+0     0.00d+0   613.00d+0   832.00d+0     0.00d+0     0.00d+0 15152.00d+0   107.00d+0     0.00d+0
   345.00d+0   795.00d+0  1255.00d+0     0.00d+0     0.00d+0     0.00d+0   -49.00d+0  -496.00d+0     0.00d+0  -435.00d+0     0.00d+0  -542.00d+0    89.00d+0     0.00d+0     0.00d+0     0.00d+0   190.00d+0   393.00d+0     0.00d+0
  1046.00d+0   -21.00d+0  3026.00d+0     0.00d+0     0.00d+0     0.00d+0    16.00d+0  -110.00d+0     0.00d+0   742.00d+0  -425.00d+0   275.00d+0     0.00d+0     0.00d+0     0.00d+0     0.00d+0   655.00d+0  -210.00d+0  -575.00d+0     0.00d+0
   925.00d+0   429.00d+0  2117.00d+0  5282.00d+0   271.00d+0   437.00d+0   510.00d+0  3500.00d+0  4300.00d+0   488.00d+0  -658.00d+0   782.00d+0   204.30d+0  2400.00d+0     0.00d+0  -402.00d+0   481.00d+0   939.00d+0  1670.00d+0  7043.00d+0     0.00d+0
